,0
0,6257658.751038052
1,6169451.793770786
2,5972301.2649820065
3,5972301.2649820065
4,5972301.2649820065
5,5818067.421491608
6,5801196.133251385
7,5685704.287981664
8,5570014.3214535685
9,5570014.3214535685
10,5517074.06391021
11,5517074.06391021
12,5462484.407627142
13,5425758.468249315
14,5396272.713519847
15,5262014.612448092
16,5262014.612448092
17,5178707.277026061
18,5163889.194089871
19,5100775.905899555
20,5100775.905899555
21,4979958.107519351
22,4979958.107519351
23,4979958.107519351
24,4979094.346026403
25,4964150.769152772
26,4955064.40718878
27,4810434.382106206
28,4804314.129625795
29,4804314.129625795
30,4662654.574243087
31,4600985.53958864
32,4600985.53958864
33,4591838.355383661
34,4569358.25337318
35,4497377.577869942
36,4497377.577869942
37,4430463.396396858
38,4364821.401814887
39,4364821.401814887
40,4300984.653315207
41,4300984.653315207
42,4273940.874275356
43,4180306.946382704
44,4180306.946382704
45,4180306.946382704
46,4180306.946382704
47,4114370.137957245
48,4058517.153865227
49,4057882.6414690767
50,4057882.6414690767
51,4051225.3573759333
52,4032934.934803282
53,3998896.3367250757
54,3952037.6086547878
55,3944673.894864768
56,3935449.6513018697
57,3857761.455120552
58,3857761.455120552
59,3811340.36108715
60,3811340.36108715
61,3793946.226777672
62,3793946.226777672
63,3793754.4802520857
64,3705032.4647439835
65,3705032.4647439835
66,3675093.531048073
67,3656942.5093755084
68,3656942.5093755084
69,3656942.5093755084
70,3656942.5093755084
71,3656942.5093755084
72,3592269.424395688
73,3583372.554340465
74,3581290.4953252636
75,3581290.4953252636
76,3581290.4953252636
77,3567304.66350835
78,3554721.1041893307
79,3531594.8708516876
80,3503290.160910705
81,3503290.160910705
82,3491132.197797494
83,3481849.2790722693
84,3481849.2790722693
85,3479379.6513177133
86,3479232.7078084126
87,3468594.3502011304
88,3450999.3593514003
89,3450999.3593514003
90,3448997.540667447
91,3448997.540667447
92,3448997.540667447
93,3447989.5043455097
94,3447286.2663278906
95,3447286.2663278906
96,3447012.054702653
97,3447012.054702653
98,3441890.7967783245
99,3439144.533454889
100,3439144.533454889
101,3439144.533454889
102,3439144.533454889
103,3439144.533454889
104,3432590.326317829
105,3432590.326317829
106,3429843.56767747
107,3429208.2119555487
108,3429208.2119555487
109,3429208.2119555487
110,3419630.5398710775
111,3419630.5398710775
112,3419630.5398710775
113,3419630.5398710775
114,3419630.5398710775
