,0
0,5615526.578386287
1,5461585.972131154
2,5382199.775033047
3,5215436.354055011
4,5158751.345092502
5,5011842.80084164
6,4793183.573044053
7,4701391.79514233
8,4661241.481739861
9,4549730.397054472
10,4323238.8490774315
11,4323238.8490774315
12,4323238.8490774315
13,4211446.279727916
14,3954778.471020361
15,3954778.471020361
16,3954778.471020361
17,3801120.3024834897
18,3801120.3024834897
19,3733466.666028993
20,3627277.260003859
21,3525238.781325513
22,3525238.781325513
23,3494608.6613139515
24,3408040.903982873
25,3328753.0349672856
26,3284616.94819043
27,3242275.9385596607
28,3181555.638178582
29,3132556.276667433
30,3082639.148126672
31,3012578.169711483
32,2975558.128727951
33,2970174.7914359025
34,2955030.242456222
35,2867942.225211236
36,2808665.342188476
37,2808665.342188476
38,2781637.65240554
39,2729730.382851828
40,2718619.8592451527
41,2703932.7753979266
42,2676002.2240808806
43,2624712.803991539
44,2615654.652647967
45,2598477.907275103
46,2561432.2322681905
47,2561432.2322681905
48,2527758.188875794
49,2526882.8857104955
50,2483615.837230204
51,2460220.222446235
52,2455001.8414552254
53,2442005.2462302926
54,2442005.2462302926
55,2418051.2563996757
56,2400667.0245861732
57,2397292.60646291
58,2373529.339307298
59,2373529.339307298
60,2353622.9847006565
61,2353622.9847006565
62,2344559.2548656347
63,2327654.3354886123
64,2315838.5317873107
65,2315838.5317873107
66,2309695.7600658434
67,2309676.3181157466
68,2295664.8588293083
69,2295664.8588293083
70,2293016.7234411393
71,2284508.830271775
72,2272607.7349246293
73,2272607.7349246293
74,2272607.7349246293
75,2266913.189833413
76,2266372.1043781843
77,2259821.5224458715
78,2259821.5224458715
79,2259821.5224458715
80,2256378.7928408636
81,2256378.7928408636
82,2256378.7928408636
83,2256378.7928408636
84,2255796.787891145
85,2249750.581852313
86,2249750.581852313
87,2247761.288704384
88,2247761.288704384
89,2247761.288704384
90,2245452.5944201006
91,2245452.5944201006
92,2245452.5944201006
93,2244625.5694061974
94,2241195.5467530955
95,2241195.5467530955
96,2241195.5467530955
97,2239341.480270571
98,2239341.480270571
99,2236463.0758188376
100,2235413.2788445335
101,2234690.5713758115
102,2234690.5713758115
103,2232637.720345039
104,2230850.7076629503
105,2230850.7076629503
106,2230604.3191198064
107,2230604.3191198064
108,2230604.3191198064
109,2230604.3191198064
110,2229540.840666661
111,2227101.80263926
112,2225794.689782557
113,2225794.689782557
114,2223424.09847271
115,2223036.66340845
116,2222787.5067418357
117,2222787.5067418357
118,2222787.5067418357
119,2222787.5067418357
120,2220129.59376321
121,2220129.59376321
122,2220129.59376321
123,2220129.59376321
124,2220129.59376321
