,0
0,4904130.365614941
1,4755405.387425168
2,4572540.904959044
3,4562543.613102233
4,4379382.259709456
5,4171989.1874907752
6,4171989.1874907752
7,4171989.1874907752
8,4115972.839271369
9,3983514.1070034816
10,3873132.326611428
11,3843154.1927118604
12,3822151.633847504
13,3772545.716472887
14,3616402.340997482
15,3404493.136500885
16,3404493.136500885
17,3399161.4384808457
18,3334473.3331074957
19,3326013.3924531215
20,3141817.506654062
21,3021743.006002377
22,3021743.006002377
23,3021743.006002377
24,3021743.006002377
25,2976075.758196211
26,2976075.758196211
27,2925590.7874239967
28,2904599.347215825
29,2845337.949036559
30,2819765.6299378225
31,2801304.9809200647
32,2776720.3508713315
33,2734318.0078665195
34,2689246.110092861
35,2623426.2794697867
36,2606729.661962857
37,2590977.990791621
38,2590977.990791621
39,2570351.5307906787
40,2559046.349461056
41,2517336.0487527377
42,2517336.0487527377
43,2488034.898874095
44,2460259.699396584
45,2428968.5172615186
46,2428968.5172615186
47,2428968.5172615186
48,2405720.9350974937
49,2389460.9096372793
50,2368744.5332144173
51,2368744.5332144173
52,2360280.1561379465
53,2343663.281250463
54,2343663.281250463
55,2329629.081772899
56,2325109.944132039
57,2312876.741513464
58,2306391.580913874
59,2305228.099615143
60,2301267.6928641647
61,2292045.620551334
62,2284229.759762024
63,2282027.186122127
64,2275856.6224098736
65,2275856.6224098736
66,2270791.2420413634
67,2269444.1255497057
68,2265119.6493100193
69,2265119.6493100193
70,2265119.6493100193
71,2264041.7859107107
72,2263451.7375670816
73,2263259.5954232397
74,2263259.5954232397
75,2263259.5954232397
76,2263259.5954232397
77,2263259.5954232397
