,0
0,5692191.449733531
1,5623564.375823666
2,5384717.429549064
3,5282268.167043591
4,5171819.335266755
5,4983267.851041972
6,4983267.851041972
7,4773975.232928025
8,4761321.5240238495
9,4381262.519143988
10,4381262.519143988
11,4381262.519143988
12,4279810.056154699
13,4197564.164134775
14,4084725.0930573214
15,3914296.303158145
16,3914296.303158145
17,3846012.298293908
18,3833053.42228278
19,3695328.4794126824
20,3695328.4794126824
21,3478604.6048171404
22,3478604.6048171404
23,3478604.6048171404
24,3354657.8606913057
25,3340687.7235498712
26,3318823.7294783266
27,3205769.857255936
28,3129973.5566392955
29,3129973.5566392955
30,3129973.5566392955
31,3109731.0220278697
32,3045817.8267684476
33,2997117.528020987
34,2993109.766284258
35,2930698.6476619095
36,2836543.464636218
37,2836543.464636218
38,2836543.464636218
39,2818138.7927097096
40,2817416.05186202
41,2763091.904058532
42,2763091.904058532
43,2717675.7955715787
44,2714981.0068795015
45,2689287.593608253
46,2682372.1727621653
47,2675858.2856027824
48,2622112.8039818103
49,2622112.8039818103
50,2618802.5010081944
51,2605576.7058495865
52,2597212.0914310506
53,2579022.7580187903
54,2577079.199884793
55,2568360.535279482
56,2562117.480357531
57,2537373.346875471
58,2531574.516063026
59,2522669.489108374
60,2520724.255673456
61,2512661.0333034014
62,2509842.701950189
63,2493711.1351315915
64,2487129.75521376
65,2485073.566269952
66,2477991.997937794
67,2477991.997937794
68,2473247.845369691
69,2464146.043581015
70,2464146.043581015
71,2454460.403494709
72,2451696.0690201987
73,2445512.9365937235
74,2445299.716281373
75,2439918.2850127383
76,2436356.9857828724
77,2435707.538433449
78,2435707.538433449
79,2426397.834986958
80,2426397.834986958
81,2426397.834986958
82,2426397.834986958
83,2422458.3071703333
84,2421240.3000900773
85,2420431.6707210205
86,2416711.6995627102
87,2415971.280937006
88,2415264.8948946944
89,2414910.9741226127
90,2414413.42540677
91,2409169.4223564626
92,2409169.4223564626
93,2409169.4223564626
94,2406442.046616856
95,2402727.3617109437
96,2402029.427225221
97,2402029.427225221
98,2402029.427225221
99,2402029.427225221
100,2402029.427225221
101,2401645.363612683
102,2397531.2050443427
103,2397531.2050443427
104,2396470.898229949
105,2396470.898229949
106,2395574.9847974954
107,2395159.8589344863
108,2395159.8589344863
109,2394453.4728921745
110,2394453.4728921745
111,2394453.4728921745
112,2394453.4728921745
113,2394453.4728921745
114,2394163.829738482
115,2394163.829738482
116,2394163.829738482
117,2394163.829738482
118,2394163.829738482
119,2393952.2554688063
120,2393952.2554688063
121,2393952.2554688063
122,2393952.2554688063
123,2393952.2554688063
