,0
0,4465630.9559388
1,4408272.67361393
2,4297277.356347935
3,4283360.99366421
4,4145872.146779467
5,3980914.0548747606
6,3909236.2868948067
7,3909236.2868948067
8,3752393.3707133033
9,3751507.5645620916
10,3653151.119170489
11,3602822.025274019
12,3563443.091056875
13,3388675.731513803
14,3282747.0375103247
15,3282747.0375103247
16,3242268.7831471325
17,3184347.740118123
18,3109026.527036871
19,3087273.713958737
20,2988594.8854638273
21,2901265.763189094
22,2885913.614574532
23,2847524.33908435
24,2795109.3994652573
25,2743467.8427346866
26,2602548.17155147
27,2602548.17155147
28,2602548.17155147
29,2549503.246365505
30,2502393.8841575026
31,2430526.810002946
32,2430526.810002946
33,2410938.0088930936
34,2303932.9334886163
35,2303932.9334886163
36,2303932.9334886163
37,2265424.4398037214
38,2221413.368704895
39,2209846.9446512396
40,2200141.8868793724
41,2192030.0165509344
42,2108904.936900459
43,2108904.936900459
44,2108904.936900459
45,2089903.1412942924
46,2057857.6133494424
47,2035691.3852779316
48,2004360.1762476836
49,2004360.1762476836
50,1997167.1705144346
51,1984925.3417107186
52,1958250.6822777835
53,1950078.394852621
54,1948357.8141176957
55,1939654.8644127236
56,1935857.550229351
57,1923442.9525748952
58,1918179.7143525728
59,1918179.7143525728
60,1901050.8356975622
61,1901050.8356975622
62,1901050.8356975622
63,1895087.9737711148
64,1889885.2110151502
65,1884616.593956165
66,1883437.942023716
67,1875156.6048808906
68,1866922.532240298
69,1863767.0974537437
70,1863767.0974537437
71,1863327.0868505533
72,1860680.1410624383
73,1855924.9477388312
74,1855924.9477388312
75,1853365.404487009
76,1852828.5363132975
77,1852828.5363132975
78,1852007.9442047074
79,1851361.4012459482
80,1850540.809137358
81,1849861.0091836953
82,1849105.9527564489
83,1847630.1109872963
84,1846918.0323471937
85,1846918.0323471937
86,1846054.4624514598
87,1846054.4624514598
88,1845342.383811357
89,1845020.4170889235
90,1845020.4170889235
91,1841173.1030331294
92,1841173.1030331294
93,1841173.1030331294
94,1841173.1030331294
95,1840851.136310696
96,1840851.136310696
97,1840851.136310696
98,1840851.136310696
99,1840851.136310696
100,1837288.361898604
101,1837288.361898604
102,1837288.361898604
103,1837288.361898604
104,1837288.361898604
