,0
0,5755442.2487405855
1,5639392.971468926
2,5460117.159708329
3,5364034.832941366
4,5115393.46909991
5,4951343.594328852
6,4903181.725655616
7,4899403.8438989
8,4727418.038174699
9,4702549.111979759
10,4591131.704678648
11,4489782.836145025
12,4219723.1546287285
13,4166834.6117902775
14,4073474.4957076176
15,4026717.571877904
16,4026717.571877904
17,3894477.3402149836
18,3873495.3556169644
19,3730653.942829639
20,3703837.34097817
21,3588661.561102948
22,3588661.561102948
23,3480912.6006189105
24,3399689.447809794
25,3376530.228456384
26,3303438.994349037
27,3225228.890682817
28,3196447.3383941827
29,3054148.484171444
30,3040940.5447525135
31,3040940.5447525135
32,3022464.456224177
33,2949941.4903827
34,2903271.9505950306
35,2902857.6938033905
36,2837508.957295754
37,2802369.174956311
38,2798358.9588623424
39,2747910.2033010563
40,2714553.9745370746
41,2708683.8395650843
42,2666997.850208739
43,2666887.4052781626
44,2656540.6367866243
45,2636239.2796937856
46,2611920.8082251363
47,2572771.8342443183
48,2559327.1642848053
49,2559327.1642848053
50,2559327.1642848053
51,2534370.50427267
52,2518892.5826153923
53,2513577.370777644
54,2495475.595997325
55,2478546.017144668
56,2438644.799537275
57,2438644.799537275
58,2438644.799537275
59,2434517.9031395493
60,2434517.9031395493
61,2431408.7187324623
62,2406082.5629712767
63,2406082.5629712767
64,2395385.40322399
65,2395385.40322399
66,2394517.1406266787
67,2385134.7173661366
68,2373636.961028567
69,2363887.2145175836
70,2363887.2145175836
71,2363887.2145175836
72,2363679.250835566
73,2362673.0315617383
74,2358814.5869046664
75,2358814.5869046664
76,2358814.5869046664
77,2356359.6747723087
78,2351728.2749857404
79,2351728.2749857404
80,2348847.437550785
81,2346011.3892890224
82,2343255.5137711456
83,2342844.0997231933
84,2342844.0997231933
85,2337804.5980586335
86,2337804.5980586335
87,2337755.2224602513
88,2337755.2224602513
89,2336871.9854380735
90,2335475.6621051924
91,2335475.6621051924
92,2334134.5305671017
93,2334134.5305671017
94,2333621.444256399
95,2333621.444256399
96,2332688.831635839
97,2331716.4390917365
98,2331347.4739737697
99,2331347.4739737697
100,2331300.81840281
101,2331300.81840281
102,2331300.81840281
103,2331300.81840281
104,2331300.81840281
105,2330931.8532848433
106,2330882.477686461
107,2330882.477686461
108,2330882.477686461
109,2330882.477686461
110,2330882.477686461
