,0
0,6103767.928223221
1,6103767.928223221
2,6103767.928223221
3,5993327.3697934365
4,5993327.3697934365
5,5935763.899288884
6,5788340.065069665
7,5788340.065069665
8,5667285.136860298
9,5667285.136860298
10,5667285.136860298
11,5595400.97955643
12,5487036.8590318
13,5336062.2425767705
14,5336062.2425767705
15,5336062.2425767705
16,5331588.78392956
17,5227839.689085831
18,5166775.587971974
19,5145277.501262732
20,5116075.625176357
21,5008360.7881347025
22,4997984.730915063
23,4903512.55982865
24,4898968.873875723
25,4891698.537251373
26,4877533.753543156
27,4779500.456577503
28,4578106.830534981
29,4578106.830534981
30,4578106.830534981
31,4502214.2208506195
32,4502214.2208506195
33,4487538.63429839
34,4443771.552576483
35,4409874.115972459
36,4282574.554471168
37,4281159.814077073
38,4194012.237238352
39,4124080.912419707
40,4124080.912419707
41,4124080.912419707
42,4103472.7063106704
43,4079186.971492668
44,4071210.7319344613
45,3944116.86857021
46,3944116.86857021
47,3944116.86857021
48,3858967.3411538685
49,3858967.3411538685
50,3830004.074922762
51,3830004.074922762
52,3813666.794174642
53,3813666.794174642
54,3774635.2226209743
55,3769830.0266485987
56,3699628.6670319093
57,3697573.7639747807
58,3673548.259408678
59,3673548.259408678
60,3634870.548404393
61,3622566.036581493
62,3551776.4036993994
63,3544464.205549633
64,3537001.695842501
65,3537001.695842501
66,3512372.5806253715
67,3471457.8018354685
68,3435573.10282995
69,3435573.10282995
70,3435573.10282995
71,3425942.1192047372
72,3414960.6028486304
73,3410920.5370046366
74,3379433.109984794
75,3379433.109984794
76,3369314.8488783934
77,3365752.105429905
78,3339686.862607205
79,3339686.862607205
80,3329057.5871645175
81,3315852.312649824
82,3309590.6995010152
83,3300599.292373773
84,3295539.1412048545
85,3275240.1969058304
86,3267722.9150451897
87,3267722.9150451897
88,3261965.1581036793
89,3250764.365051502
90,3250764.365051502
91,3247903.9698201204
92,3247903.9698201204
93,3232874.478154421
94,3232874.478154421
95,3227593.352138059
96,3225129.857845961
97,3219203.008679073
98,3218990.2089791275
99,3218987.4907795456
100,3218987.4907795456
101,3211622.5122516654
102,3211622.5122516654
103,3211622.5122516654
104,3210382.20828761
105,3210382.20828761
106,3204417.98247605
107,3203216.786794251
108,3203216.786794251
109,3203216.786794251
110,3202703.086838933
111,3202703.086838933
112,3202703.086838933
113,3202703.086838933
114,3202613.3791182786
115,3189727.091385116
116,3189727.091385116
117,3189727.091385116
118,3189727.091385116
119,3189727.091385116
