,0
0,5796930.618982085
1,5536810.909855845
2,5488777.107018937
3,5442939.096331075
4,5349961.021456179
5,4928385.656803978
6,4922588.12328415
7,4922588.12328415
8,4802475.916661382
9,4802475.916661382
10,4434374.149235095
11,4434374.149235095
12,4272361.856498592
13,4006218.152561715
14,4006218.152561715
15,4006218.152561715
16,3955265.997413022
17,3868560.6215601987
18,3868560.6215601987
19,3638014.854269409
20,3638014.854269409
21,3638014.854269409
22,3549223.2686341084
23,3512799.8288959335
24,3480586.3224030235
25,3361680.285312872
26,3227441.964789606
27,3227441.964789606
28,3227441.964789606
29,3035530.485953269
30,3035530.485953269
31,3035530.485953269
32,2980260.299533838
33,2952683.912840677
34,2874655.860602382
35,2824934.5469828863
36,2798393.450399677
37,2743618.7733238153
38,2743618.7733238153
39,2718636.2271443093
40,2650939.7777947537
41,2650939.7777947537
42,2588603.2451300956
43,2588603.2451300956
44,2546910.9388317624
45,2530234.099489119
46,2521964.098948842
47,2518203.1128021292
48,2512490.504185404
49,2486507.512552922
50,2463713.9279883886
51,2437978.0587976514
52,2426341.127443746
53,2404220.328257842
54,2382118.873572508
55,2382118.873572508
56,2376704.932449531
57,2365287.1912314384
58,2354892.983596703
59,2338161.678383447
60,2332697.6522632176
61,2314253.8914844138
62,2310212.0250956737
63,2310212.0250956737
64,2289257.5383262476
65,2289257.5383262476
66,2289257.5383262476
67,2284334.5089431945
68,2284334.5089431945
69,2284287.2145597916
70,2284202.9681206895
71,2275613.919732585
72,2274309.2850519717
73,2267300.1400816767
74,2267300.1400816767
75,2265434.070217731
76,2260331.7158446955
77,2252801.2252134793
78,2252801.2252134793
79,2252801.2252134793
80,2252801.2252134793
81,2252801.2252134793
