,0
0,6803579.666938008
1,6803579.666938008
2,6698014.847495345
3,6604384.189537026
4,6467466.423959715
5,6323686.838007579
6,6181585.039542567
7,6181585.039542567
8,6124423.468344277
9,5922049.185534303
10,5922049.185534303
11,5841879.031261083
12,5841879.031261083
13,5730145.676120292
14,5492666.211742006
15,5452334.868758684
16,5404896.251665761
17,5263273.186834662
18,5182886.664260638
19,5161852.993504325
20,5105178.902902148
21,5010151.457095471
22,4868144.938795814
23,4783790.069871028
24,4760711.694224283
25,4583826.833454167
26,4563891.980233309
27,4563891.980233309
28,4512992.909903114
29,4512992.909903114
30,4429336.582660608
31,4384206.876895247
32,4326057.620722889
33,4304222.155467076
34,4247667.0279814415
35,4166729.8861585557
36,4137015.5423527416
37,4137015.5423527416
38,4013515.549251881
39,3988244.1787446486
40,3988244.1787446486
41,3981931.5983892134
42,3964474.3903937605
43,3941985.228348577
44,3925070.781872265
45,3899551.050292234
46,3896105.4535617097
47,3848500.283701425
48,3848500.283701425
49,3835820.112546419
50,3807865.8697541654
51,3769517.6111172116
52,3766554.233138301
53,3757253.6602167343
54,3754326.789995473
55,3742692.8210915294
56,3734266.497556593
57,3717096.3075999054
58,3706743.9102170304
59,3687892.6145212273
60,3687892.6145212273
61,3683879.5962983067
62,3679721.484240802
63,3674362.365234004
64,3668202.7194674932
65,3659254.759480588
66,3658229.8079417585
67,3651944.1880385038
68,3644913.636538406
69,3644913.636538406
70,3644913.636538406
71,3641557.2097229348
72,3633992.1901999875
73,3633992.1901999875
74,3633992.1901999875
75,3633405.6191941076
76,3629394.779124112
77,3629394.779124112
78,3629140.854689599
79,3627937.8201529207
80,3627937.8201529207
81,3626202.876678606
82,3626202.876678606
83,3626107.4513531122
84,3625946.3783016163
85,3625729.6781447837
86,3625729.6781447837
87,3624491.018154279
88,3624019.4350755583
89,3624019.4350755583
90,3624019.4350755583
91,3624019.4350755583
92,3623981.288484504
93,3623981.288484504
94,3623981.288484504
95,3623981.288484504
96,3623939.752921621
97,3623939.752921621
98,3623939.752921621
99,3623939.752921621
100,3623939.752921621
