,0
0,5514147.570341786
1,5369340.550994734
2,5369340.550994734
3,5314707.310749776
4,5224218.022890346
5,5087453.444819159
6,4977723.761243273
7,4927294.13678015
8,4830789.271840794
9,4576719.71714259
10,4576719.71714259
11,4493843.815263122
12,4475185.5392339565
13,4267379.373892066
14,4132082.8081292664
15,4132082.8081292664
16,4043279.627670362
17,4037639.569912833
18,3948831.8066146565
19,3796237.9883812666
20,3796237.9883812666
21,3709638.8210346624
22,3656517.4847986414
23,3654737.599206421
24,3585993.319399618
25,3534103.789583803
26,3446395.1224621446
27,3438121.222642386
28,3438121.222642386
29,3338557.741324046
30,3285537.616354163
31,3248035.0836934345
32,3142954.134368659
33,3142954.134368659
34,3112029.855374759
35,3088690.416038537
36,3065865.68899964
37,3009280.4261127226
38,2983754.1240545665
39,2931125.139060523
40,2907292.170170703
41,2906554.540452011
42,2834787.7507637707
43,2834787.7507637707
44,2813526.7418691833
45,2763556.0432841964
46,2752801.8431197023
47,2727639.570972451
48,2694210.1316464324
49,2694210.1316464324
50,2668890.03320425
51,2629825.0397503693
52,2615384.428830434
53,2608949.219625857
54,2574883.0257322304
55,2574883.0257322304
56,2573294.210246404
57,2560109.8270632867
58,2546303.2384023024
59,2522994.559210555
60,2519310.42527066
61,2519310.42527066
62,2516307.273290534
63,2508253.2697503837
64,2494126.7430791454
65,2494126.7430791454
66,2494126.7430791454
67,2486905.579833004
68,2486905.579833004
69,2481455.7206215207
70,2481371.0360552454
71,2477273.4464763603
72,2476268.5078490656
73,2471930.457875655
74,2468443.146967018
75,2467991.488417466
76,2463675.1790267406
77,2463675.1790267406
78,2459620.877433451
79,2459620.877433451
80,2459620.877433451
81,2459275.732788767
82,2456149.6716588777
83,2456149.6716588777
84,2456149.6716588777
85,2456149.6716588777
86,2456149.6716588777
