,0
0,6914888.820810897
1,6906497.198707158
2,6797227.671221501
3,6595399.9468746735
4,6517793.967359459
5,6490849.6752810925
6,6317150.76375042
7,6157915.672757073
8,6157915.672757073
9,6090978.9154590545
10,5899730.353926335
11,5780018.254967643
12,5780018.254967643
13,5739544.549558666
14,5593704.8777855085
15,5511801.607593535
16,5430731.194227729
17,5412680.087967348
18,5325376.5156308515
19,5268790.616414028
20,5178633.875263451
21,5022344.889956619
22,5013176.81713409
23,4995337.941909178
24,4960430.395133219
25,4960430.395133219
26,4828691.655321843
27,4811382.111855213
28,4729909.707810392
29,4701215.338565483
30,4643897.599288895
31,4526867.6168019455
32,4503199.260427245
33,4411346.636691506
34,4411346.636691506
35,4322479.671512192
36,4298234.339120776
37,4263857.712304663
38,4208781.900961558
39,4198039.828312971
40,4182405.480670536
41,4148240.843819293
42,4128730.0905191926
43,4092573.677501111
44,4058246.28559719
45,3992757.1297029867
46,3992757.1297029867
47,3992757.1297029867
48,3979489.9138121703
49,3940301.85814422
50,3937741.521383043
51,3909848.0483963205
52,3897161.129751342
53,3875200.1532268343
54,3848094.837684726
55,3848094.837684726
56,3841752.412345188
57,3810711.040516021
58,3808231.5076986942
59,3791852.3371920604
60,3791100.3276127866
61,3748342.605280839
62,3748342.605280839
63,3748342.605280839
64,3747777.4064482097
65,3730984.785935392
66,3730984.785935392
67,3730984.785935392
68,3726141.9441069327
69,3720774.3589347703
70,3714523.405338505
71,3714523.405338505
72,3710735.085319922
73,3710109.734015876
74,3700292.5341388746
75,3700292.5341388746
76,3700292.5341388746
77,3697378.6507244874
78,3695366.2836401663
79,3693365.5628648447
80,3693365.5628648447
81,3690659.448864422
82,3690659.448864422
83,3690659.448864422
84,3688252.122141257
85,3688252.122141257
86,3688252.122141257
87,3687449.820708325
88,3686598.0691104103
89,3686504.0511237653
90,3686504.0511237653
91,3685706.369292941
92,3685706.369292941
93,3685706.369292941
94,3685706.369292941
95,3685706.369292941
