,0
0,6182769.540404741
1,5991819.555161854
2,5991819.555161854
3,5991819.555161854
4,5761424.2905731
5,5761424.2905731
6,5723795.835329517
7,5655905.436380866
8,5655905.436380866
9,5637315.482995626
10,5585240.102735197
11,5585240.102735197
12,5581718.515709178
13,5485681.647148461
14,5366921.384487775
15,5298980.919408455
16,5196485.110473493
17,5196485.110473493
18,5196485.110473493
19,5196485.110473493
20,5117981.650710896
21,5015518.359945961
22,5015518.359945961
23,4969832.896345674
24,4923859.792741099
25,4791315.896443506
26,4791315.896443506
27,4757512.733566989
28,4748180.97867248
29,4748180.97867248
30,4729238.023334907
31,4650589.890983852
32,4636563.587574749
33,4586180.470644607
34,4572606.180981564
35,4498027.86472277
36,4459081.334964458
37,4455361.142026476
38,4345217.699930923
39,4284018.016082153
40,4284018.016082153
41,4157234.613028862
42,4157234.613028862
43,4118009.4556282605
44,4034905.0033614486
45,4034905.0033614486
46,4034905.0033614486
47,4034905.0033614486
48,4010691.601431009
49,3973054.509543344
50,3942584.1179862404
51,3869747.1898073563
52,3867621.464944671
53,3867049.4971762476
54,3802442.471737135
55,3802442.471737135
56,3729519.308813115
57,3712498.646793629
58,3712498.646793629
59,3679832.174728815
60,3669493.6595148076
61,3664410.4961027675
62,3654334.634795823
63,3607681.5569403325
64,3597708.481819889
65,3574979.9086939017
66,3564774.7752493555
67,3546280.8174051065
68,3504109.9539675787
69,3504109.9539675787
70,3477919.862020583
71,3477919.862020583
72,3436539.874111516
73,3427743.236729664
74,3427743.236729664
75,3405848.7698451164
76,3405848.7698451164
77,3405848.7698451164
78,3339169.098752281
79,3339169.098752281
80,3339169.098752281
81,3339169.098752281
82,3327329.8934757896
83,3312520.1578407884
84,3290340.7387334527
85,3290340.7387334527
86,3273171.070495672
87,3263350.9989491007
88,3247236.1907168836
89,3235303.663143474
90,3222269.17999275
91,3222269.17999275
92,3222269.17999275
93,3201070.298933127
94,3182162.0998775973
95,3178710.678205917
96,3178710.678205917
97,3172008.155792088
98,3153223.1999424445
99,3153223.1999424445
100,3153223.1999424445
101,3140429.949086575
102,3140429.949086575
103,3128186.6346153137
104,3123342.0634866687
105,3121838.9469331536
106,3121274.384131327
107,3108047.101419675
108,3106100.3144626617
109,3098731.633787822
110,3093919.234011664
111,3093919.234011664
112,3093919.234011664
113,3092150.890092922
114,3089629.2894748216
115,3087830.5897742496
116,3085067.0804899074
117,3085067.0804899074
118,3082928.496454468
119,3081734.0853184504
120,3081734.0853184504
121,3079393.226789495
122,3078111.379151375
123,3077024.075563948
124,3077024.075563948
125,3077024.075563948
126,3077024.075563948
127,3077024.075563948
