,0
0,4470824.607247625
1,4101955.8446922046
2,4101955.8446922046
3,4101955.8446922046
4,3836776.2161741294
5,3836776.2161741294
6,3830906.712529656
7,3737934.2835626653
8,3737934.2835626653
9,3572136.5582737
10,3562074.524981126
11,3455364.4426524644
12,3374875.2352298144
13,3349299.2655951804
14,3261596.2802942954
15,3214185.855620844
16,3174559.520345953
17,2954197.973145805
18,2954197.973145805
19,2853857.733523747
20,2844230.576555969
21,2716234.7538359086
22,2716234.7538359086
23,2682137.753839897
24,2610951.116031383
25,2539695.5351903085
26,2410595.5851841797
27,2410595.5851841797
28,2340626.862964787
29,2293810.720032874
30,2293810.720032874
31,2223108.7027962822
32,2223108.7027962822
33,2123875.093453517
34,2094802.7443938844
35,2094802.7443938844
36,1993438.4399722836
37,1979169.3073233839
38,1979169.3073233839
39,1943606.3815524827
40,1907978.4208496525
41,1872526.786859566
42,1868245.114289176
43,1858627.340874607
44,1827883.428745741
45,1813814.6842596743
46,1773577.9988382857
47,1758558.3523732768
48,1752315.2714733318
49,1731444.611148274
50,1722734.4538493021
51,1719814.5445664143
52,1699026.8704647375
53,1695052.1342038955
54,1690245.464048445
55,1687719.8260280215
56,1669427.6123666316
57,1668612.448166252
58,1663546.3725475061
59,1650145.6790694017
60,1643454.331524344
61,1637646.7403626596
62,1637646.7403626596
63,1634363.1072017574
64,1626434.945383251
65,1625361.3143857124
66,1623658.4754746887
67,1618531.8931500576
68,1618019.5324724766
69,1609097.6358567402
70,1608018.3432220153
71,1602135.449228897
72,1600433.6601328074
73,1592341.5498551226
74,1591102.0200058657
75,1588902.5084788443
76,1587766.705499761
77,1586679.3241107867
78,1586679.3241107867
79,1586023.7197820642
80,1584408.2432356526
81,1583068.853161284
82,1583068.853161284
83,1581721.5287451646
84,1580900.0670944345
85,1577587.5589278084
86,1576240.234511689
87,1575817.1387914978
88,1575523.106753632
89,1575523.106753632
90,1575523.106753632
91,1575523.106753632
92,1575523.106753632
93,1575449.2765830287
94,1574732.063189145
95,1574438.031151279
96,1574438.031151279
97,1574438.031151279
98,1574070.1689428103
99,1574070.1689428103
100,1574070.1689428103
101,1574070.1689428103
102,1574070.1689428103
103,1573551.73943262
104,1573551.73943262
105,1573551.73943262
106,1573551.73943262
107,1573551.73943262
