,0
0,4883570.130449263
1,4787517.5443858495
2,4677666.48470573
3,4564436.805298134
4,4564436.805298134
5,4388877.968608189
6,4241873.922321994
7,4189312.0691108536
8,4108403.6953136516
9,4008446.3443544563
10,3918956.1172203934
11,3820832.679962094
12,3795147.3290710957
13,3758273.249185211
14,3704115.73373721
15,3556697.7358853556
16,3494257.865198992
17,3369649.0233335276
18,3258003.178292419
19,3193158.8619154487
20,3193158.8619154487
21,3177268.628916314
22,3133557.6094056354
23,3133557.6094056354
24,3037520.2680202597
25,2993122.5639207307
26,2901917.762218878
27,2901917.762218878
28,2866403.2822488197
29,2834563.27395317
30,2782225.6780010806
31,2755837.7617314267
32,2720146.192235514
33,2720146.192235514
34,2704517.238502333
35,2660920.9969936544
36,2629878.5426608543
37,2551161.2975391666
38,2539139.248584303
39,2539139.248584303
40,2539139.248584303
41,2523237.0764361466
42,2494899.2830780586
43,2484040.925995507
44,2433993.8245250313
45,2433993.8245250313
46,2433993.8245250313
47,2433838.7534263358
48,2418030.0529979235
49,2412516.389103282
50,2397782.5759856147
51,2391837.776658334
52,2370917.1745354263
53,2370917.1745354263
54,2359584.025108976
55,2359584.025108976
56,2350958.3093750463
57,2344065.393100219
58,2329410.2477601646
59,2329410.2477601646
60,2328324.6334249177
61,2324607.5504345833
62,2320504.3149683787
63,2316772.747111967
64,2316722.525450262
65,2308311.2051210343
66,2304023.491066026
67,2302707.9224104853
68,2302483.8094025254
69,2297283.902574393
70,2290201.688537485
71,2282508.3323935643
72,2278258.0778130144
73,2269510.361154126
74,2269510.361154126
75,2268887.680540123
76,2268887.680540123
77,2259791.90383529
78,2259791.90383529
79,2255720.934463963
80,2253451.9656307176
81,2253451.9656307176
82,2253451.9656307176
83,2253451.9656307176
84,2253451.9656307176
