,0
0,4748951.136268292
1,4741435.905744641
2,4578436.989993919
3,4578436.989993919
4,4572853.00942039
5,4289279.196239779
6,4260857.890864815
7,4103171.087856885
8,4093926.1481703497
9,3989498.22192011
10,3868664.955923158
11,3671276.993491099
12,3651885.445189572
13,3543523.946489878
14,3478721.13863996
15,3341945.1137135928
16,3341945.1137135928
17,3300480.447488921
18,3134443.323650101
19,3134443.323650101
20,3133833.1534169307
21,2966010.478178806
22,2966010.478178806
23,2966010.478178806
24,2960583.901973822
25,2909168.957199103
26,2846465.994329997
27,2814911.148443804
28,2709435.5771188163
29,2709435.5771188163
30,2668371.0851281066
31,2608546.118486849
32,2530625.0694893794
33,2530625.0694893794
34,2498928.986452799
35,2498928.986452799
36,2482509.2269907207
37,2451924.0479599317
38,2434786.739198425
39,2402555.7425165037
40,2380099.1607525074
41,2311814.1029061377
42,2311814.1029061377
43,2270971.0549416807
44,2250724.84771476
45,2234446.8069450282
46,2234446.8069450282
47,2234446.8069450282
48,2207174.0831470033
49,2199804.309950583
50,2196005.2727581477
51,2175160.6627730504
52,2158270.8120120303
53,2144769.182731477
54,2133389.5531982034
55,2121651.2929610847
56,2113439.7431309684
57,2085829.4761252638
58,2085829.4761252638
59,2085829.4761252638
60,2082334.926042982
61,2074687.8026345724
62,2067788.0115911418
63,2057209.7540827102
64,2057143.5363514032
65,2051229.4650393238
66,2038458.5160607018
67,2023286.0342556778
68,2023286.0342556778
69,2023286.0342556778
70,2012292.299810941
71,2012292.299810941
72,2011172.4191868044
73,2006813.4376950352
74,2004445.1904402801
75,2003810.1618478775
76,2002667.281357275
77,2001079.9025367228
78,2000286.386010392
79,2000286.386010392
80,2000093.2304065328
81,1997672.7358739993
82,1997672.7358739993
83,1996151.9454786582
84,1996101.8209245356
85,1995315.5439034572
86,1993023.6166052031
87,1992046.2655382142
88,1992046.2655382142
89,1991461.9584948
90,1990961.8567671275
91,1990683.851617866
92,1990532.9131857203
93,1990282.1706040932
94,1990097.0077263054
95,1989687.939676044
96,1989475.5784547622
97,1989290.4155769744
98,1989174.647094872
99,1988848.4834609455
100,1988240.4204931941
101,1988216.29649041
102,1981221.4692885855
103,1981063.8796393818
104,1980263.1186841233
105,1980263.1186841233
106,1980077.9558063354
107,1980077.9558063354
108,1980077.9558063354
109,1980077.9558063354
110,1980077.9558063354
