,0
0,4453272.269320204
1,4422859.685841437
2,4316242.903403638
3,4316242.903403638
4,4205989.78508099
5,4116006.297553772
6,3879755.4658839526
7,3761447.0736910724
8,3747935.6207915926
9,3641545.549209923
10,3640222.430571875
11,3567011.2092924225
12,3534441.1555947973
13,3492685.286155783
14,3256297.1569376905
15,3256297.1569376905
16,3171807.46306733
17,3171799.633517594
18,3117549.7429209687
19,3014624.334994469
20,2948694.4816455888
21,2881279.754873948
22,2822954.729397769
23,2822954.729397769
24,2734734.9308767114
25,2723116.3582179137
26,2652090.845253638
27,2584631.0746009685
28,2584631.0746009685
29,2532817.8290273543
30,2512774.205487106
31,2497494.6355354935
32,2458013.8401701776
33,2382100.257647776
34,2357834.7830121927
35,2321402.296004
36,2321402.296004
37,2306252.616736049
38,2262107.510683503
39,2223710.3879997153
40,2218022.6716707293
41,2153047.4185911156
42,2153047.4185911156
43,2153047.4185911156
44,2133924.3225341705
45,2110888.2333611674
46,2099033.7693286366
47,2095789.9905470067
48,2071807.764536885
49,2062183.0468228508
50,2052560.8803273342
51,2037298.4251094244
52,2028803.7047408912
53,2003612.082663226
54,1987933.0519498733
55,1987917.1898535544
56,1986674.2412983573
57,1971554.19893481
58,1962461.1549842292
59,1962461.1549842292
60,1954720.4111904937
61,1941319.9563794332
62,1934707.6382869126
63,1934707.6382869126
64,1923387.3566796817
65,1922738.4372695137
66,1907259.2509991222
67,1907259.2509991222
68,1901936.692190373
69,1896204.5723308262
70,1896204.5723308262
71,1895849.146662509
72,1892123.283462426
73,1880384.5644912594
74,1878709.9618551405
75,1878709.9618551405
76,1876391.5465808213
77,1874341.7474913085
78,1871985.9647136102
79,1870789.6424350617
80,1869080.0284182252
81,1859399.0644070082
82,1855514.845670464
83,1853124.3693812955
84,1853124.3693812955
85,1852663.1667540302
86,1852663.1667540302
87,1843341.9618524122
88,1843341.9618524122
89,1843341.9618524122
90,1843341.9618524122
91,1843341.9618524122
