,0
0,4885402.303354003
1,4848659.004754895
2,4810708.844940451
3,4591619.497206464
4,4474957.578007848
5,4372950.528615646
6,4274820.781680745
7,4225268.931067091
8,4067788.994584033
9,4067788.994584033
10,3979787.5472123763
11,3832371.0403283094
12,3784360.137192892
13,3645782.499245814
14,3643115.4515446257
15,3530208.085238941
16,3453514.2038664646
17,3453514.2038664646
18,3380523.88694018
19,3279377.649235016
20,3279377.649235016
21,3198487.2945835455
22,3153299.6312070102
23,3118840.5126476744
24,3079609.5868855133
25,3037010.090577309
26,2998757.174134391
27,2944695.795298602
28,2904306.2270539026
29,2894305.3523852783
30,2795550.27833517
31,2793509.778264526
32,2780261.9062681654
33,2746908.241216638
34,2716874.591141683
35,2641475.096483135
36,2622909.244411254
37,2609450.8544226657
38,2575290.9920150535
39,2575290.9920150535
40,2535875.25168204
41,2510802.2190448
42,2508663.7398452675
43,2477590.326298901
44,2449206.09650557
45,2434466.5148495594
46,2434466.5148495594
47,2419759.930246856
48,2393657.9664932257
49,2375042.2494111033
50,2366702.8890125514
51,2340326.478076554
52,2335356.268271155
53,2319436.400026489
54,2318746.3657823903
55,2301010.1211954798
56,2295059.3044898426
57,2286702.726201133
58,2271079.1789208786
59,2266558.0222724862
60,2253732.9263383416
61,2253732.9263383416
62,2253732.9263383416
63,2241081.0168143376
64,2241081.0168143376
65,2240835.60139103
66,2235354.854914364
67,2230015.895660054
68,2230015.895660054
69,2223882.3313715165
70,2223882.3313715165
71,2223253.326707378
72,2222961.9599646805
73,2221904.6485639205
74,2219619.0080552287
75,2219619.0080552287
76,2219619.0080552287
77,2219619.0080552287
78,2219619.0080552287
