,0
0,6161588.297649397
1,6067191.453967014
2,6067191.453967014
3,6021686.660851652
4,6005806.667041726
5,5841099.511227398
6,5841099.511227398
7,5776306.913156108
8,5625033.37520304
9,5523385.97957138
10,5444841.628703401
11,5444841.628703401
12,5444841.628703401
13,5409375.299565742
14,5333626.51417415
15,5328541.467451704
16,5242981.486092012
17,5142617.071289353
18,5134153.376350957
19,5064742.073038335
20,4958876.877757393
21,4958876.877757393
22,4915919.110700221
23,4798653.739692738
24,4764544.866208513
25,4764544.866208513
26,4684749.671197393
27,4684749.671197393
28,4614889.940426378
29,4549467.4881860595
30,4475617.703958785
31,4445177.080626546
32,4445177.080626546
33,4403491.186674704
34,4369423.662218997
35,4266461.238394449
36,4160901.1879216875
37,4160901.1879216875
38,4160901.1879216875
39,4131731.9412597045
40,4095084.394005794
41,4095084.394005794
42,3991439.193097122
43,3990649.870122973
44,3990649.870122973
45,3909413.090466918
46,3909413.090466918
47,3858311.727432796
48,3849554.860836912
49,3836487.59355215
50,3801902.5696558733
51,3780732.2918433114
52,3758396.8429579833
53,3680925.4040095597
54,3680925.4040095597
55,3654342.63458078
56,3624198.3519114717
57,3624198.3519114717
58,3624198.3519114717
59,3613383.410059742
60,3586013.9998105215
61,3557579.75182211
62,3527221.7675199346
63,3527221.7675199346
64,3527221.7675199346
65,3514407.6370056337
66,3502690.9419732727
67,3478169.8196318797
68,3454690.8651461336
69,3452865.5341580748
70,3423562.5731557105
71,3423562.5731557105
72,3415366.536419704
73,3404682.8002980514
74,3384714.843931872
75,3384450.794218073
76,3371277.2547810357
77,3370039.2723548017
78,3358169.549701359
79,3350275.847787266
80,3341664.4737101696
81,3341664.4737101696
82,3340273.814433497
83,3337502.4339215434
84,3337502.4339215434
85,3335888.9935255223
86,3333837.9865661473
87,3329959.1555187227
88,3329082.4849195355
89,3329082.4849195355
90,3328697.447914597
91,3327799.382672978
92,3326311.417579575
93,3325040.1235605297
94,3323917.0854377938
95,3323874.8472338836
96,3322603.5532148383
97,3321523.1165512013
98,3321523.1165512013
99,3321523.1165512013
100,3321523.1165512013
101,3321523.1165512013
