,0
0,6868304.668632364
1,6844135.853286899
2,6809329.6511252355
3,6745955.642529723
4,6549244.68304464
5,6320108.746701273
6,6320108.746701273
7,6230208.87520572
8,6119959.263554395
9,5924542.176329859
10,5924542.176329859
11,5924542.176329859
12,5765952.190778476
13,5746864.335478107
14,5647927.524080395
15,5628641.804458062
16,5471905.102510005
17,5380265.805394963
18,5351226.241414245
19,5158790.892814586
20,5158790.892814586
21,5009902.770052259
22,4960606.55899982
23,4960606.55899982
24,4868373.14586845
25,4779955.988826049
26,4733230.747489958
27,4675766.349443084
28,4645132.71694005
29,4588207.3895925665
30,4543076.038486636
31,4386563.096588383
32,4386563.096588383
33,4317486.225460067
34,4317486.225460067
35,4270065.075699785
36,4240161.931720094
37,4219554.344056682
38,4196172.928644953
39,4190191.104356311
40,4125828.7297120546
41,4121031.8878191905
42,4075128.275783017
43,4075128.275783017
44,4056541.0547868903
45,4051871.786848308
46,4018536.470984775
47,4014628.849330868
48,4003796.390982857
49,3993955.273722819
50,3973319.885843485
51,3966448.137553929
52,3948892.6010248633
53,3942834.909789698
54,3930286.9460193035
55,3926907.023938483
56,3917605.4500806504
57,3912041.595157948
58,3906397.286883216
59,3898756.655122387
60,3898756.655122387
61,3890704.622741783
62,3883483.644460315
63,3878918.672359219
64,3878918.672359219
65,3872412.4835274797
66,3863786.7419982497
67,3863786.7419982497
68,3863786.7419982497
69,3863134.631116735
70,3863134.631116735
71,3862102.755611238
72,3861193.455218496
73,3861193.455218496
74,3861192.8747661375
75,3860697.545557134
76,3860697.545557134
77,3859993.538443356
78,3859993.538443356
79,3859563.4909275174
80,3859563.4909275174
81,3859563.4909275174
82,3859563.4909275174
83,3859563.4909275174
