,0
0,5573125.332874903
1,5573125.332874903
2,5402114.752913015
3,5073383.199912345
4,5073383.199912345
5,5073383.199912345
6,4958471.627273567
7,4383729.371789223
8,4383729.371789223
9,4383729.371789223
10,4383729.371789223
11,4314342.379652305
12,4264727.81110833
13,4153606.822767107
14,4114808.6815222404
15,3866405.3457217603
16,3866405.3457217603
17,3866405.3457217603
18,3669367.945313758
19,3578684.070338845
20,3436800.7288449686
21,3436800.7288449686
22,3436800.7288449686
23,3415878.7149571036
24,3306092.323012138
25,3242162.644145999
26,3225425.5125995334
27,3209105.685615613
28,3120118.6746343784
29,3031352.776301856
30,2962146.638908171
31,2874141.1040250743
32,2874141.1040250743
33,2874141.1040250743
34,2833566.1219472256
35,2828866.9112734273
36,2792919.3819605787
37,2771395.790394732
38,2699953.1630311636
39,2656089.6815420287
40,2654989.9270462506
41,2654989.9270462506
42,2607540.3744207458
43,2566125.304335431
44,2566125.304335431
45,2546394.4739423464
46,2541689.103011042
47,2502270.0715014297
48,2491743.134212289
49,2480349.8162311274
50,2479574.478636684
51,2461987.4915385367
52,2440916.857851498
53,2433014.5257035014
54,2421282.380361842
55,2401261.397591773
56,2397766.739979045
57,2377815.378902724
58,2357668.18255583
59,2324505.857285734
60,2324505.857285734
61,2322682.2997084605
62,2322682.2997084605
63,2318531.516758716
64,2304309.25577938
65,2299872.293472592
66,2288998.503874982
67,2285574.540110611
68,2279095.4220864233
69,2277393.587996217
70,2276045.468071495
71,2257127.367477814
72,2257127.367477814
73,2257127.367477814
74,2253008.005296332
75,2250061.319774208
76,2250061.319774208
77,2250061.319774208
78,2246427.181348507
79,2241770.7987022153
80,2239154.6446634727
81,2239154.6446634727
82,2237781.157959249
83,2234212.688774283
84,2231773.1401634566
85,2230969.3065309036
86,2227696.114922453
87,2223067.6201216807
88,2223067.6201216807
89,2223067.6201216807
90,2223067.6201216807
91,2222125.026437193
92,2221122.1086113146
93,2219405.632687094
94,2219405.632687094
95,2219405.632687094
96,2219357.039188054
97,2218257.152456676
98,2218257.152456676
99,2217672.7715826184
100,2216654.3696774733
101,2216554.049354619
102,2216554.049354619
103,2215405.5691242013
104,2214390.83138029
105,2214390.83138029
106,2213242.3511498724
107,2212434.0604634234
108,2211911.9494241206
109,2211911.9494241206
110,2211911.9494241206
111,2211911.9494241206
112,2211669.7063279995
113,2211669.7063279995
114,2211669.7063279995
115,2211669.7063279995
116,2211669.7063279995
