,0
0,6953773.441846686
1,6867670.145054476
2,6547351.555277012
3,6547351.555277012
4,6523588.657425016
5,6382519.92404614
6,6382519.92404614
7,6329789.698970027
8,6070137.029466123
9,6059342.787246551
10,6059342.787246551
11,5903901.255801791
12,5718071.590975091
13,5671786.650601957
14,5482013.290102439
15,5472828.924907015
16,5454929.41070591
17,5306687.681469491
18,5131425.6787977675
19,5131425.6787977675
20,5124834.396248386
21,5037382.154910248
22,4799866.670619422
23,4799866.670619422
24,4754204.811137
25,4735390.81785648
26,4637334.036737137
27,4487547.498741248
28,4487547.498741248
29,4487547.498741248
30,4430861.965989118
31,4404037.929118341
32,4324660.940035613
33,4324268.801754717
34,4288288.6408633245
35,4217402.004744346
36,4145071.6050561247
37,4140513.1903389473
38,4107515.736007419
39,4047875.17446365
40,4047875.17446365
41,3942745.7541037
42,3942745.7541037
43,3932783.2484212755
44,3920088.975234339
45,3920088.975234339
46,3896115.3667499977
47,3876401.9987717476
48,3837005.3026217753
49,3828061.831241936
50,3828061.831241936
51,3787051.7019470483
52,3787051.7019470483
53,3781630.132986317
54,3748595.843425269
55,3748595.843425269
56,3738304.4859240265
57,3733145.246194756
58,3729116.5201266287
59,3720048.837839147
60,3707644.5758801373
61,3707644.5758801373
62,3698885.9214470107
63,3695639.3570074416
64,3692858.7262988216
65,3690121.715319201
66,3682414.690171391
67,3681534.2442627433
68,3679943.443314244
69,3668172.2700280016
70,3668172.2700280016
71,3666256.0886874464
72,3660101.8530023317
73,3659190.767499193
74,3657355.07906966
75,3652783.820682038
76,3652783.820682038
77,3650136.710915862
78,3648291.2431819574
79,3648291.2431819574
80,3644640.000342447
81,3644640.000342447
82,3644640.000342447
83,3643310.077312453
84,3643310.077312453
85,3643310.077312453
86,3643042.4059198904
87,3642232.7659336193
88,3642232.7659336193
89,3642232.7659336193
90,3641951.5671515414
91,3641951.5671515414
92,3641951.5671515414
93,3641857.8914615996
94,3641728.4752546772
95,3641728.4752546772
96,3641728.4752546772
97,3641728.4752546772
98,3641728.4752546772
