,0
0,6375146.891498115
1,6290284.600633848
2,6160287.470182528
3,5973050.255236057
4,5907575.273989759
5,5907575.273989759
6,5861982.5995851755
7,5807158.487320864
8,5645098.671573563
9,5645098.671573563
10,5645098.671573563
11,5531973.7281747265
12,5531973.7281747265
13,5371331.112300845
14,5265332.551358426
15,5265332.551358426
16,5265332.551358426
17,5236663.331675544
18,5059121.437712709
19,5059121.437712709
20,5006074.93201575
21,5006074.93201575
22,4984034.486688764
23,4984034.486688764
24,4830756.3877496505
25,4830756.3877496505
26,4830756.3877496505
27,4805914.304158207
28,4766266.30326987
29,4721697.331850219
30,4692491.540367532
31,4609819.334518201
32,4577599.968356583
33,4577599.968356583
34,4478028.74950678
35,4470844.712677342
36,4462777.474340699
37,4462777.474340699
38,4375378.814084108
39,4375378.814084108
40,4209044.792350938
41,4209044.792350938
42,4209044.792350938
43,4171950.1830373653
44,4171950.1830373653
45,4103031.1867970414
46,4061217.2264150665
47,3980891.4974479913
48,3980891.4974479913
49,3980891.4974479913
50,3980891.4974479913
51,3980891.4974479913
52,3951065.812024815
53,3951065.812024815
54,3935347.3443105742
55,3897063.6706701308
56,3866095.226703356
57,3845528.5171744106
58,3824739.838920645
59,3764265.082237193
60,3764265.082237193
61,3728200.8906986755
62,3698423.3716533426
63,3698423.3716533426
64,3696532.6867177016
65,3678358.5847794088
66,3651231.245552526
67,3583466.0739969313
68,3583466.0739969313
69,3563591.4072398357
70,3538682.653511452
71,3533051.4709632336
72,3510495.210004219
73,3506427.624563547
74,3465317.6294220206
75,3465317.6294220206
76,3411171.6131809414
77,3411171.6131809414
78,3411171.6131809414
79,3373562.558871011
80,3373562.558871011
81,3351186.2456748034
82,3318139.30291698
83,3318139.30291698
84,3287522.4673745492
85,3287522.4673745492
86,3260882.4411431304
87,3260882.4411431304
88,3259422.4294641204
89,3230967.1075439365
90,3217981.285723284
91,3217981.285723284
92,3197292.1252857195
93,3197292.1252857195
94,3187246.723353885
95,3187246.723353885
96,3185432.8307509683
97,3175696.9310823902
98,3164904.7770660976
99,3161385.2369760885
100,3161385.2369760885
101,3157211.904241576
102,3154739.7630834905
103,3144360.634381051
104,3144132.262289352
105,3125535.664002201
106,3124349.8166143247
107,3118648.194292029
108,3118648.194292029
109,3114634.3344783657
110,3106583.567056179
111,3103883.0782423145
112,3103883.0782423145
113,3097920.4915986103
114,3097920.4915986103
115,3097758.601976653
116,3093119.660296903
117,3091986.655521175
118,3091986.655521175
119,3087177.2925829864
120,3087177.2925829864
121,3086320.489529577
122,3083620.6643202677
123,3083620.6643202677
124,3082326.4837622414
125,3081020.8900908562
126,3079291.2062194766
127,3079291.2062194766
128,3079291.2062194766
129,3077209.710507286
130,3077209.710507286
131,3077209.710507286
132,3077209.710507286
133,3077209.710507286
