,0
0,6965554.90866636
1,6895400.854674786
2,6562896.002222918
3,6562896.002222918
4,6503598.810562445
5,6395665.620365032
6,6128686.530699751
7,6077435.322104545
8,6077435.322104545
9,5966610.325659066
10,5820754.482148885
11,5820754.482148885
12,5820754.482148885
13,5636873.547100193
14,5636873.547100193
15,5530575.949370277
16,5430052.104462575
17,5275171.864078996
18,5234009.613733273
19,5099734.443241793
20,5075872.790084996
21,4997938.680167276
22,4959102.520702718
23,4914725.745392988
24,4847995.481675021
25,4770640.884470533
26,4742010.528213639
27,4658628.901116138
28,4622603.492228063
29,4490626.1028327085
30,4490626.1028327085
31,4456864.218752385
32,4421846.497859729
33,4373942.125236755
34,4366367.306023341
35,4305402.18848224
36,4234827.7719423575
37,4234827.7719423575
38,4171560.956368056
39,4168806.072153989
40,4148698.172796605
41,4111286.9958374896
42,4100138.1912841047
43,4028082.448384372
44,4009876.254248262
45,4009876.254248262
46,3988447.9514432973
47,3976169.540155084
48,3974813.8554887613
49,3933023.048410484
50,3911833.61795061
51,3884592.7546567363
52,3884592.7546567363
53,3884592.7546567363
54,3873159.205411952
55,3865685.0213172003
56,3865685.0213172003
57,3858268.3182096593
58,3858103.2625379167
59,3841924.297478121
60,3838853.50104245
61,3832728.4037756696
62,3832536.227880759
63,3829208.2449573046
64,3828642.175024431
65,3824427.918117285
66,3823165.4699154026
67,3821428.398195601
68,3816749.8083648793
69,3815017.529411345
70,3806564.094581444
71,3806564.094581444
72,3801559.8238855335
73,3801559.8238855335
74,3797487.5282618194
75,3794364.2315572486
76,3794364.2315572486
77,3791199.3995322385
78,3791199.3995322385
79,3789000.883616027
80,3789000.883616027
81,3784233.8073568786
82,3781565.1221484947
83,3781565.1221484947
84,3780848.343422267
85,3778914.5602635574
86,3778914.5602635574
87,3778914.5602635574
88,3778914.5602635574
89,3778197.78153733
90,3777927.397093661
91,3776912.770852275
92,3776912.770852275
93,3776642.3864086065
94,3776642.3864086065
95,3776195.9921260476
96,3775925.607682378
97,3775925.607682378
98,3775925.607682378
99,3775925.607682378
100,3775283.1565952897
101,3775283.1565952897
102,3774304.061922482
103,3774304.061922482
104,3774304.061922482
105,3774304.061922482
106,3774304.061922482
