,0
0,4324984.12702312
1,4324984.12702312
2,4324984.12702312
3,4141914.8263117378
4,4098806.0817098776
5,3845015.132948251
6,3806514.5451968005
7,3806514.5451968005
8,3799477.9135835366
9,3720839.8439651346
10,3598856.7495869263
11,3498740.71260371
12,3318828.692967507
13,3318828.692967507
14,3273908.0852941377
15,3228480.5991565487
16,3122309.3289773124
17,3052735.1729615824
18,2952478.598111263
19,2952478.598111263
20,2895993.6301312293
21,2826583.799146777
22,2775863.1820076746
23,2694924.8814662914
24,2641811.2755293064
25,2641811.2755293064
26,2604670.6292409664
27,2467262.8238777393
28,2467262.8238777393
29,2350867.0258082277
30,2350867.0258082277
31,2350867.0258082277
32,2329438.482220364
33,2205763.288342578
34,2205763.288342578
35,2205763.288342578
36,2199600.6884749625
37,2159235.453874561
38,2159235.453874561
39,2120676.5809828304
40,2066074.1611087595
41,2066074.1611087595
42,2025592.604737875
43,1977421.8527134433
44,1977421.8527134433
45,1977421.8527134433
46,1952186.2643145237
47,1952186.2643145237
48,1916245.875964836
49,1916245.875964836
50,1884537.1611488906
51,1884537.1611488906
52,1855440.4896621648
53,1855440.4896621648
54,1846730.1442215475
55,1826538.726716816
56,1810954.1034711786
57,1810954.1034711786
58,1809958.6887227483
59,1796594.9796740958
60,1796594.9796740958
61,1795924.1377301938
62,1790420.04192455
63,1788076.7701026683
64,1772035.4834299516
65,1772035.4834299516
66,1772035.4834299516
67,1771682.5549592485
68,1770754.2470855585
69,1765296.0495910204
70,1764727.216977393
71,1759863.6479264363
72,1759659.5999843047
73,1758916.2378130557
74,1756565.9134197733
75,1756565.9134197733
76,1753921.3042074738
77,1753531.5748189075
78,1753190.2371257541
79,1753033.2182982448
80,1753033.2182982448
81,1752666.741342464
82,1752666.741342464
83,1752528.5930369007
84,1752187.6362277027
85,1752187.6362277027
86,1752187.6362277027
87,1752187.6362277027
88,1752187.6362277027
