,0
0,6325524.650375757
1,6216328.0740558775
2,6121743.640843875
3,6037284.538247538
4,6028662.048550299
5,5964406.418268606
6,5886793.657370347
7,5645875.828131187
8,5645875.828131187
9,5645875.828131187
10,5616919.886430897
11,5488409.234359945
12,5420123.657026183
13,5420123.657026183
14,5420123.657026183
15,5420123.657026183
16,5338707.08030738
17,5282301.924568504
18,5282301.924568504
19,5272170.445193451
20,5254079.055268513
21,5101115.852037648
22,5101115.852037648
23,5101115.852037648
24,5030068.983262705
25,5019864.542233453
26,5019864.542233453
27,4954056.364834472
28,4814031.139900156
29,4814031.139900156
30,4814031.139900156
31,4739091.223614511
32,4734157.619331704
33,4734053.307614919
34,4637198.049122091
35,4610298.940294702
36,4610298.940294702
37,4500514.594621463
38,4472531.657096954
39,4435803.958839606
40,4391545.815265516
41,4304319.078278503
42,4304319.078278503
43,4293940.729257882
44,4248024.237128863
45,4209643.885981628
46,4186125.6243820884
47,4154252.120205967
48,4127384.6246260027
49,4122115.010782284
50,4078206.073583746
51,4068570.6067175656
52,3976285.8045651712
53,3976285.8045651712
54,3976285.8045651712
55,3938925.812009714
56,3890913.9349159217
57,3825772.2903554523
58,3825772.2903554523
59,3825772.2903554523
60,3825772.2903554523
61,3825772.2903554523
62,3811134.336440119
63,3789791.632904737
64,3789791.632904737
65,3762985.7718735375
66,3728666.5373408217
67,3691607.3615453825
68,3691607.3615453825
69,3661737.8356454144
70,3638680.1389492042
71,3638680.1389492042
72,3638680.1389492042
73,3621396.3228455847
74,3617375.9021026245
75,3583148.9990050937
76,3573856.4746017717
77,3564938.4898977117
78,3564938.4898977117
79,3555259.4959981157
80,3550951.078837711
81,3522779.5577905434
82,3519826.714185004
83,3519826.714185004
84,3508348.0462664994
85,3500223.170254051
86,3500223.170254051
87,3490547.4150915
88,3482770.5057681846
89,3482770.5057681846
90,3466164.824105476
91,3466164.824105476
92,3466164.824105476
93,3459072.880575017
94,3453615.5508300015
95,3452856.137529265
96,3446212.2451388505
97,3446212.2451388505
98,3446212.2451388505
99,3442553.5251815147
100,3442553.5251815147
101,3441966.1627985216
102,3435548.7426679325
103,3435548.7426679325
104,3433120.2427665577
105,3433120.2427665577
106,3431007.634681282
107,3431007.634681282
108,3429191.6515807994
109,3429191.6515807994
110,3429191.6515807994
111,3428359.164818719
112,3428359.164818719
113,3428359.164818719
114,3428359.164818719
115,3428359.164818719
