,0
0,4909853.621098699
1,4907243.378434117
2,4717568.878831808
3,4651827.681676393
4,4588470.160694569
5,4457582.164024846
6,4282033.7232749695
7,4086922.9095763434
8,4086922.9095763434
9,4071067.1398984375
10,3838909.3425000454
11,3813247.3781699217
12,3674425.541251475
13,3633364.1026625605
14,3536476.6100592962
15,3475322.1599921016
16,3433397.260207324
17,3318989.08896247
18,3288414.8691166984
19,3230973.3929220564
20,3178533.6652598614
21,3104248.7435590927
22,3022070.515333939
23,2998567.21658459
24,2954981.255802499
25,2926163.8877764735
26,2887316.3015262517
27,2881326.888350933
28,2819081.8876775443
29,2795422.0730405417
30,2750020.534263483
31,2720488.459355328
32,2695849.632597247
33,2689140.1959366915
34,2604249.834582165
35,2576713.4228542103
36,2542460.7933820174
37,2527878.299702324
38,2527878.299702324
39,2490040.1886907793
40,2460120.651312893
41,2444549.2592602475
42,2419758.580794731
43,2419344.206691017
44,2389693.989952893
45,2388827.2758666566
46,2361936.1160839573
47,2329897.6659633927
48,2329897.6659633927
49,2294348.909287495
50,2294348.909287495
51,2283488.058857312
52,2283488.058857312
53,2275095.737153417
54,2257436.232536279
55,2253224.6586139267
56,2253224.6586139267
57,2247700.6100847335
58,2240918.841452181
59,2237188.4537511487
60,2228849.505329607
61,2228849.505329607
62,2226546.054614415
63,2219832.7307604104
64,2216483.1862548683
65,2214338.0163471727
66,2211561.355538869
67,2206067.3797306856
68,2206067.3797306856
69,2203861.389238327
70,2203271.4462529593
71,2199180.100855121
72,2197942.444791565
73,2194235.984268147
74,2194235.984268147
75,2191236.4333219877
76,2190738.1864174833
77,2189504.2625510423
78,2184954.5948997987
79,2184371.4609405925
80,2178840.312806944
81,2178840.312806944
82,2178840.312806944
83,2178840.312806944
84,2178840.312806944
85,2173348.1434838795
86,2173348.1434838795
87,2172362.670130814
88,2172362.670130814
89,2172362.670130814
90,2172362.670130814
91,2172362.670130814
