,0
0,6152279.917555432
1,6152279.917555432
2,6152279.917555432
3,6142012.273037191
4,5961902.464975925
5,5917882.676058255
6,5917882.676058255
7,5825749.027614416
8,5712691.07659989
9,5712691.07659989
10,5564553.837328383
11,5564553.837328383
12,5380328.649328315
13,5331608.128889893
14,5331608.128889893
15,5331608.128889893
16,5331608.128889893
17,5257354.577080618
18,5233790.9562007785
19,5023802.74383085
20,5023802.74383085
21,4935425.426811824
22,4935425.426811824
23,4935425.426811824
24,4935425.426811824
25,4853013.863781087
26,4830934.2152138315
27,4795949.387946385
28,4749255.470722376
29,4749064.178129832
30,4690627.1989855645
31,4591979.243289121
32,4591979.243289121
33,4591859.791838619
34,4584756.702193771
35,4448963.235080118
36,4393204.634120723
37,4393204.634120723
38,4359026.605169506
39,4359026.605169506
40,4320373.970008764
41,4320373.970008764
42,4239672.073503161
43,4183738.8028467414
44,4183738.8028467414
45,4160909.4684777046
46,4160909.4684777046
47,4122594.7381293834
48,4076619.4202691736
49,4076619.4202691736
50,4076619.4202691736
51,4009859.1503661843
52,3983443.5340274014
53,3983443.5340274014
54,3926942.9674158893
55,3926942.9674158893
56,3905390.1905594254
57,3878116.0697771213
58,3878116.0697771213
59,3818394.043614808
60,3818394.043614808
61,3814407.4784204215
62,3749875.7882076628
63,3740880.7473100517
64,3694547.0497185797
65,3635529.934934937
66,3635529.934934937
67,3635529.934934937
68,3600492.178291327
69,3600492.178291327
70,3577168.5542052668
71,3570142.3084289352
72,3557497.9211292043
73,3499132.361584422
74,3453681.9336125315
75,3453681.9336125315
76,3453681.9336125315
77,3425942.3627918563
78,3425942.3627918563
79,3421326.3668367346
80,3409162.2961890646
81,3396278.1932319244
82,3372851.207644227
83,3372851.207644227
84,3349443.662634215
85,3319727.7483564066
86,3309866.51300816
87,3309866.51300816
88,3309866.51300816
89,3305325.1186801353
90,3255681.112612338
91,3255681.112612338
92,3224868.600741873
93,3219345.4128985163
94,3219345.4128985163
95,3197752.556313661
96,3197752.556313661
97,3179105.6783703445
98,3173193.136775853
99,3173193.136775853
100,3173193.136775853
101,3148252.3518978716
102,3141740.3986813533
103,3141740.3986813533
104,3132179.55574444
105,3132179.55574444
106,3132179.55574444
107,3124573.0585885607
108,3109424.276177217
109,3109424.276177217
110,3102125.9381387234
111,3089275.2157755764
112,3086292.241556018
113,3086292.241556018
114,3083980.283909622
115,3079188.277177562
116,3079188.277177562
117,3077721.979627157
118,3070019.591665362
119,3069354.6017751074
120,3060169.2427944466
121,3060169.2427944466
122,3057535.4493246325
123,3057535.4493246325
124,3057535.4493246325
125,3056110.2464038664
126,3055906.6797950338
127,3054202.0186673123
128,3054202.0186673123
129,3004406.8725512545
130,3004406.8725512545
131,3004406.8725512545
132,3004406.8725512545
133,3004406.8725512545
