,0
0,5000378.006048059
1,4849119.283482695
2,4628815.104410465
3,4551493.081528477
4,4551493.081528477
5,4324812.366407608
6,4190905.3350159484
7,4161006.2322319206
8,4071057.2254602923
9,3923862.5650369404
10,3822734.278994363
11,3712491.6833500015
12,3712491.6833500015
13,3635527.2171821254
14,3418256.5782205816
15,3418256.5782205816
16,3412487.1543767806
17,3390009.129059687
18,3330780.9996997705
19,3216380.6629419485
20,3156112.1555341072
21,3118247.8774633235
22,3068584.4023357197
23,2995630.0988881974
24,2972266.47600649
25,2924501.7672362956
26,2889796.7269839477
27,2856857.1888642125
28,2816458.1826248136
29,2772571.666998912
30,2689816.037117919
31,2678934.7507062866
32,2642144.1396487067
33,2623973.854688925
34,2587381.508078099
35,2549283.703087002
36,2523227.6204029773
37,2502005.9952050364
38,2457388.1763089322
39,2409110.3729875
40,2408303.960064306
41,2385494.020689615
42,2357370.9853473147
43,2310148.0131344106
44,2310148.0131344106
45,2308449.752524619
46,2291084.0166313355
47,2266690.2397128344
48,2261813.279512111
49,2243195.484945823
50,2228578.140666999
51,2212209.8154758983
52,2192974.156990002
53,2170461.0851022466
54,2170461.0851022466
55,2166315.4436719697
56,2154736.722357659
57,2132868.456316167
58,2132868.456316167
59,2125966.4059076025
60,2120284.265299414
61,2115358.080911048
62,2106771.6741384873
63,2103938.909517748
64,2091920.253435466
65,2091920.253435466
66,2081484.283964984
67,2081484.283964984
68,2077651.3335121358
69,2077651.3335121358
70,2066990.624022208
71,2066990.624022208
72,2065650.1281408588
73,2060228.6708234744
74,2059775.2065709336
75,2053418.0466853464
76,2049986.014925694
77,2049986.014925694
78,2049986.014925694
79,2047085.797300411
80,2042635.0116165627
81,2041835.954089463
82,2041835.954089463
83,2040538.2393989544
84,2039056.5673579755
85,2037158.024977695
86,2035210.482957498
87,2034025.3370287116
88,2033939.1675166492
89,2032020.3478070754
90,2030752.405918521
91,2028963.6743248026
92,2028093.112981971
93,2027975.9682047658
94,2026852.7124713869
95,2026812.1775282978
96,2025730.388820682
97,2025624.4161889027
98,2025178.1859445842
99,2025066.6027596418
100,2023451.1127595468
101,2022222.8164770624
102,2022222.8164770624
103,2021780.8803664518
104,2021358.5303740394
105,2020358.780834168
106,2020198.0306373588
107,2020198.0306373588
108,2018023.0287482003
109,2017356.0385306668
110,2016753.352223247
111,2016753.352223247
112,2016526.3485311694
113,2016440.179019107
114,2016440.179019107
115,2016440.179019107
116,2016440.179019107
117,2016440.179019107
