,0
0,4749907.711649918
1,4564709.889718209
2,4564709.889718209
3,4507421.573364534
4,4423794.603130799
5,4327374.363860805
6,4173597.2830389463
7,4173597.2830389463
8,4011089.83491966
9,3982315.9841367197
10,3897831.0481199687
11,3725902.2449872117
12,3692155.6980720516
13,3611114.117564681
14,3456126.179771623
15,3456126.179771623
16,3397173.1837772895
17,3333485.942811348
18,3195009.0932650347
19,3195009.0932650347
20,3113400.3720541205
21,3073821.245545492
22,2952927.1209074166
23,2951344.3862335985
24,2918149.1521382993
25,2910232.2260021246
26,2785957.1749841515
27,2725085.0159439095
28,2673809.5249287644
29,2673809.5249287644
30,2596483.466749941
31,2596483.466749941
32,2523109.7910954403
33,2523109.7910954403
34,2488638.467121629
35,2451964.676260784
36,2415396.630796754
37,2413282.326266061
38,2386956.059208867
39,2355264.320602845
40,2309944.4119812367
41,2296549.722280258
42,2292857.271838734
43,2268119.611980707
44,2258162.8919655248
45,2244881.286558065
46,2196173.5209246073
47,2196173.5209246073
48,2155529.791475444
49,2155529.791475444
50,2140624.2301944206
51,2140624.2301944206
52,2121545.8165310295
53,2121545.8165310295
54,2116217.185946008
55,2114346.5528721926
56,2101741.554183793
57,2087191.350707527
58,2087191.350707527
59,2074669.327532741
60,2068662.3265920759
61,2067089.5118525766
62,2067089.5118525766
63,2058051.1616012368
64,2058051.1616012368
65,2049478.5866486896
66,2045805.4376477522
67,2043231.0223329135
68,2034054.4399089252
69,2033796.1799973373
70,2033007.8358750406
71,2028519.5779082372
72,2026113.6102215734
73,2026113.6102215734
74,2024981.583276284
75,2024280.0503837564
76,2020872.0118061057
77,2019453.1493651774
78,2019442.3617449417
79,2019132.6131878016
80,2018662.5337267611
81,2018238.0825019048
82,2018238.0825019048
83,2018174.5056569772
84,2018002.5998088205
85,2018002.5998088205
86,2017903.173267127
87,2017903.173267127
88,2017903.173267127
89,2017903.173267127
90,2017903.173267127
