,0
0,4506106.257372355
1,4315489.225432902
2,4284672.777494
3,4196969.195866242
4,4130360.7979757576
5,4063821.799663601
6,3808765.245194104
7,3808765.245194104
8,3765987.1927944166
9,3690729.5669862167
10,3690729.5669862167
11,3543564.94116622
12,3381024.154845773
13,3367331.8834235813
14,3367331.8834235813
15,3273566.730705504
16,3259080.0258802027
17,3153246.1941023665
18,3033525.887626154
19,2956134.233664861
20,2830213.757468193
21,2728220.335634058
22,2728220.335634058
23,2686777.586353832
24,2686777.586353832
25,2650366.5360989664
26,2628351.0232454413
27,2604823.0787679097
28,2551761.216972327
29,2522589.5645908946
30,2476408.0322191343
31,2347863.874230793
32,2328547.020820351
33,2303244.9591934653
34,2303244.9591934653
35,2258360.689582666
36,2228398.9947939897
37,2192744.6815530392
38,2130538.352448884
39,2117018.4471019222
40,2090115.2941582676
41,2069265.7190161669
42,2041939.2959933535
43,2023076.2050840044
44,2001298.8089638576
45,1994297.763936938
46,1953502.351339726
47,1916867.6862357033
48,1906631.1437898523
49,1853471.6923935732
50,1853471.6923935732
51,1846105.0197270622
52,1846105.0197270622
53,1839226.5156671577
54,1826075.8707947205
55,1810197.7558763972
56,1789234.207351209
57,1774206.4011509237
58,1770097.772007307
59,1769282.8189757976
60,1765558.2298039016
61,1747656.2471847972
62,1745896.2519352026
63,1737243.4947979124
64,1737243.4947979124
65,1721015.783421623
66,1721015.783421623
67,1709859.8653750343
68,1709527.0598975138
69,1707912.1660628028
70,1699823.339422324
71,1692443.675723924
72,1690760.9896826406
73,1687956.9345076755
74,1686437.7086349013
75,1683275.798861406
76,1683275.798861406
77,1679488.7074826942
78,1678869.7800364285
79,1676140.3354774695
80,1674488.7702303561
81,1672940.762784983
82,1672143.567521856
83,1670759.1328969942
84,1670759.1328969942
85,1670123.90470936
86,1669796.4741463829
87,1669317.3690316216
88,1669161.2459587487
89,1669161.2459587487
90,1669161.2459587487
91,1669161.2459587487
92,1669161.2459587487
