,0
0,6993371.764708731
1,6884638.635095189
2,6871930.477491454
3,6697873.908615942
4,6678063.62497808
5,6604255.808546256
6,6407797.3495017765
7,6405437.189474398
8,6315005.245015103
9,6107376.656050885
10,6107376.656050885
11,5904677.012687716
12,5856302.6250114655
13,5748886.179947137
14,5578607.264069816
15,5578607.264069816
16,5572024.221317926
17,5377904.754952824
18,5315144.09941115
19,5315144.09941115
20,5207616.9039842
21,5123671.110247237
22,4974695.042275086
23,4974695.042275086
24,4940135.076895969
25,4873598.330135685
26,4835177.090829227
27,4752270.581388692
28,4736285.423021237
29,4606081.955524124
30,4552103.552095503
31,4551851.236635757
32,4476188.582466731
33,4466578.0352724
34,4438144.660428679
35,4388179.502890138
36,4345008.255895844
37,4326628.864679328
38,4275218.55261342
39,4242131.362251237
40,4194251.3480616733
41,4194251.3480616733
42,4160704.603967962
43,4153889.7482946184
44,4098450.8151810328
45,4098450.8151810328
46,4089700.0497391517
47,4053169.642727026
48,4032313.2219180665
49,4032313.2219180665
50,4020609.7103910684
51,4017932.9662028174
52,3997308.582983908
53,3995136.4524526023
54,3982530.6215573098
55,3963262.976456448
56,3948196.853525909
57,3941422.9778718967
58,3935564.02036362
59,3901569.777867709
60,3901569.777867709
61,3901569.777867709
62,3901569.777867709
63,3901569.777867709
64,3897908.7139006057
65,3895756.8981151087
66,3893682.5059955185
67,3888269.7367570275
68,3888269.7367570275
69,3884857.7139892047
70,3884463.5565831587
71,3880331.793272793
72,3877544.6595243025
73,3874003.37606421
74,3874003.37606421
75,3867195.927686814
76,3866651.8303192197
77,3865844.922634064
78,3861752.2277087253
79,3861752.2277087253
80,3861405.8765086886
81,3861405.8765086886
82,3860384.542222882
83,3860384.542222882
84,3860384.542222882
85,3860384.542222882
86,3860384.542222882
87,3860183.236605662
88,3859878.9579958813
89,3859878.9579958813
90,3859878.9579958813
91,3857903.3795305924
92,3857903.3795305924
93,3857903.3795305924
94,3853813.0094361673
95,3853813.0094361673
96,3853813.0094361673
97,3853813.0094361673
98,3853813.0094361673
