,0
0,4417298.243788137
1,4393958.125700427
2,4191207.043927841
3,4191207.043927841
4,4060372.65272756
5,4050960.575959178
6,3861810.908898664
7,3861810.908898664
8,3861810.908898664
9,3790976.8338800645
10,3605976.083380129
11,3605976.083380129
12,3434629.439202205
13,3434629.439202205
14,3315871.0375999734
15,3299959.3173975525
16,3248287.1150611243
17,3211656.2585145677
18,3138843.6440084013
19,3093666.8915111464
20,3036531.5154553214
21,2944453.526092909
22,2937689.284006807
23,2849626.8809407796
24,2799845.6314260713
25,2709490.4331251085
26,2704876.258126486
27,2690559.4638853967
28,2670114.024690588
29,2563266.26812734
30,2558840.83917585
31,2494378.1317766435
32,2494378.1317766435
33,2481634.055499838
34,2299452.8840527087
35,2299452.8840527087
36,2299452.8840527087
37,2299452.8840527087
38,2296130.062041291
39,2271997.4175360193
40,2235968.592630732
41,2217597.6707982626
42,2175676.8286096635
43,2142605.684510844
44,2129780.840266476
45,2125066.590817764
46,2121807.884232
47,2094630.100202531
48,2090957.1058162174
49,2056550.7043609861
50,2056550.7043609861
51,2030239.3098512297
52,2021061.7245556728
53,2021061.7245556728
54,1985638.6938959851
55,1985638.6938959851
56,1971624.0329351092
57,1971624.0329351092
58,1971624.0329351092
59,1970470.8672661276
60,1970470.8672661276
61,1961724.3867438734
62,1961724.3867438734
63,1957415.4033091052
64,1950882.4478633443
65,1950781.060433598
66,1950781.060433598
67,1949488.944438284
68,1947936.801644397
69,1945577.7284149125
70,1945577.7284149125
71,1945577.7284149125
72,1945577.7284149125
73,1945577.7284149125
