,0
0,5696871.423239868
1,5241707.485425903
2,5241707.485425903
3,5241707.485425903
4,4946480.969892946
5,4946480.969892946
6,4912392.199159108
7,4667610.087327839
8,4529384.940706389
9,4529384.940706389
10,4509553.993202867
11,4451417.9918566495
12,4283076.561306815
13,4139524.7777997404
14,4139524.7777997404
15,4074892.589427311
16,3969473.7307427158
17,3796090.213455796
18,3755857.793761465
19,3755857.793761465
20,3728881.36399369
21,3653412.053288152
22,3561334.711928236
23,3527465.2494382313
24,3419543.3607445867
25,3340005.3533007684
26,3264389.548290235
27,3233444.893765444
28,3160533.8554951553
29,3160533.8554951553
30,3082469.194652969
31,2972146.2194557884
32,2972146.2194557884
33,2972146.2194557884
34,2929793.800361071
35,2905697.696576423
36,2867018.1868331856
37,2784296.2650535046
38,2772161.1879206975
39,2694889.4901587255
40,2694889.4901587255
41,2685561.3915531263
42,2682435.8772689714
43,2637329.476716205
44,2587864.15243531
45,2587864.15243531
46,2561577.693668989
47,2547906.3737975024
48,2516788.6125665796
49,2480839.237827791
50,2465775.5517403595
51,2464343.0695608007
52,2427981.085848468
53,2427981.085848468
54,2404000.0669049243
55,2404000.0669049243
56,2396067.8634491567
57,2370432.693355238
58,2370432.693355238
59,2370432.693355238
60,2355992.698319874
61,2320174.5490607284
62,2320174.5490607284
63,2320174.5490607284
64,2315028.9937128793
65,2298075.0772097954
66,2298075.0772097954
67,2292595.010339964
68,2286385.3333937796
69,2283841.784461624
70,2275392.508905433
71,2272621.5632422026
72,2260695.726898802
73,2260695.726898802
74,2256011.784422376
75,2246430.916722897
76,2246430.916722897
77,2244110.5953290877
78,2238266.8338833186
79,2236030.649037864
80,2235038.176974061
81,2233329.954005069
82,2229067.2014171327
83,2229067.2014171327
84,2225897.9479114744
85,2225598.9685143805
86,2222925.7720485544
87,2222925.7720485544
88,2222925.7720485544
89,2222925.7720485544
90,2222925.7720485544
91,2222782.5579832806
92,2222782.5579832806
93,2222649.827086693
94,2221160.3527080407
95,2221160.3527080407
96,2220944.7467505313
97,2220383.3193892594
98,2219977.273114698
99,2219977.273114698
100,2219531.8368832036
101,2218916.9663003045
102,2218916.9663003045
103,2217123.4343241006
104,2217123.4343241006
105,2217123.4343241006
106,2215211.6450036513
107,2215211.6450036513
108,2215211.6450036513
109,2215211.6450036513
110,2214928.3715080395
111,2210297.3597409106
112,2210297.3597409106
113,2210297.3597409106
114,2210297.3597409106
115,2210297.3597409106
