,0
0,4402533.623540249
1,4402533.623540249
2,4206572.968971332
3,4144342.8886138615
4,4108268.2868362046
5,4073666.111787804
6,3979969.232372784
7,3924983.225109053
8,3841875.504079081
9,3757757.7815201813
10,3617038.0550750494
11,3607054.8951001284
12,3385332.964005829
13,3385332.964005829
14,3363221.9379602917
15,3208924.3309958125
16,3208924.3309958125
17,3122789.2721691346
18,3122789.2721691346
19,2986697.757769196
20,2986697.757769196
21,2890164.0239773295
22,2834145.010061777
23,2761383.4408872835
24,2742599.5579691823
25,2690653.5316196554
26,2573901.5749567016
27,2556171.461057877
28,2549590.5286287735
29,2467649.755426021
30,2412493.79977216
31,2412493.79977216
32,2381034.2749438733
33,2362860.1157264123
34,2266812.314235092
35,2262511.5766349267
36,2216244.370406251
37,2119439.766899597
38,2119439.766899597
39,2119439.766899597
40,2095724.8923601266
41,2066621.8975024577
42,2047488.4295651717
43,2031223.5447750653
44,2009418.1351238647
45,1929899.223791977
46,1929899.223791977
47,1896973.5448885174
48,1883896.592869819
49,1849575.6114275113
50,1849575.6114275113
51,1849575.6114275113
52,1846661.8399412895
53,1844247.0429164092
54,1814732.411654106
55,1804981.5572929368
56,1773135.1314621067
57,1773135.1314621067
58,1768642.5394995988
59,1761927.438047636
60,1754882.439942538
61,1739239.055446343
62,1736839.1845936833
63,1728487.204795507
64,1724590.750193042
65,1723184.7653821819
66,1713421.8835295783
67,1709088.0360975112
68,1709088.0360975112
69,1705572.5978689902
70,1701050.9530739584
71,1697993.1159736337
72,1687233.4762140843
73,1687233.4762140843
74,1687233.4762140843
75,1687233.4762140843
76,1686484.81029817
77,1685104.2285654803
78,1685104.2285654803
79,1685104.2285654803
80,1683150.0630475534
81,1682710.9091096113
82,1682710.9091096113
83,1682710.9091096113
84,1682578.860912455
85,1682578.860912455
86,1682501.8662521027
87,1682139.706974513
88,1682139.706974513
89,1682139.706974513
90,1682139.706974513
91,1681786.952257196
92,1681786.952257196
93,1681786.952257196
94,1681786.952257196
95,1681786.952257196
