,0
0,4888486.705708272
1,4814960.352511194
2,4693202.6476981435
3,4581327.508120882
4,4558409.860674566
5,4494569.354658961
6,4414824.411285887
7,4335499.028055185
8,4142894.287362994
9,4049209.513290666
10,3880532.656679097
11,3880532.656679097
12,3792771.601672804
13,3731729.697932379
14,3670715.1313967267
15,3642551.27913007
16,3557003.4200984114
17,3496933.5998768792
18,3343552.6729661636
19,3343552.6729661636
20,3343552.6729661636
21,3274264.6233938267
22,3096366.5514043593
23,3096366.5514043593
24,3085843.796655245
25,3066216.269394979
26,3066216.269394979
27,2978854.902572118
28,2863322.452923571
29,2863322.452923571
30,2842369.927328984
31,2818919.1047243597
32,2798709.7220806973
33,2781353.757709079
34,2739794.8820511685
35,2725840.9784461157
36,2680858.9000972407
37,2618096.874430199
38,2578705.5711414455
39,2568163.724640199
40,2520318.875573876
41,2520318.875573876
42,2462882.0869145826
43,2462882.0869145826
44,2462882.0869145826
45,2404692.261331091
46,2404692.261331091
47,2382564.7165181
48,2382564.7165181
49,2372918.669998164
50,2349548.80716053
51,2339269.2129550558
52,2339269.2129550558
53,2323609.782164029
54,2311961.5083876792
55,2310059.240637599
56,2301941.3986643804
57,2299908.745587224
58,2291211.790838127
59,2286101.471820038
60,2279459.4814171004
61,2272761.492142967
62,2268311.799836625
63,2263088.3188752774
64,2263088.3188752774
65,2261534.5615170416
66,2259133.7186617437
67,2254055.8273786725
68,2253333.414262935
69,2249786.925079959
70,2247891.3284646897
71,2246534.2459421656
72,2245626.0262591103
73,2241691.9997138586
74,2239478.232599237
75,2238566.444592811
76,2238114.1227789703
77,2237362.098088135
78,2235659.6979427636
79,2235659.6979427636
80,2235659.6979427636
81,2235659.6979427636
82,2235659.6979427636
