,0
0,6845706.086177157
1,6727409.475148175
2,6666177.938697874
3,6649020.18519452
4,6578430.580943653
5,6365551.659849337
6,6365551.659849337
7,6107033.717487005
8,5959528.817853867
9,5959528.817853867
10,5957101.009986815
11,5831437.846134692
12,5745704.911218434
13,5712756.794018688
14,5619318.789927021
15,5607212.1047795
16,5501114.014111039
17,5419858.288708905
18,5292973.830348986
19,5292973.830348986
20,5154381.606825947
21,5149813.413691522
22,5008127.715294232
23,5008127.715294232
24,4930693.162909773
25,4831874.26223887
26,4791330.525791652
27,4748259.4466727115
28,4712903.096502269
29,4646694.64567791
30,4501212.83194606
31,4499229.240007306
32,4462119.874471759
33,4343550.553912855
34,4343550.553912855
35,4330102.835607908
36,4266471.604291698
37,4216914.333566214
38,4180004.620658736
39,4141940.4668744695
40,4137134.832772054
41,4068250.8202878893
42,4065574.8834395506
43,4037426.531062833
44,4013251.9252016856
45,3997112.114069691
46,3971984.172298173
47,3947178.109544892
48,3932935.5119052646
49,3901959.8898437545
50,3891862.810179926
51,3860328.979654997
52,3860328.979654997
53,3831125.087580607
54,3819050.7992386934
55,3809223.0285010557
56,3800189.001830799
57,3782587.4763744688
58,3772588.8245569086
59,3756636.550248256
60,3740601.7008464565
61,3740601.7008464565
62,3735296.39748907
63,3729415.412479429
64,3712810.2563013937
65,3712810.2563013937
66,3712163.0615898445
67,3699329.865188109
68,3699329.865188109
69,3692901.5494658765
70,3692732.7445151024
71,3688106.8159640403
72,3684689.641258956
73,3682106.2432587733
74,3679954.92535123
75,3676900.356479036
76,3674767.403599619
77,3671281.7050619395
78,3671281.7050619395
79,3670879.1156212566
80,3669424.225830745
81,3667630.5708442377
82,3667630.5708442377
83,3667622.527913834
84,3667531.0032037366
85,3667063.197018686
86,3667019.028251907
87,3666492.6442028494
88,3666492.6442028494
89,3666451.706543352
90,3666062.596687011
91,3666021.6590275136
92,3666021.6590275136
93,3666021.6590275136
94,3666021.6590275136
95,3666021.6590275136
