,0
0,6849318.220039878
1,6849318.220039878
2,6735679.48471199
3,6516441.593614809
4,6341019.76945819
5,6341019.76945819
6,6160781.327443098
7,6101800.099119042
8,6101800.099119042
9,5906374.23442468
10,5906374.23442468
11,5878272.184074957
12,5737569.975441422
13,5669698.954223994
14,5518884.8947686795
15,5486116.617169771
16,5434807.05604854
17,5328824.021541559
18,5320955.913548344
19,5235046.915140596
20,5112357.165912966
21,5072338.455461499
22,5041018.014977613
23,4903992.089500984
24,4796160.931790238
25,4783476.6761921365
26,4714203.952638966
27,4678107.817972774
28,4660089.7893638415
29,4590334.025283959
30,4535784.369812277
31,4503229.857206451
32,4464292.151337838
33,4431754.1166930795
34,4393781.1264649825
35,4251714.684436942
36,4251714.684436942
37,4251714.684436942
38,4194449.944987217
39,4171985.192905197
40,4171985.192905197
41,4142884.8089657873
42,4064424.5295116245
43,4063204.51339171
44,4063204.51339171
45,4013800.8462214987
46,4013800.8462214987
47,3978573.1540041845
48,3972164.379609965
49,3952937.3177478136
50,3916684.887896241
51,3900455.541811396
52,3900455.541811396
53,3887391.119238489
54,3857810.6394158676
55,3857557.253321653
56,3848262.3612374
57,3825914.9185157777
58,3825914.9185157777
59,3820856.1047395724
60,3812890.3565743705
61,3809424.9075671337
62,3798443.977272411
63,3795938.7668223707
64,3790393.7094534906
65,3782606.3635040857
66,3779571.528929885
67,3768503.4307423127
68,3761854.4716987866
69,3751830.0212467937
70,3751830.0212467937
71,3741679.948641409
72,3741679.948641409
73,3740032.302643972
74,3730478.8701317776
75,3730478.8701317776
76,3728742.2983222776
77,3727820.4166208776
78,3726637.6836539367
79,3724627.9084809856
80,3723706.2000958836
81,3720174.112613879
82,3719321.3364129486
83,3716727.984964432
84,3714992.4402487725
85,3714992.4402487725
86,3710850.858933905
87,3710850.858933905
88,3709894.2552283714
89,3707415.790288442
90,3707415.790288442
91,3707016.9390451238
92,3705961.813612077
93,3705760.8737258655
94,3704553.344220094
95,3704553.344220094
96,3704018.910311981
97,3704018.910311981
98,3701723.076376469
99,3700995.580300562
100,3700995.580300562
101,3700995.580300562
102,3700995.580300562
103,3700995.580300562
104,3700875.0103746047
105,3700875.0103746047
106,3700875.0103746047
107,3700875.0103746047
108,3700875.0103746047
109,3699755.3221179014
110,3699755.3221179014
111,3699755.3221179014
112,3699755.3221179014
113,3699755.3221179014
