,0
0,6237014.77513405
1,6237014.77513405
2,6223997.293097789
3,6050493.827744473
4,5972866.274720757
5,5924228.111822258
6,5904672.236317727
7,5882763.023478866
8,5748837.399955201
9,5664884.0389922485
10,5624022.205525748
11,5586128.623510557
12,5478607.764144664
13,5419944.893512984
14,5323993.056688098
15,5301545.536144135
16,5301545.536144135
17,5301545.536144135
18,5265347.301865036
19,5158702.563007818
20,5158702.563007818
21,4959342.047334644
22,4959342.047334644
23,4895823.372870956
24,4799828.9093467705
25,4799828.9093467705
26,4770870.329120664
27,4723394.646877473
28,4723394.646877473
29,4676239.874456228
30,4667625.898201583
31,4596229.3344629565
32,4558798.220497399
33,4504582.05247012
34,4427762.786868908
35,4427762.786868908
36,4367056.854089385
37,4335624.2101652175
38,4262546.748894297
39,4250515.9111200655
40,4245307.697052637
41,4183535.696419566
42,4180668.921085136
43,4154500.404872021
44,4101948.0940902224
45,4101948.0940902224
46,4072423.912321083
47,4031437.189099052
48,3959875.957902139
49,3926964.357389
50,3926964.357389
51,3865579.9473133297
52,3865579.9473133297
53,3837548.508559784
54,3786080.2900289153
55,3776119.907625999
56,3666423.5084457975
57,3666423.5084457975
58,3666423.5084457975
59,3647672.0896738977
60,3601952.087213352
61,3601952.087213352
62,3553278.9049826353
63,3541703.3892078204
64,3525627.0769556803
65,3520519.2213012176
66,3468147.197440628
67,3468028.977439861
68,3455028.6357692624
69,3420998.6715227515
70,3396880.1686233147
71,3396880.1686233147
72,3390061.4162587035
73,3330974.2947125025
74,3330974.2947125025
75,3318719.943364444
76,3308476.9443290816
77,3263182.53006272
78,3263182.53006272
79,3263182.53006272
80,3235011.2449709843
81,3235011.2449709843
82,3235011.2449709843
83,3207712.210985955
84,3205955.36654112
85,3183208.689743933
86,3183208.689743933
87,3178576.9799249014
88,3142690.716538181
89,3130345.298706403
90,3100081.447610086
91,3100081.447610086
92,3100081.447610086
93,3100081.447610086
94,3100081.447610086
