,0
0,6201966.079007549
1,6201966.079007549
2,6071668.523216795
3,5922947.3275404535
4,5897269.033349547
5,5800491.821786738
6,5599370.360192689
7,5599370.360192689
8,5449421.474257825
9,5449421.474257825
10,5449421.474257825
11,5342072.749597637
12,5342072.749597637
13,5291954.847050218
14,5291954.847050218
15,5246890.116569399
16,5193734.298173994
17,5083727.649560131
18,5057837.8557876125
19,5042036.323069168
20,4975236.30219824
21,4798535.806229404
22,4780698.33869288
23,4780698.33869288
24,4780698.33869288
25,4704766.631630927
26,4565822.563840919
27,4565822.563840919
28,4565822.563840919
29,4522021.595935836
30,4512865.648304551
31,4442137.653788371
32,4442137.653788371
33,4352019.706795057
34,4352019.706795057
35,4285973.993272197
36,4232123.6719558835
37,4206592.55858918
38,4153944.1562571586
39,4089061.6907217572
40,4051874.1654571956
41,4044543.2962863785
42,3989639.799514666
43,3976945.943563624
44,3873206.038998416
45,3873206.038998416
46,3873206.038998416
47,3866285.9777192785
48,3843717.850073399
49,3777546.063671538
50,3754627.2614242323
51,3754627.2614242323
52,3699901.4071230353
53,3699901.4071230353
54,3699901.4071230353
55,3665413.2033030405
56,3594101.5386488563
57,3594101.5386488563
58,3594101.5386488563
59,3574009.032490502
60,3574009.032490502
61,3541514.2107034326
62,3541514.2107034326
63,3497302.2711481596
64,3486433.698603934
65,3486433.698603934
66,3463953.102348224
67,3447102.64581105
68,3433174.769727746
69,3394385.7852731654
70,3386044.484873009
71,3386044.484873009
72,3386044.484873009
73,3377561.3422501697
74,3377561.3422501697
75,3329797.5514813173
76,3329797.5514813173
77,3329797.5514813173
78,3329797.5514813173
79,3329797.5514813173
80,3325622.8226091466
81,3325622.8226091466
82,3317923.8244366613
83,3305763.706691545
84,3305763.706691545
85,3305763.706691545
86,3302917.1891361726
87,3299104.1990504186
88,3291072.6811769055
89,3285497.911079947
90,3283763.2447514143
91,3278410.119341362
92,3278410.119341362
93,3278410.119341362
94,3266237.4165916606
95,3262519.9768531583
96,3262519.9768531583
97,3259535.2250867034
98,3259535.2250867034
99,3258096.364573956
100,3257127.322513858
101,3248256.3071723394
102,3247148.5738773276
103,3247148.5738773276
104,3242816.0612655967
105,3242816.0612655967
106,3240153.1008350006
107,3238942.454729076
108,3236944.294850907
109,3236126.15968363
110,3236126.15968363
111,3236126.15968363
112,3236126.15968363
113,3236126.15968363
