,0
0,5444495.437926744
1,5444495.437926744
2,5413287.259246558
3,5125747.788931361
4,5125747.788931361
5,4957023.854807856
6,4946203.075214201
7,4722519.601030776
8,4657179.567900459
9,4596112.398974549
10,4430418.368831346
11,4314988.904559521
12,4303885.341674337
13,4198638.889799196
14,4110474.571374436
15,3989039.4817207665
16,3962652.126734077
17,3818580.7405560506
18,3706126.693969628
19,3706126.693969628
20,3578790.0696484856
21,3451444.7722386485
22,3436868.1162178097
23,3436868.1162178097
24,3388716.685365401
25,3269283.6733975764
26,3249769.0022066804
27,3167624.7444192357
28,3120883.0187106165
29,3090083.441561883
30,3014396.43851746
31,3014396.43851746
32,2924086.268121236
33,2874571.2640910773
34,2853257.882147704
35,2824049.799445099
36,2775350.657257889
37,2774615.420544236
38,2757021.479131383
39,2715580.074520919
40,2694557.071514555
41,2668515.3051479
42,2609030.2912289617
43,2598794.5050972058
44,2598794.5050972058
45,2578530.164783057
46,2515009.259725221
47,2506459.144227237
48,2506459.144227237
49,2484137.671206913
50,2478722.216683085
51,2424499.311555716
52,2424499.311555716
53,2424499.311555716
54,2412210.611929369
55,2408375.115475949
56,2398339.805268292
57,2370594.2747385753
58,2370594.2747385753
59,2364989.1812790744
60,2360370.289934771
61,2354892.6706528757
62,2339939.564499944
63,2335890.8249227717
64,2335890.8249227717
65,2322670.6571346666
66,2321665.569321365
67,2309326.0040727104
68,2308341.425764439
69,2308341.425764439
70,2302576.65386332
71,2295279.9561381587
72,2285716.502599337
73,2285716.502599337
74,2285716.502599337
75,2285716.502599337
76,2285716.502599337
77,2281377.530158671
78,2275379.9629107555
79,2275379.9629107555
80,2275379.9629107555
81,2275379.9629107555
82,2268963.511394996
83,2268963.511394996
84,2268963.511394996
85,2268558.068640649
86,2266163.516152431
87,2264744.296577296
88,2264744.296577296
89,2264744.296577296
90,2264125.858466988
91,2264125.858466988
92,2264017.0276595517
93,2262421.059414784
94,2262421.059414784
95,2262179.141506816
96,2262056.0514940545
97,2262026.544975651
98,2260582.0949750673
99,2260582.0949750673
100,2260537.268815492
101,2259263.6729763653
102,2259263.6729763653
103,2259263.6729763653
104,2259263.6729763653
105,2259263.6729763653
106,2258973.4090701602
107,2258973.4090701602
108,2258578.7407970815
109,2258578.7407970815
110,2258578.7407970815
111,2258177.1579417456
112,2258177.1579417456
113,2258177.1579417456
114,2258133.3045655875
115,2257782.489668667
116,2257473.9825657057
117,2257473.9825657057
118,2257473.9825657057
119,2257473.9825657057
120,2256677.7314372906
121,2256677.7314372906
122,2256677.7314372906
123,2256677.7314372906
124,2256677.7314372906
