,0
0,5664156.638252087
1,5664156.638252087
2,5410891.14017682
3,5336978.741701082
4,5323054.628481211
5,5187899.267293117
6,4986950.28046617
7,4937590.144505865
8,4880743.361742357
9,4870807.585026462
10,4641483.510768593
11,4641483.510768593
12,4515907.147165348
13,4370675.773159309
14,4349179.6750229085
15,4292648.699465011
16,4254632.004334007
17,4148072.4738882924
18,4106803.05144862
19,4042827.5340198316
20,3868316.199920157
21,3734077.4025909533
22,3730695.413878368
23,3730695.413878368
24,3695598.3699034774
25,3578927.7896615444
26,3530995.3989891317
27,3374384.3441840946
28,3374384.3441840946
29,3374384.3441840946
30,3350732.885122075
31,3268233.2309610588
32,3254092.655291112
33,3143222.7824647427
34,3143222.7824647427
35,3104674.309075471
36,3069209.664297321
37,3062783.6378419655
38,3052020.505645086
39,2935127.5933155087
40,2871550.4849113123
41,2871550.4849113123
42,2871550.4849113123
43,2854274.1834058566
44,2810159.288155919
45,2810159.288155919
46,2783070.2379261646
47,2775119.7406505994
48,2705696.3114353735
49,2689547.3585364693
50,2689547.3585364693
51,2689547.3585364693
52,2665740.1073350427
53,2665740.1073350427
54,2658901.9854266467
55,2611831.202638483
56,2588901.630261926
57,2579239.1757131736
58,2579239.1757131736
59,2574475.8236708064
60,2568554.2275927854
61,2549091.4624459893
62,2542649.79678436
63,2542649.79678436
64,2542649.79678436
65,2535280.9118474545
66,2521486.971269039
67,2504953.227863576
68,2502073.166309506
69,2502073.166309506
70,2501684.3676257734
71,2496386.0456369324
72,2496386.0456369324
73,2485861.006196673
74,2485861.006196673
75,2481260.4978977134
76,2480403.611070537
77,2476837.246370033
78,2476837.246370033
79,2474392.647815864
80,2474242.2171536786
81,2471019.1296587815
82,2471019.1296587815
83,2470573.693427287
84,2470573.693427287
85,2470573.693427287
86,2470573.693427287
87,2470573.693427287
