,0
0,6952497.9778363155
1,6887283.21393622
2,6750273.289354661
3,6684403.197104849
4,6503387.952851198
5,6435858.548882856
6,6324018.824852388
7,6291835.36546607
8,6187674.60495243
9,5988416.466746462
10,5925340.889556543
11,5909612.760090539
12,5702242.226336245
13,5702242.226336245
14,5586416.252046967
15,5473159.973021763
16,5473159.973021763
17,5372691.048299799
18,5327405.24316848
19,5197962.282829071
20,5092435.203995005
21,4991013.077546902
22,4855432.395820058
23,4855432.395820058
24,4775591.386814377
25,4737457.455140494
26,4698187.04159186
27,4569098.104749564
28,4569098.104749564
29,4512932.630310539
30,4453634.60598058
31,4423288.934446451
32,4413857.702919498
33,4378765.373939348
34,4282790.766811382
35,4271313.5422356
36,4271313.5422356
37,4234832.653588969
38,4170085.9110481706
39,4163364.2755831745
40,4110206.8424449665
41,4050115.364352324
42,4050115.364352324
43,4050115.364352324
44,4030311.8974888125
45,4006142.714331793
46,3989170.721882466
47,3944424.658149746
48,3916106.5595137295
49,3902652.169895976
50,3899364.0842561293
51,3888126.609370727
52,3859750.2955124225
53,3858590.1306654806
54,3841984.342571155
55,3817688.0409209663
56,3814512.966737949
57,3798841.8347390345
58,3797284.419000167
59,3785245.752436493
60,3770380.7714774148
61,3766166.7833598643
62,3756580.6663788855
63,3756580.6663788855
64,3750778.0920968466
65,3732630.4208700284
66,3732630.4208700284
67,3722535.628191357
68,3719672.4235149547
69,3715429.591172379
70,3715429.591172379
71,3713619.1868111175
72,3701545.437283517
73,3701545.437283517
74,3697387.737759167
75,3697387.737759167
76,3693533.250122636
77,3693533.250122636
78,3690687.817852043
79,3686067.2437750525
80,3685282.701837773
81,3683924.3870957787
82,3681668.2914925762
83,3681668.2914925762
84,3680580.212995726
85,3679997.492617316
86,3679854.627136574
87,3679854.627136574
88,3679569.9055503034
89,3678969.6369956583
90,3678969.6369956583
91,3678969.6369956583
92,3678969.6369956583
93,3678969.6369956583
