,0
0,4830578.429367801
1,4798069.597596992
2,4762239.1848225705
3,4540351.9798086025
4,4434917.985989152
5,4282011.51296994
6,4162652.9519146346
7,4030364.8830951774
8,4030364.8830951774
9,3915805.686394645
10,3849839.986284579
11,3746593.913359303
12,3659980.471966467
13,3612677.75141286
14,3539775.1086930325
15,3456523.4419537582
16,3438022.158207143
17,3251434.1544365794
18,3231537.337588369
19,3182356.6217493736
20,3089372.419331294
21,3012801.720337925
22,2976870.204299453
23,2956860.7684732825
24,2950644.905831179
25,2779143.7958239955
26,2779143.7958239955
27,2732187.0465553836
28,2732187.0465553836
29,2673722.367071741
30,2673722.367071741
31,2673722.367071741
32,2630548.6734671523
33,2525148.0647370215
34,2503102.4707056284
35,2503102.4707056284
36,2488669.805111733
37,2463392.0979138073
38,2451922.7363278475
39,2415827.6376501145
40,2390159.2489956412
41,2379380.670945374
42,2363497.410849514
43,2344805.426158628
44,2311692.398620254
45,2278584.795446613
46,2275625.183403136
47,2259407.25515179
48,2230624.7963110437
49,2230624.7963110437
50,2183815.5564514673
51,2175920.1411982807
52,2175920.1411982807
53,2170037.0134222927
54,2150788.7475167713
55,2141692.1216378617
56,2138063.9306312185
57,2132279.7704457315
58,2118999.155203493
59,2109507.838848788
60,2089217.4283828274
61,2089217.4283828274
62,2089217.4283828274
63,2084915.5723074635
64,2071177.4707918584
65,2071177.4707918584
66,2064197.039924009
67,2061837.7502560958
68,2048699.8733423268
69,2048699.8733423268
70,2041233.840867318
71,2041233.840867318
72,2027908.7918174788
73,2027908.7918174788
74,2022051.0794634477
75,2019797.912575779
76,2019797.912575779
77,2015347.076654643
78,2012882.7934780724
79,2012466.449433824
80,2005043.6371194802
81,2002494.907689037
82,2002494.907689037
83,1998562.045431938
84,1996935.7449210072
85,1995400.9702168952
86,1992062.302318994
87,1992062.302318994
88,1991455.8339312016
89,1990661.9729189172
90,1989087.0107604153
91,1989005.2641630503
92,1987560.8380972855
93,1987560.8380972855
94,1986399.2064363167
95,1985725.9799365755
96,1983867.920503542
97,1983849.2469725718
98,1983849.2469725718
99,1983296.2159190448
100,1981995.123032295
101,1981460.7655097386
102,1981087.6224665954
103,1980787.5390099974
104,1975602.6161932505
105,1975602.6161932505
106,1975602.6161932505
107,1974121.6352961168
108,1971698.1769160908
109,1971698.1769160908
110,1971698.1769160908
111,1971398.0934594932
112,1971398.0934594932
113,1971398.0934594932
114,1971398.0934594932
115,1971398.0934594932
