,0
0,4815946.40040536
1,4702625.129341074
2,4660578.347622628
3,4601610.233729555
4,4326143.856622118
5,4326143.856622118
6,4131617.2701808778
7,4116953.203907079
8,3915272.032010921
9,3915272.032010921
10,3813890.9865057203
11,3716855.325277072
12,3716855.325277072
13,3626315.816362922
14,3626315.816362922
15,3397802.386240457
16,3386424.403735113
17,3356695.9890941726
18,3250732.5474103754
19,3155170.2223517145
20,3155170.2223517145
21,3055976.7617300134
22,2991419.1024349146
23,2938395.9529095273
24,2938395.9529095273
25,2882427.563717627
26,2829146.238344088
27,2719439.821756425
28,2719439.821756425
29,2694559.496264874
30,2657960.6349410242
31,2620648.7719991053
32,2564601.488239451
33,2564601.488239451
34,2525146.4053330137
35,2511593.417241055
36,2488330.204875751
37,2427244.6924574655
38,2400908.959742525
39,2370195.496805512
40,2320983.0485948944
41,2304066.6108397716
42,2304066.6108397716
43,2279975.227128624
44,2267456.2379553826
45,2267456.2379553826
46,2238027.6123175817
47,2225167.7090697233
48,2197084.762364284
49,2155343.66996316
50,2155343.66996316
51,2155343.66996316
52,2155343.66996316
53,2126061.5754594775
54,2116517.548045682
55,2115970.596817116
56,2115970.596817116
57,2096344.7785198353
58,2096344.7785198353
59,2090154.5773982115
60,2084336.9172513525
61,2068284.2549974243
62,2068284.2549974243
63,2066148.302005641
64,2053401.946012259
65,2053401.946012259
66,2047147.7142417978
67,2036222.9257808933
68,2036222.9257808933
69,2032990.4696247377
70,2030401.5492955118
71,2030401.5492955118
72,2024916.774911975
73,2024916.774911975
74,2023933.2058034318
75,2020653.9539019612
76,2018927.9034023867
77,2015861.231532341
78,2013298.976469432
79,2012196.5320079054
80,2011770.6666829954
81,2009111.9271425079
82,2008663.0805172888
83,2007894.7225929988
84,2007894.7225929988
85,2007894.7225929988
86,2007222.926426767
87,2007222.926426767
88,2007222.926426767
89,2007222.926426767
90,2007222.926426767
