,0
0,6285845.61931378
1,6246947.695312361
2,6110913.562327349
3,6033983.877825969
4,5832930.703271945
5,5832930.703271945
6,5832930.703271945
7,5716473.127551651
8,5692276.554515789
9,5617411.12105019
10,5568776.126484102
11,5541621.763410437
12,5457218.444973513
13,5410554.384528641
14,5271952.977787481
15,5271952.977787481
16,5157513.236390269
17,5157513.236390269
18,5023795.866666596
19,5023795.866666596
20,4960548.091037943
21,4904806.103441381
22,4857904.069304063
23,4857158.8230259195
24,4818226.886633011
25,4755977.010514182
26,4647645.9429225875
27,4647645.9429225875
28,4647645.9429225875
29,4583859.111726944
30,4474596.246795134
31,4474596.246795134
32,4428779.761369597
33,4367400.889974443
34,4318590.471766175
35,4318590.471766175
36,4293193.4548262935
37,4285896.824974415
38,4165400.436013458
39,4165400.436013458
40,4146937.0722681116
41,4060682.435037715
42,3985064.795808347
43,3985064.795808347
44,3985064.795808347
45,3985064.795808347
46,3885121.575470288
47,3817534.8853387907
48,3817534.8853387907
49,3817534.8853387907
50,3794055.8755563037
51,3719552.495642406
52,3719552.495642406
53,3719552.495642406
54,3688977.6864275
55,3662071.3276113905
56,3588882.1032604696
57,3588882.1032604696
58,3588882.1032604696
59,3546592.1019703676
60,3515563.0721289353
61,3497345.270595181
62,3497345.270595181
63,3497345.270595181
64,3471003.4888921934
65,3419931.2029385823
66,3419931.2029385823
67,3385858.466392053
68,3385858.466392053
69,3342252.1114552445
70,3342252.1114552445
71,3324879.083965057
72,3324879.083965057
73,3307818.400012384
74,3278068.9821003266
75,3278068.9821003266
76,3255245.946630692
77,3255245.946630692
78,3225619.846373129
79,3225619.846373129
80,3217421.561361501
81,3209565.264013446
82,3189398.412926743
83,3187170.1868904796
84,3161676.061994209
85,3161676.061994209
86,3136738.0683419085
87,3113010.1122209323
88,3113010.1122209323
89,3104458.573613936
90,3104458.573613936
91,3103791.757136719
92,3079029.375996579
93,3076921.7595701055
94,3050765.8571444647
95,3050765.8571444647
96,3035023.0008418337
97,3035023.0008418337
98,3035023.0008418337
99,3024466.5871952474
100,3024466.5871952474
101,3022683.065426131
102,3020997.1150886
103,3012009.225076829
104,3012009.225076829
105,2998891.795448865
106,2997160.5257079983
107,2997160.5257079983
108,2986658.7517622113
109,2983881.607293547
110,2974398.9943263517
111,2974352.936862392
112,2961596.1656482224
113,2961596.1656482224
114,2959448.4717394677
115,2957289.894777781
116,2955256.891639637
117,2953492.319399635
118,2952214.5313476347
119,2951112.7225353965
120,2949277.212973364
121,2949277.212973364
122,2949277.212973364
123,2949277.212973364
124,2949277.212973364
125,2948027.0006707557
126,2948027.0006707557
127,2946176.747325839
128,2946176.747325839
129,2946176.747325839
130,2946176.747325839
131,2946176.747325839
132,2933275.884243999
133,2933275.884243999
134,2933275.884243999
135,2933275.884243999
136,2933275.884243999
