,0
0,6244162.639900358
1,6244162.639900358
2,6196790.438995142
3,6196790.438995142
4,5989802.65296337
5,5989802.65296337
6,5973587.167451308
7,5960103.801661493
8,5942547.436737484
9,5728081.02010065
10,5562220.794854523
11,5540221.343529554
12,5540221.343529554
13,5467593.633854813
14,5467593.633854813
15,5467593.633854813
16,5456224.76246079
17,5400541.071313699
18,5225858.722630894
19,5225858.722630894
20,5179364.886696239
21,5090428.789348233
22,5090428.789348233
23,4983890.592565362
24,4983890.592565362
25,4934057.21899869
26,4761861.485959743
27,4706115.699401032
28,4706115.699401032
29,4706115.699401032
30,4706115.699401032
31,4705204.5036028335
32,4609985.229365286
33,4562576.706598512
34,4537051.824969256
35,4476814.470562225
36,4361142.638423579
37,4361142.638423579
38,4356100.915531011
39,4295557.182010624
40,4238613.695622051
41,4214563.983599938
42,4184482.653056063
43,4184482.653056063
44,4145339.0428896495
45,4102825.9115908174
46,4068817.6874653893
47,4053042.4633289394
48,4012648.3690188234
49,4003779.1728189825
50,3946575.353187254
51,3922192.9396498646
52,3915525.600732418
53,3872865.8024174687
54,3859043.983777011
55,3834707.2430663374
56,3805644.5383838206
57,3795549.0327065275
58,3783297.7543305806
59,3759682.5889565614
60,3743184.393880211
61,3723222.0429764185
62,3689761.5741761304
63,3661373.678749955
64,3661373.678749955
65,3655264.662028273
66,3650634.8636479937
67,3607189.3981829803
68,3606152.0796072553
69,3606152.0796072553
70,3577801.300637712
71,3577801.300637712
72,3570773.634951601
73,3562649.3576723095
74,3550961.9085588534
75,3533361.207676875
76,3524883.2198771765
77,3522711.309457371
78,3511746.7635903596
79,3511746.7635903596
80,3492609.102975296
81,3466250.0910637174
82,3466250.0910637174
83,3466250.0910637174
84,3466250.0910637174
85,3463568.1493387935
86,3463568.1493387935
87,3461486.255763975
88,3461486.255763975
89,3461486.255763975
90,3460725.55410193
91,3460725.55410193
92,3460725.55410193
93,3460725.55410193
94,3460725.55410193
