,0
0,6234015.633242823
1,6198658.103415091
2,6198658.103415091
3,6172776.162590535
4,6059603.6180515485
5,5998172.709504919
6,5867091.541898236
7,5845464.332140555
8,5780273.244589661
9,5725193.153967198
10,5723532.497811408
11,5632999.383331101
12,5567549.279839804
13,5514787.454517411
14,5486531.467954901
15,5314381.586468922
16,5312131.380140697
17,5255574.276347703
18,5063227.954968418
19,5063227.954968418
20,5055838.696324849
21,5000234.117521006
22,5000234.117521006
23,4985016.847934709
24,4879332.785310132
25,4811546.128082168
26,4811546.128082168
27,4806088.580914253
28,4756565.281851897
29,4731484.1106736995
30,4653185.1909238035
31,4653185.1909238035
32,4585357.669786893
33,4585357.669786893
34,4316267.929230039
35,4316267.929230039
36,4316267.929230039
37,4316267.929230039
38,4316267.929230039
39,4249794.128112182
40,4227627.359078897
41,4227627.359078897
42,4169429.454654273
43,4169429.454654273
44,4095037.1995853037
45,4036447.21213847
46,4036447.21213847
47,4000147.7244927636
48,3998158.895449171
49,3981934.120607845
50,3981934.120607845
51,3947002.2714207764
52,3947002.2714207764
53,3849244.8140834495
54,3849244.8140834495
55,3849244.8140834495
56,3849244.8140834495
57,3775913.361142058
58,3775913.361142058
59,3775913.361142058
60,3720056.9245916693
61,3720056.9245916693
62,3646394.6958342665
63,3646394.6958342665
64,3646394.6958342665
65,3646394.6958342665
66,3646394.6958342665
67,3607794.2747013983
68,3607794.2747013983
69,3600691.684204291
70,3564561.5051347585
71,3517488.304067166
72,3517488.304067166
73,3517488.304067166
74,3517488.304067166
75,3464256.413470198
76,3449567.2655771896
77,3449567.2655771896
78,3449567.2655771896
79,3432236.789129522
80,3417523.653378395
81,3417523.653378395
82,3382237.217827037
83,3382237.217827037
84,3357908.610377317
85,3356842.148169869
86,3356842.148169869
87,3337458.2801904446
88,3337458.2801904446
89,3320095.826340263
90,3312324.211138302
91,3293888.662204006
92,3292690.095586491
93,3283879.780083454
94,3283879.780083454
95,3267783.667619578
96,3267783.667619578
97,3267783.667619578
98,3253910.754061683
99,3232672.8814220275
100,3232672.8814220275
101,3232672.8814220275
102,3232672.8814220275
103,3232672.8814220275
104,3232637.80527755
105,3218866.924227247
106,3216742.4844518756
107,3216742.4844518756
108,3216742.4844518756
109,3215479.599481109
110,3214925.7809881084
111,3209354.7462962717
112,3202191.1595600815
113,3202191.1595600815
114,3202191.1595600815
115,3199315.696521721
116,3198995.459334484
117,3197513.9939375794
118,3197513.9939375794
119,3195748.26991489
120,3195748.26991489
121,3195748.26991489
122,3193253.193377774
123,3193253.193377774
124,3193253.193377774
125,3192727.78213324
126,3192012.8805996194
127,3192012.8805996194
128,3192012.8805996194
129,3192012.8805996194
130,3191487.469355085
131,3191487.469355085
132,3191487.469355085
133,3191487.469355085
134,3191487.469355085
