,0
0,4771654.475070067
1,4771654.475070067
2,4656243.984882741
3,4598315.197168617
4,4505490.793365708
5,4338444.519634437
6,4253566.0397512
7,4253566.0397512
8,4138563.777456266
9,3902032.16625979
10,3820746.4785996615
11,3697069.4416421345
12,3697069.4416421345
13,3675740.916800351
14,3548286.911899117
15,3547091.165712661
16,3420223.4852658114
17,3394063.3653409528
18,3229100.722255802
19,3216570.4671391784
20,3216570.4671391784
21,3065870.5249404185
22,3065870.5249404185
23,2966806.487100294
24,2966806.487100294
25,2944527.244604725
26,2858494.7721690563
27,2843547.328110671
28,2812427.8296106607
29,2779006.7140807994
30,2748919.940942578
31,2716937.288095997
32,2670263.2215658403
33,2644323.709068363
34,2604811.57513694
35,2561604.970740114
36,2536344.0605507074
37,2512075.7297411566
38,2492543.9298351216
39,2433568.976355446
40,2415185.977387902
41,2380118.5254520583
42,2377933.0637207795
43,2328182.7746784524
44,2285405.590725402
45,2285405.590725402
46,2285405.590725402
47,2266524.7456448907
48,2237808.6978908777
49,2237808.6978908777
50,2214451.8694915376
51,2210321.727248768
52,2205881.5927359047
53,2184663.971004408
54,2164187.633685471
55,2164187.633685471
56,2152840.484658951
57,2134249.1053788085
58,2129714.839471478
59,2120284.884883432
60,2106807.3644958613
61,2089853.5819885018
62,2089066.8793183812
63,2087635.4641573539
64,2087635.4641573539
65,2081477.782464827
66,2068841.4668484326
67,2068841.4668484326
68,2058570.1098951572
69,2058570.1098951572
70,2050656.4381801148
71,2050656.4381801148
72,2050656.4381801148
73,2044492.680135918
74,2044492.680135918
75,2043941.7346174058
76,2042684.1950142304
77,2037500.0782510457
78,2037500.0782510457
79,2036940.5149519434
80,2036923.703105204
81,2035531.6960059847
82,2035394.4095732002
83,2035394.4095732002
84,2035103.4220509655
85,2035103.4220509655
86,2034863.1413372974
87,2034710.55983228
88,2034710.55983228
89,2034710.55983228
90,2034656.276760912
91,2034606.6895367783
92,2034606.6895367783
93,2034606.6895367783
94,2034606.6895367783
95,2034606.6895367783
