,0
0,6927527.455781388
1,6886543.040847207
2,6656022.4457421675
3,6581153.704453951
4,6490024.685487577
5,6411757.976412718
6,6239522.690028571
7,6101223.024826897
8,6072963.756714968
9,6072963.756714968
10,5935658.784128614
11,5934953.541491083
12,5697257.5346445395
13,5614554.757002343
14,5535526.471292114
15,5356639.778663106
16,5355602.37134533
17,5355602.37134533
18,5213927.926136534
19,5146189.292205556
20,5035534.138317209
21,4949854.909055335
22,4790693.111559262
23,4790693.111559262
24,4790202.3080834495
25,4760453.540146296
26,4666197.9970735125
27,4649045.767935594
28,4544542.73993532
29,4534509.628638983
30,4494735.805644351
31,4426260.324128871
32,4367331.488153479
33,4312333.401853234
34,4273098.014308686
35,4271433.040142136
36,4157120.4458805905
37,4142237.025024833
38,4140998.8063304354
39,4102656.3878316726
40,4102656.3878316726
41,4073203.9360331665
42,4017488.112487616
43,4011372.960966206
44,3991456.318927504
45,3974632.6216978068
46,3951000.5078518568
47,3928843.134212959
48,3903706.8110728995
49,3863954.979886144
50,3863954.979886144
51,3849631.674216412
52,3843989.9998269784
53,3820949.169073064
54,3814668.4853878254
55,3790922.7792530316
56,3788724.040370494
57,3782686.911297001
58,3767247.1395908967
59,3760647.1089273677
60,3745011.324096689
61,3738927.386229856
62,3736865.406048905
63,3730751.976320194
64,3716571.2481871587
65,3716153.276405099
66,3711471.569662631
67,3707105.8750722287
68,3703889.301429257
69,3700328.5085475547
70,3697777.9567295723
71,3690249.444620779
72,3690061.7339396644
73,3688815.677962374
74,3685791.519444977
75,3685791.519444977
76,3684589.177156983
77,3682537.004992064
78,3681706.0635431893
79,3681706.0635431893
80,3679984.3833504803
81,3679909.6779914964
82,3679236.81174956
83,3676225.188073039
84,3676225.188073039
85,3675032.369903529
86,3675032.369903529
87,3674787.620308143
88,3674011.304585494
89,3674011.304585494
90,3673594.802138633
91,3673594.802138633
92,3673594.802138633
93,3673594.802138633
94,3673594.802138633
