,0
0,5832707.399086942
1,5670318.771894983
2,5486024.647078802
3,5436322.024246515
4,5240236.826374014
5,5034914.383554076
6,4986238.37710227
7,4831481.068680534
8,4661579.066023234
9,4618520.150866406
10,4403176.107273589
11,4403176.107273589
12,4272880.772580541
13,4272880.772580541
14,4153379.9116700985
15,4096792.119930479
16,3935710.4053300656
17,3926014.0082648643
18,3767498.9366268595
19,3767498.9366268595
20,3691078.938824823
21,3672207.69987155
22,3660661.131665426
23,3444368.7639421667
24,3444368.7639421667
25,3334678.938688746
26,3215679.1112334034
27,3215679.1112334034
28,3110428.8608653387
29,3091965.819532819
30,3053955.7475923127
31,3044833.2180417893
32,3033520.866903554
33,2979361.985505601
34,2905625.6355246683
35,2873513.4714033604
36,2855972.9874009807
37,2833251.4649897115
38,2807089.2102212226
39,2730862.091228575
40,2721525.2268298757
41,2718923.8138125073
42,2670363.913978297
43,2652587.8590337597
44,2637909.7501961063
45,2633771.8151502726
46,2619631.059668564
47,2592999.144362667
48,2578255.221533391
49,2569568.2495492087
50,2554343.399385226
51,2543048.656602563
52,2531907.7485034135
53,2526510.994993839
54,2524041.511897557
55,2502304.284921299
56,2499033.1731755817
57,2491452.349119448
58,2488630.299975766
59,2464269.3474994972
60,2464269.3474994972
61,2463928.016156939
62,2456157.7874214724
63,2451962.5109351487
64,2442965.8431508164
65,2430370.355433742
66,2430370.355433742
67,2423635.6032101423
68,2423635.6032101423
69,2423635.6032101423
70,2420896.72818378
71,2418554.719767144
72,2416730.3914354783
73,2413822.8409328368
74,2400541.748572985
75,2400541.748572985
76,2400541.748572985
77,2400541.748572985
78,2400541.748572985
79,2398032.440377788
80,2398032.440377788
81,2396883.9601473706
82,2396883.9601473706
83,2395046.6018141727
84,2395046.6018141727
85,2391877.2377114026
86,2390695.1067912607
87,2390695.1067912607
88,2388495.389542427
89,2387313.2586222854
90,2386513.6211396013
91,2385475.900289088
92,2382185.37668999
93,2382185.37668999
94,2382185.37668999
95,2382185.37668999
96,2382040.9666203614
97,2382040.9666203614
98,2381848.3569068066
99,2380948.4458078207
100,2380560.361642586
101,2380560.361642586
102,2380560.361642586
103,2380184.1477696453
104,2379741.263642383
105,2379741.263642383
106,2379741.263642383
107,2379741.263642383
108,2377768.110595274
109,2375060.079899811
110,2375060.079899811
111,2375060.079899811
112,2375060.079899811
113,2373086.926852702
114,2373086.926852702
115,2364262.184550615
116,2364262.184550615
117,2364262.184550615
118,2364262.184550615
119,2364262.184550615
120,2362600.236261791
121,2362600.236261791
122,2362600.236261791
123,2362600.236261791
124,2362600.236261791
