,0
0,6894392.821586586
1,6856937.014093369
2,6707441.427029644
3,6669864.133935977
4,6528058.327649462
5,6500426.234043366
6,6205829.330197002
7,6205829.330197002
8,5953912.2900780225
9,5953912.2900780225
10,5953912.2900780225
11,5874655.505257306
12,5696634.043885222
13,5696634.043885222
14,5658251.160248916
15,5504619.950413158
16,5478187.852955874
17,5357878.973744916
18,5294640.45715648
19,5208475.72366418
20,5095538.6336737955
21,5076362.604984618
22,4941401.330759221
23,4874631.128157925
24,4783448.302373975
25,4687977.057174115
26,4633460.758025845
27,4572940.714432424
28,4572940.714432424
29,4572940.714432424
30,4502550.28395759
31,4426354.02584983
32,4426354.02584983
33,4370151.647667535
34,4327696.817507329
35,4275447.17192218
36,4254048.0206152955
37,4162704.4155199784
38,4162106.45556287
39,4077138.1074692677
40,4077138.1074692677
41,4055100.578117786
42,4022098.5114125893
43,3980798.402938714
44,3980798.402938714
45,3941531.571931574
46,3941531.571931574
47,3915597.9883709606
48,3906663.435655501
49,3887055.1998863434
50,3863686.2478646724
51,3855248.4692933033
52,3836871.4847319946
53,3834758.787994319
54,3815565.97072819
55,3815565.97072819
56,3795195.4548495817
57,3788780.269251197
58,3783801.430576369
59,3782224.9480155935
60,3780690.716246402
61,3772084.294592334
62,3765803.8213517014
63,3758208.1773576587
64,3758208.1773576587
65,3755868.2107812595
66,3746158.5090876715
67,3734849.133020911
68,3730935.5310983574
69,3727836.0461431784
70,3727836.0461431784
71,3724389.991660885
72,3717348.182888365
73,3717348.182888365
74,3717348.182888365
75,3715211.85857896
76,3711573.030900387
77,3708487.8696065526
78,3707770.1246720497
79,3706773.347777016
80,3706579.2204217617
81,3702499.3912240327
82,3702499.3912240327
83,3702499.3912240327
84,3702061.300777791
85,3698571.5663455
86,3698571.5663455
87,3698098.3678116775
88,3698098.3678116775
89,3697640.964737774
90,3697640.964737774
91,3696777.506472945
92,3696718.516159833
93,3696718.516159833
94,3696718.516159833
95,3696718.516159833
96,3695870.853354923
97,3695397.6548211006
98,3695397.6548211006
99,3695397.6548211006
100,3695397.6548211006
101,3695397.6548211006
