,0
0,4902101.231253989
1,4823608.378394344
2,4531182.701385515
3,4361592.640694728
4,4361592.640694728
5,4361592.640694728
6,4147838.615606709
7,4147838.615606709
8,4092501.9255838306
9,3954302.799674245
10,3906920.028599983
11,3833798.363150876
12,3809018.030293841
13,3754251.038480403
14,3619184.0965858223
15,3547552.8896700544
16,3513837.208584891
17,3498963.69082033
18,3485463.7034041206
19,3343740.5209797407
20,3218389.316916233
21,3143204.3663424826
22,3143204.3663424826
23,3123516.1643958185
24,3110221.0938311466
25,3069662.5890115197
26,2997966.6100371615
27,2950407.8887303285
28,2941657.82868531
29,2908915.6121644066
30,2871020.024133913
31,2820986.0825856137
32,2736192.402735732
33,2736192.402735732
34,2725648.5336379027
35,2697624.801706214
36,2619797.515197602
37,2619797.515197602
38,2601883.853382896
39,2562121.854385071
40,2532138.060161942
41,2488955.5955222407
42,2488955.5955222407
43,2488955.5955222407
44,2475662.248075881
45,2471599.184657281
46,2445248.206240102
47,2408806.8310689153
48,2408806.8310689153
49,2394338.669712443
50,2393424.767882141
51,2393424.767882141
52,2384663.5370944585
53,2377416.4117675456
54,2342000.224836017
55,2342000.224836017
56,2342000.224836017
57,2339933.9062685547
58,2328195.822720811
59,2325146.2000215314
60,2324174.016808323
61,2319290.8558073207
62,2313360.096407274
63,2313360.096407274
64,2310674.41627758
65,2306101.156896221
66,2303838.8737665536
67,2298954.13382259
68,2298954.13382259
69,2290958.90052417
70,2280506.858655616
71,2278039.3516580607
72,2270335.9595539756
73,2267923.682043825
74,2267923.682043825
75,2262820.7905960022
76,2254669.464914261
77,2253183.2417635317
78,2253183.2417635317
79,2249936.9030801076
80,2245987.805586831
81,2245987.805586831
82,2245987.805586831
83,2241963.2255249615
84,2241369.5596770626
85,2237969.600646371
86,2237605.6729393797
87,2235353.2466483954
88,2235353.2466483954
89,2231931.520009248
90,2228623.63817381
91,2228623.63817381
92,2224916.7112987568
93,2224915.0251394734
94,2222895.443763799
95,2222895.443763799
96,2222670.965766692
97,2221892.7364623738
98,2221891.050303091
99,2221884.961745245
100,2220511.6808668855
101,2219950.950247619
102,2219194.8516762257
103,2218152.9041083097
104,2217563.5972382165
105,2217563.5972382165
106,2217563.5972382165
107,2217563.5972382165
108,2217563.5972382165
109,2215598.5463429387
110,2215431.754641638
111,2215350.251453623
112,2213800.500203629
113,2213800.500203629
114,2213800.500203629
115,2213552.2053143135
116,2213189.947707179
117,2207891.3281492377
118,2207643.033259922
119,2207643.033259922
120,2207280.7756527876
121,2207280.7756527876
122,2207032.4807634726
123,2207032.4807634726
124,2207032.4807634726
125,2207032.4807634726
126,2207032.4807634726
