,0
0,5293928.799507496
1,5205705.393242553
2,5205705.393242553
3,5205705.393242553
4,5143753.403867647
5,5021887.665895268
6,4819657.5045298105
7,4713798.1905743815
8,4603104.390757634
9,4336301.58674838
10,4336301.58674838
11,4191701.653013388
12,4191701.653013388
13,4133741.83396186
14,4056712.3970161015
15,3941722.4937372473
16,3862128.1264038333
17,3715636.019835191
18,3715636.019835191
19,3693070.523879073
20,3559624.6539219986
21,3507693.6523923054
22,3436148.9645904535
23,3298746.6631044783
24,3298746.6631044783
25,3298746.6631044783
26,3227002.229957565
27,3206065.152051306
28,3169687.5275276867
29,3169687.5275276867
30,3077711.960381999
31,3077711.960381999
32,3022769.971064855
33,2917294.4185025403
34,2917294.4185025403
35,2890051.864072262
36,2890051.864072262
37,2826554.171736276
38,2800918.592314388
39,2773435.25264889
40,2751820.220568933
41,2739523.392886709
42,2713594.7444661483
43,2689038.0347520416
44,2645399.99093969
45,2645399.99093969
46,2645399.99093969
47,2619255.7990959543
48,2619255.7990959543
49,2581400.2311944948
50,2581400.2311944948
51,2556420.754059865
52,2556420.754059865
53,2555444.215193846
54,2539339.5287901354
55,2530220.5392321995
56,2507556.2366671856
57,2485821.410535134
58,2485821.410535134
59,2485821.410535134
60,2473889.1080499175
61,2473889.1080499175
62,2466469.991449864
63,2461676.4201797736
64,2447678.5357903033
65,2447678.5357903033
66,2442485.8516876134
67,2440502.8459596513
68,2428417.853947203
69,2428417.853947203
70,2426861.863666758
71,2425860.3527781726
72,2421100.1866425104
73,2421100.1866425104
74,2417833.982375465
75,2416281.069286181
76,2414808.0049063605
77,2411144.965713161
78,2408801.7824261263
79,2405251.0859302767
80,2403565.863147947
81,2399291.2952634203
82,2399291.2952634203
83,2398057.913350608
84,2398057.913350608
85,2396141.1919693435
86,2396141.1919693435
87,2388955.4608886577
88,2388407.2567056175
89,2386417.4374425374
90,2386417.4374425374
91,2382821.897916966
92,2382821.897916966
93,2382821.897916966
94,2381026.9065005467
95,2381026.9065005467
96,2381026.9065005467
97,2381026.9065005467
98,2378992.1431452287
99,2378992.1431452287
100,2378992.1431452287
101,2378992.1431452287
102,2378992.1431452287
