,0
0,5638276.759797421
1,5638276.759797421
2,5426377.3437664695
3,5261338.462526057
4,4966274.90511578
5,4966274.90511578
6,4856874.565584411
7,4749300.908692978
8,4716793.621227304
9,4716793.621227304
10,4592418.150130349
11,4371910.512377912
12,4356718.566133358
13,4221960.534938696
14,4166389.7523959526
15,4102008.757499517
16,3993959.7118408377
17,3941160.845831355
18,3858318.6428754106
19,3841999.6222203425
20,3727347.5010814127
21,3727347.5010814127
22,3589346.055973809
23,3583187.16443202
24,3421457.303252237
25,3421457.303252237
26,3384809.980424131
27,3318487.905165348
28,3266735.271238281
29,3266735.271238281
30,3150685.5291725346
31,3110026.7950456482
32,3096143.29647255
33,3001937.9421560625
34,2958217.450535195
35,2917135.3752998584
36,2917135.3752998584
37,2909473.27199188
38,2839251.559918692
39,2813135.3455045023
40,2773259.4632824934
41,2745039.6628485667
42,2745039.6628485667
43,2733219.7087907074
44,2690934.383482038
45,2690934.383482038
46,2673097.1219347087
47,2615925.5380027494
48,2573872.3530362803
49,2573872.3530362803
50,2566658.9531826912
51,2560754.0707650846
52,2525437.948947215
53,2518879.560319108
54,2505516.151797379
55,2491462.51798029
56,2476961.8715931126
57,2465991.0397690535
58,2452721.9904484716
59,2448338.751318375
60,2435017.9114740207
61,2418187.9146296014
62,2409565.2162280637
63,2409565.2162280637
64,2396919.70274286
65,2396417.660283723
66,2384029.42724489
67,2382970.26454238
68,2358687.3526573465
69,2358687.3526573465
70,2350924.883710713
71,2350924.883710713
72,2350924.883710713
73,2331133.5194106675
74,2331133.5194106675
75,2323357.5468729977
76,2323357.5468729977
77,2323357.5468729977
78,2323357.5468729977
79,2323357.5468729977
80,2322328.1191517157
81,2320222.922041266
82,2319498.763262335
83,2311022.131930288
84,2310537.8942526868
85,2308505.241126034
86,2305579.5423623896
87,2305579.5423623896
88,2305579.5423623896
89,2305579.5423623896
90,2304487.132020729
91,2301966.3506065602
92,2300929.4847970586
93,2300929.4847970586
94,2300505.2546234275
95,2300505.2546234275
96,2299986.23841245
97,2298967.1065730616
98,2298220.443211686
99,2296894.019171745
100,2296367.4668845073
101,2296214.074678328
102,2296214.074678328
103,2296214.074678328
104,2296214.074678328
105,2296214.074678328
