,0
0,6920819.722920108
1,6920819.722920108
2,6819349.102645633
3,6614532.261475022
4,6521727.960835546
5,6521727.960835546
6,6350331.208450558
7,6350331.208450558
8,6309360.750318597
9,6086008.544899088
10,5884240.752306269
11,5872806.782562441
12,5850440.68856414
13,5733949.536010954
14,5725524.738530976
15,5584714.604539929
16,5513342.864502578
17,5355659.439546812
18,5355659.439546812
19,5345454.232227381
20,5234353.2892838735
21,5229083.61546838
22,5171118.009694273
23,5127078.167929793
24,5023409.60961752
25,4950029.661639204
26,4869753.145262774
27,4863099.317365413
28,4841954.535457163
29,4694008.415130371
30,4694008.415130371
31,4666391.375212478
32,4615929.113399735
33,4554107.603873836
34,4528935.792693939
35,4486853.156475445
36,4437704.787181183
37,4437704.787181183
38,4424438.568250547
39,4424422.990258306
40,4371988.702637871
41,4327924.696670594
42,4309192.863143079
43,4283577.899001724
44,4283577.899001724
45,4214893.5101248985
46,4214893.5101248985
47,4214893.5101248985
48,4196403.395791022
49,4188545.303605901
50,4181531.426771033
51,4165526.6629655613
52,4135130.110711444
53,4135130.110711444
54,4135130.110711444
55,4135130.110711444
56,4117590.2081323788
57,4108091.3265210777
58,4108091.3265210777
59,4108091.3265210777
60,4099980.2026942107
61,4096821.830252427
62,4089162.8916809536
63,4075938.5924339704
64,4070175.15270707
65,4070175.15270707
66,4070175.15270707
67,4068784.9614548665
68,4068497.7807536693
69,4067591.2773407064
70,4066729.1878388515
71,4066312.329303398
72,4065163.0591003466
73,4065163.0591003466
74,4064195.43794192
75,4063790.484708444
76,4063052.149657987
77,4063052.149657987
78,4063052.149657987
79,4063052.149657987
80,4063052.149657987
