,0
0,4426182.266094348
1,4366761.335013095
2,4283837.417808595
3,4229069.933487267
4,4105427.7659988054
5,4043268.8113720044
6,3937941.599081331
7,3856274.2112177047
8,3766609.0065659797
9,3739512.561422633
10,3619064.556078311
11,3518913.5778238755
12,3435902.709823648
13,3435902.709823648
14,3380425.3572554863
15,3176691.4660725803
16,3136784.438850208
17,3086694.747903049
18,3029970.9683546936
19,3029970.9683546936
20,2966818.903158928
21,2923717.0393976816
22,2871103.31460294
23,2710347.565330706
24,2710347.565330706
25,2693113.457563888
26,2655496.8513763733
27,2583125.4870940233
28,2518671.035158544
29,2505601.264343404
30,2438278.577207217
31,2361239.14628462
32,2341994.7094003805
33,2340050.4976695213
34,2324266.0996302217
35,2255586.0315677146
36,2229814.6944995765
37,2225033.518583115
38,2149551.5984575343
39,2149551.5984575343
40,2149551.5984575343
41,2125797.8918207595
42,2114936.1570211877
43,2096799.2852618066
44,2092799.3627389828
45,2090308.165429622
46,2065199.845543254
47,2059473.4539563267
48,2055192.6078642576
49,2051327.4701027647
50,2040474.4334822865
51,2034573.2938274108
52,2034573.2938274108
53,2032914.5646371876
54,2026517.1139671856
55,2019354.5079610567
56,2011185.5905275191
57,2008153.8815025163
58,2008153.8815025163
59,2007764.894623214
60,2006252.3735410771
61,1999882.789575025
62,1999882.789575025
63,1997031.837619887
64,1992701.6073674888
65,1990774.3190563445
66,1987726.1320553522
67,1987159.4048059736
68,1984777.559349836
69,1981036.7548633795
70,1981036.7548633795
71,1981036.7548633795
72,1980072.9838276575
73,1975902.280990113
74,1975902.280990113
75,1970386.9867792889
76,1969585.6735637572
77,1967427.348224121
78,1967427.348224121
79,1965867.9206511485
80,1965867.9206511485
81,1953570.9264050324
82,1952164.6908325516
83,1952045.7392544001
84,1950849.2154914467
85,1942214.6331740813
86,1942088.4317500559
87,1942088.4317500559
88,1939743.2221422056
89,1936848.04834366
90,1936408.8944057177
91,1936408.8944057177
92,1926374.7369513672
93,1926374.7369513672
94,1926374.7369513672
95,1925990.761169201
96,1925747.553469763
97,1925747.553469763
98,1925389.3297020479
99,1925263.1282780224
100,1925263.1282780224
101,1925263.1282780224
102,1925263.1282780224
103,1925263.1282780224
