,0
0,4405757.267622828
1,4378933.428445118
2,4263370.201010284
3,4254828.854939624
4,4084834.3758623037
5,4025793.0023249765
6,3907960.348352031
7,3836214.206368833
8,3761659.0438632336
9,3655174.3143035746
10,3630795.3972457
11,3568349.669992758
12,3459491.6864176444
13,3424198.0163472984
14,3324046.6418086584
15,3210733.1676544067
16,3012271.040057937
17,2992197.2081780597
18,2990963.224218887
19,2970499.0235844147
20,2928712.863297658
21,2832346.550363739
22,2744878.3197626444
23,2700425.773340052
24,2647422.9203976984
25,2647422.9203976984
26,2516542.5764342993
27,2507183.3661813787
28,2507183.3661813787
29,2470719.344017342
30,2421435.798182028
31,2404916.040828251
32,2379555.6864844537
33,2267444.1926599904
34,2267444.1926599904
35,2267444.1926599904
36,2267444.1926599904
37,2219098.5044802246
38,2205476.383182516
39,2143080.292363256
40,2143080.292363256
41,2127980.6295756935
42,2095245.5564860574
43,2067579.0187417285
44,2036283.9743130337
45,2036283.9743130337
46,2026551.299254335
47,1987266.4360902288
48,1985987.9863247697
49,1962426.4680183583
50,1951297.4395688006
51,1938492.143287546
52,1935079.5477096473
53,1922775.4131394802
54,1914088.980414763
55,1903327.0092863496
56,1903327.0092863496
57,1903327.0092863496
58,1889030.158891688
59,1884072.0306690761
60,1884072.0306690761
61,1871940.1151321935
62,1871940.1151321935
63,1867863.042659829
64,1867408.2107665092
65,1862323.012201543
66,1858587.8057528269
67,1858587.8057528269
68,1853526.1924686935
69,1853526.1924686935
70,1852388.4214486673
71,1851161.7411829003
72,1850620.5274320643
73,1850116.4774871883
74,1849910.619621628
75,1849903.9841518777
76,1849890.5700474554
77,1849890.5700474554
78,1849890.5700474554
79,1849890.5700474554
80,1849678.0767121448
81,1849678.0767121448
82,1849678.0767121448
83,1849678.0767121448
84,1849678.0767121448
