,0
0,6364263.346224728
1,6011709.831087141
2,6011709.831087141
3,5944731.811059233
4,5944731.811059233
5,5915803.695173463
6,5877974.1978226425
7,5717342.174973397
8,5708400.67669163
9,5682719.8154063085
10,5660727.828361498
11,5363514.4275298845
12,5363514.4275298845
13,5363514.4275298845
14,5363514.4275298845
15,5363514.4275298845
16,5362400.792641828
17,5294985.758017402
18,5210126.498520262
19,5210126.498520262
20,5173413.748988446
21,5128477.993499629
22,5089805.172701961
23,4931558.373148564
24,4931558.373148564
25,4931558.373148564
26,4895839.531515165
27,4822087.596938445
28,4734188.692901831
29,4734188.692901831
30,4607303.509311221
31,4540699.178187826
32,4540699.178187826
33,4529480.419255886
34,4454058.74404353
35,4449974.102619751
36,4377279.390610313
37,4370677.529642456
38,4370677.529642456
39,4303070.32076488
40,4213991.087069938
41,4213991.087069938
42,4213991.087069938
43,4145048.3265542905
44,4145048.3265542905
45,4145048.3265542905
46,4145048.3265542905
47,4081829.5248769107
48,4039765.4421452726
49,4039765.4421452726
50,3989572.7866223245
51,3920041.978490636
52,3920041.978490636
53,3920041.978490636
54,3893391.7530393973
55,3893391.7530393973
56,3844421.6225393405
57,3828671.1306850715
58,3713443.2304862244
59,3713443.2304862244
60,3713443.2304862244
61,3713443.2304862244
62,3687310.323949627
63,3616730.7325318893
64,3616730.7325318893
65,3585205.4155338737
66,3514302.558542664
67,3514302.558542664
68,3514302.558542664
69,3514302.558542664
70,3514302.558542664
