,0
0,4382105.207024006
1,4365766.392082749
2,4365766.392082749
3,4068266.041081549
4,4068266.041081549
5,4040986.47123647
6,3915935.051398153
7,3886845.0454999157
8,3665296.239347426
9,3665296.239347426
10,3642120.3784564054
11,3589188.3812265806
12,3507687.9836436743
13,3397608.0452435776
14,3286169.82617526
15,3283629.5056666476
16,3172786.3648392037
17,3136184.4024998555
18,3008907.5704756407
19,2867142.4685517233
20,2867142.4685517233
21,2867142.4685517233
22,2764883.550395618
23,2764883.550395618
24,2653020.490308285
25,2628519.6998741985
26,2583027.33455662
27,2522551.0979415015
28,2354200.2694710116
29,2354200.2694710116
30,2354200.2694710116
31,2354200.2694710116
32,2321659.104703325
33,2261127.626052422
34,2249468.230261516
35,2228253.0970766004
36,2221673.4250165094
37,2127862.019865157
38,2103109.4202183196
39,2096463.7246746512
40,2047670.718454229
41,2047670.718454229
42,2014741.3549534674
43,1973254.2534165897
44,1956462.5202349515
45,1956462.5202349515
46,1919503.43990127
47,1880254.6125030394
48,1880254.6125030394
49,1858004.8679179265
50,1858004.8679179265
51,1850904.9994077955
52,1850904.9994077955
53,1841671.2004931092
54,1819717.797955977
55,1814047.332700094
56,1788668.9004553554
57,1782379.267089359
58,1782379.267089359
59,1772779.698516643
60,1769731.4431485746
61,1761774.867820915
62,1751988.0403760718
63,1751988.0403760718
64,1741098.386322125
65,1738747.8624972792
66,1729428.3446490585
67,1729428.3446490585
68,1729428.3446490585
69,1723181.1266408174
70,1715525.7114867186
71,1715525.7114867186
72,1713171.4918653572
73,1711216.1567162245
74,1706551.870748004
75,1704480.5234751608
76,1702573.3778370393
77,1700353.600750542
78,1695282.3500985813
79,1690479.8764424908
80,1689439.5712874143
81,1688977.6938292745
82,1688429.410001843
83,1687757.4504516395
84,1687123.8472549089
85,1687123.8472549089
86,1687123.8472549089
87,1683981.6264267154
88,1683981.6264267154
89,1683981.6264267154
90,1683433.3425992837
91,1683433.3425992837
92,1683433.3425992837
93,1683089.3799763203
94,1683089.3799763203
95,1681801.0057224925
96,1681801.0057224925
97,1679947.1591481266
98,1679947.1591481266
99,1679947.1591481266
100,1679947.1591481266
101,1679947.1591481266
