,0
0,6937613.831494505
1,6922448.867062109
2,6832563.351997095
3,6693255.069856759
4,6503143.995520515
5,6367071.827541032
6,6359117.473874805
7,6130927.707403352
8,6130927.707403352
9,6060991.938822658
10,5930522.602725662
11,5851935.931952636
12,5817741.385590006
13,5681324.429983709
14,5530190.109190638
15,5462179.007786878
16,5353288.176108525
17,5353288.176108525
18,5281387.613935531
19,5227850.131249712
20,5105693.353690465
21,4998937.795004221
22,4998937.795004221
23,4857351.381171551
24,4850885.794375266
25,4757217.407862558
26,4690193.17434057
27,4690193.17434057
28,4587231.223522184
29,4587231.223522184
30,4494986.8910600245
31,4445409.092402288
32,4371512.100376581
33,4337747.638056448
34,4238196.957505233
35,4238196.957505233
36,4214161.9181632735
37,4185094.563412471
38,4166714.9058332103
39,4130068.9192874376
40,4093689.0686770706
41,4061947.016204518
42,4058536.1035892237
43,3984477.0037351185
44,3980563.5768211163
45,3944648.9215082363
46,3923679.1026568892
47,3920198.1159692453
48,3898764.978378496
49,3889694.1133267945
50,3872306.9976751325
51,3842872.5951612694
52,3818689.582270052
53,3811550.739548849
54,3794407.0411875676
55,3794407.0411875676
56,3750227.6651104703
57,3750227.6651104703
58,3747094.382562574
59,3745534.7433716496
60,3731173.763908574
61,3731173.763908574
62,3715955.713860715
63,3711263.0655061803
64,3710585.3599219015
65,3697451.782323178
66,3697451.782323178
67,3688511.646095886
68,3686078.5470711845
69,3680428.1390020866
70,3678762.2895539417
71,3664121.188639805
72,3664121.188639805
73,3661530.5474875094
74,3658096.455108813
75,3658096.455108813
76,3653735.458986825
77,3653735.458986825
78,3653735.458986825
79,3649040.211928384
80,3649040.211928384
81,3646035.1309462083
82,3646035.1309462083
83,3645588.8336523804
84,3645307.6348703024
85,3645307.6348703024
86,3645307.6348703024
87,3645307.6348703024
88,3645307.6348703024
