,0
0,7059400.600505577
1,6810846.183885507
2,6679309.842717777
3,6549435.697250575
4,6549435.697250575
5,6349158.897425045
6,6303244.286873955
7,6053043.207705585
8,5924789.05333579
9,5924789.05333579
10,5892412.662947976
11,5855809.71914264
12,5787613.772832228
13,5544701.06623258
14,5544701.06623258
15,5526900.164829099
16,5501801.106916557
17,5353499.705276402
18,5204724.966403189
19,5198452.514263349
20,5071978.038099358
21,4985757.931199006
22,4975103.049891345
23,4850077.216685013
24,4831722.090952692
25,4808826.748290771
26,4711453.107540268
27,4691589.7755260365
28,4667010.630297596
29,4612741.222157665
30,4489855.735830953
31,4477732.529966653
32,4435478.461696632
33,4435478.461696632
34,4362816.626514738
35,4349869.8097045915
36,4300477.35520016
37,4291115.763169734
38,4267215.810087775
39,4244023.568169263
40,4212120.301940719
41,4200321.554458468
42,4182476.099281263
43,4142165.413008046
44,4121632.6391678457
45,4121621.755787851
46,4078359.201605811
47,4076678.8175359634
48,4052415.2134534777
49,4052415.2134534777
50,4037551.619070103
51,4037551.619070103
52,4037524.224688061
53,4029289.2717816425
54,4018501.9286649725
55,4015438.5327581163
56,4005762.3720778315
57,3994496.527900527
58,3994496.527900527
59,3989902.3986242563
60,3987818.8589381645
61,3985015.9522949574
62,3983007.8547510332
63,3979056.9320892184
64,3979056.9320892184
65,3977633.7840180052
66,3974134.948728988
67,3970387.2427908983
68,3970387.2427908983
69,3970387.2427908983
70,3969554.5004169988
71,3969360.3723324933
72,3967108.469085396
73,3966804.190475616
74,3953447.342829242
75,3953447.342829242
76,3953218.6352541917
77,3949503.20920561
78,3949198.9305958296
79,3949198.9305958296
80,3949198.9305958296
81,3949198.9305958296
82,3949198.9305958296
