,0
0,6914901.150925715
1,6819227.715328623
2,6785369.682250002
3,6693791.826268678
4,6580903.141641053
5,6438803.282970385
6,6353322.323739874
7,6045477.994596154
8,6045477.994596154
9,6045477.994596154
10,5957533.490987233
11,5752434.064122352
12,5715897.177079046
13,5605299.30264409
14,5554549.639789757
15,5391404.287247919
16,5391404.287247919
17,5391404.287247919
18,5293256.386834931
19,5182473.546710435
20,5163715.252685169
21,5032560.679832991
22,4966378.458572998
23,4966378.458572998
24,4907769.7795139495
25,4825920.449025127
26,4710752.161858109
27,4695921.813727271
28,4627433.327899303
29,4572833.111445614
30,4528572.3774081245
31,4496763.383753554
32,4495661.184941602
33,4446518.550018414
34,4384853.403363148
35,4384853.403363148
36,4321278.919490595
37,4236027.783411545
38,4236027.783411545
39,4200041.285005431
40,4200041.285005431
41,4200041.285005431
42,4167268.078471248
43,4142785.1174012492
44,4134357.4714133353
45,4086789.207763459
46,4061805.5065080016
47,4054866.9915738427
48,4034318.999925723
49,4029088.541015131
50,4017483.285035793
51,3981887.1523357546
52,3952638.244484456
53,3952638.244484456
54,3940663.981272482
55,3932321.990620874
56,3922432.0066514662
57,3917249.2340790294
58,3901134.351373099
59,3892752.508701797
60,3878679.820530675
61,3873980.041240086
62,3872873.341538914
63,3866054.1896333047
64,3857822.297464985
65,3849657.107920697
66,3849657.107920697
67,3835252.803126205
68,3835252.803126205
69,3831939.964727498
70,3829590.3034464517
71,3824824.1400744715
72,3816464.6883686758
73,3814821.468980864
74,3811105.521615363
75,3811105.521615363
76,3807477.595574071
77,3806929.44019636
78,3806929.44019636
79,3803808.9151512627
80,3802695.0371316457
81,3802695.0371316457
82,3802248.124826151
83,3802075.221520474
84,3802075.221520474
85,3801083.081194942
86,3801083.081194942
87,3800463.2655837703
88,3800463.2655837703
89,3800463.2655837703
90,3800463.2655837703
91,3800463.2655837703
