,0
0,5710254.184104342
1,5328296.605370431
2,5328296.605370431
3,5328296.605370431
4,5190259.929502931
5,4892069.431848364
6,4832801.850740561
7,4832801.850740561
8,4636386.826302432
9,4601799.871835987
10,4449990.505661821
11,4343950.120681644
12,4162611.052589303
13,4109339.6330378293
14,4049160.2102909186
15,3995077.3920218116
16,3826196.8890401092
17,3800291.379802795
18,3639436.2590409555
19,3639436.2590409555
20,3639436.2590409555
21,3606238.3405185877
22,3557026.116140078
23,3437764.537923307
24,3328593.0731063616
25,3328593.0731063616
26,3270696.4413778014
27,3253107.5395537857
28,3167432.3141344204
29,3096811.1972660515
30,3087692.4368406464
31,3015935.4813724197
32,2950687.652942306
33,2950687.652942306
34,2868218.0074170697
35,2868218.0074170697
36,2796828.401289701
37,2796828.401289701
38,2796828.401289701
39,2758462.8579685087
40,2687720.2573483493
41,2652057.963140557
42,2652057.963140557
43,2652057.963140557
44,2625383.484674773
45,2580836.0289753773
46,2573563.6194796283
47,2539393.8916973765
48,2537455.775810067
49,2485630.545941263
50,2485630.545941263
51,2476753.901147323
52,2463626.793343147
53,2453140.6969955605
54,2433141.588089703
55,2418485.4385629552
56,2405200.904971847
57,2405200.904971847
58,2391271.727643108
59,2385626.2627564147
60,2367637.498307321
61,2367637.498307321
62,2365109.7604616955
63,2365109.7604616955
64,2355946.2000128133
65,2354351.610637552
66,2354351.610637552
67,2344462.9401955106
68,2330646.150950667
69,2330646.150950667
70,2328529.2412758972
71,2322936.406800196
72,2321060.4725504387
73,2315252.9538958888
74,2310573.095017309
75,2307198.0105543067
76,2304687.654262676
77,2304687.654262676
78,2296940.557011106
79,2296940.557011106
80,2294914.9153479156
81,2294914.9153479156
82,2293571.954432685
83,2290476.9877331774
84,2290476.9877331774
85,2285644.134437705
86,2285644.134437705
87,2285644.134437705
88,2285411.6315230625
89,2285411.6315230625
90,2284966.1852945634
91,2284966.1852945634
92,2281466.1936436226
93,2281466.1936436226
94,2281448.844813844
95,2279339.140518188
96,2279339.140518188
97,2278688.7305847467
98,2278016.4413603893
99,2274925.5891125374
100,2274925.5891125374
101,2274925.5891125374
102,2274925.5891125374
103,2274192.7305250242
104,2273044.2502946067
105,2272682.8015813953
106,2272548.076683222
107,2272492.232648375
108,2271303.316933097
109,2271303.316933097
110,2271224.6740766154
111,2271059.300127812
112,2271055.922206537
113,2271055.922206537
114,2270735.909170771
115,2270735.909170771
116,2270735.909170771
117,2270682.8271159977
118,2270512.313305864
119,2270512.313305864
120,2267030.82218533
121,2266858.554742825
122,2266482.0817310107
123,2266460.0365017294
124,2265882.1681544413
125,2265882.1681544413
126,2265807.933864015
127,2265807.933864015
128,2265060.0446903957
129,2265060.0446903957
130,2265060.0446903957
131,2265060.0446903957
132,2265060.0446903957
133,2262632.5228769286
134,2262632.5228769286
135,2262632.5228769286
136,2262558.2885865024
137,2262558.2885865024
138,2262558.2885865024
139,2262558.2885865024
140,2262558.2885865024
