,0
0,5067106.617026442
1,4868842.060231652
2,4778867.813528487
3,4633366.864978176
4,4486512.725715589
5,4390770.123523721
6,4385242.690225108
7,4270891.990155213
8,4219094.0899304915
9,3984167.4096226585
10,3984167.4096226585
11,3885255.5442668544
12,3776704.858297421
13,3776704.858297421
14,3699410.4697727626
15,3590793.33414164
16,3547053.7011678508
17,3493384.3599889237
18,3290008.8529717736
19,3290008.8529717736
20,3218416.0750966305
21,3156026.327956638
22,3058485.6260389783
23,3058485.6260389783
24,3058485.6260389783
25,3019652.468875029
26,3019227.603524003
27,2972654.7466237764
28,2884964.6175065916
29,2877494.973191355
30,2842700.3393441807
31,2815539.0395423113
32,2799465.074614904
33,2768907.198485757
34,2687683.0876764785
35,2683544.916906291
36,2626681.525213533
37,2626681.525213533
38,2620746.1326158587
39,2570800.088750888
40,2558315.236697617
41,2540573.979503455
42,2517850.410227029
43,2492092.2999837412
44,2480358.0766117517
45,2464384.3616451668
46,2443081.0848236694
47,2424167.734151943
48,2406491.316149493
49,2406491.316149493
50,2396723.844783726
51,2380857.4492684053
52,2362189.5822025696
53,2345906.1389186564
54,2324343.757643104
55,2324343.757643104
56,2322519.40534797
57,2314986.9774891143
58,2303900.613089131
59,2297763.5552480356
60,2297209.0002675587
61,2288519.8156310134
62,2286686.7001247983
63,2281727.3555365964
64,2273230.654019152
65,2265678.5992054828
66,2265678.5992054828
67,2262559.8060324243
68,2262069.201049563
69,2260549.936185529
70,2260549.936185529
71,2256337.1579747964
72,2253720.8229322643
73,2250914.6798746544
74,2240301.372843784
75,2240095.3272491056
76,2237831.2275233744
77,2232388.7336133635
78,2230073.378707345
79,2229950.1852852716
80,2229214.589981192
81,2229214.589981192
82,2229214.589981192
83,2226418.750179864
84,2225778.1474314667
85,2225778.1474314667
86,2224536.816895094
87,2220875.023826848
88,2220875.023826848
89,2220776.136206245
90,2219917.3474800917
91,2219021.4726661546
92,2219021.4726661546
93,2217011.0176033988
94,2217011.0176033988
95,2215693.573159292
96,2213507.141479842
97,2211569.033895567
98,2211569.033895567
99,2211569.033895567
100,2211569.033895567
101,2211569.033895567
102,2208241.1343887043
103,2206230.6793259485
104,2206189.743670024
105,2206189.743670024
106,2204251.636085749
107,2204251.636085749
108,2202933.4656811757
109,2202933.4656811757
110,2202933.4656811757
111,2202933.4656811757
112,2202933.4656811757
113,2202667.091571181
114,2202667.091571181
115,2202667.091571181
116,2202486.8454833576
117,2202486.8454833576
118,2202486.8454833576
119,2202486.8454833576
120,2202486.8454833576
