,0
0,4380528.466106522
1,4324557.139000137
2,4251597.554510344
3,4203447.68373283
4,3933497.820630752
5,3933497.820630752
6,3756848.964851712
7,3710850.256885985
8,3710850.256885985
9,3710850.256885985
10,3573987.209381618
11,3451164.415183142
12,3335091.5313738836
13,3176931.610415909
14,3119849.871823625
15,3119849.871823625
16,3119849.871823625
17,3032846.503542225
18,2925898.655999228
19,2915179.713783104
20,2877037.192320459
21,2806020.876313822
22,2757173.6196612543
23,2703409.0777154304
24,2674728.3306687125
25,2651933.415300191
26,2578242.42671455
27,2530116.344452949
28,2474026.77652936
29,2452246.7465732107
30,2432966.537473858
31,2424244.673595298
32,2339168.124214072
33,2337403.6847069687
34,2301116.340125999
35,2294356.2151278146
36,2266549.291597195
37,2211926.7309418265
38,2174607.173980207
39,2147773.397560218
40,2129430.110624418
41,2115511.683009795
42,2110853.286528521
43,2083712.446417504
44,2056694.0096187845
45,2056694.0096187845
46,2037322.619059165
47,2037322.619059165
48,2029313.4060382093
49,2022676.8038813155
50,2000182.470350373
51,1976186.5408161208
52,1976186.5408161208
53,1965061.27606125
54,1965061.27606125
55,1952064.5344085856
56,1952064.5344085856
57,1942317.7240250746
58,1937966.5062741996
59,1929531.0183267135
60,1927825.8542771682
61,1920560.4193389325
62,1914459.7745046304
63,1904931.4258062139
64,1899418.9542185315
65,1898652.0615598965
66,1894499.5649129727
67,1892057.3549425856
68,1888098.5943288382
69,1888047.398088172
70,1884037.2477595622
71,1881937.8407395005
72,1873865.2316792535
73,1870834.9425323345
74,1866239.9625790569
75,1864885.2844884377
76,1861242.8753246216
77,1851905.7282425617
78,1850934.252196479
79,1849468.2879720642
80,1846168.2696335395
81,1843986.2707167438
82,1843963.1263278774
83,1843963.1263278774
84,1843963.1263278774
85,1843095.40727704
86,1840167.3845243554
87,1839902.1296264029
88,1839902.1296264029
89,1839276.5210846518
90,1839253.3766957854
91,1837943.0242393534
92,1837052.1607996495
93,1837052.1607996495
94,1837029.0164107832
95,1837029.0164107832
96,1837029.0164107832
97,1837029.0164107832
98,1837029.0164107832
