,0
0,6202930.90342763
1,6142760.861123696
2,6114447.015802191
3,6013717.327053325
4,6013717.327053325
5,5881090.248804215
6,5747602.835474994
7,5747602.835474994
8,5710056.774087848
9,5507554.745853105
10,5507554.745853105
11,5507554.745853105
12,5460616.171398885
13,5431653.483274369
14,5260025.101823089
15,5260025.101823089
16,5260025.101823089
17,5249580.677186385
18,5233598.310625704
19,5203201.859979224
20,5135821.086236288
21,5006411.973967964
22,5006411.973967964
23,4825793.897161227
24,4825793.897161227
25,4825793.897161227
26,4825793.897161227
27,4752054.301035284
28,4752054.301035284
29,4708875.251511
30,4574670.901305088
31,4574670.901305088
32,4574670.901305088
33,4473715.3553676875
34,4459896.494374752
35,4438219.443022118
36,4421356.176309739
37,4338465.4829590395
38,4338465.4829590395
39,4242319.456076944
40,4228691.602398967
41,4228691.602398967
42,4216846.840795748
43,4070863.00892124
44,4070863.00892124
45,4070863.00892124
46,4054762.605369544
47,4051091.3697859943
48,4051091.3697859943
49,3990738.0497127846
50,3945432.311873026
51,3929303.6821115827
52,3881992.9530333555
53,3881992.9530333555
54,3881992.9530333555
55,3856423.7935195942
56,3833950.839007063
57,3816672.629389724
58,3794514.487498973
59,3792532.275101021
60,3791396.7959566987
61,3756681.110305131
62,3743627.1142799477
63,3732065.1795586213
64,3708700.502009847
65,3687401.480408063
66,3687401.480408063
67,3665808.275681573
68,3665808.275681573
69,3662572.753651157
70,3650215.819248724
71,3639867.306568844
72,3639867.306568844
73,3639867.306568844
74,3623550.7932618693
75,3623550.7932618693
76,3623550.7932618693
77,3617102.5245251497
78,3615478.4664808004
79,3611295.867068145
80,3611295.867068145
81,3609513.842629958
82,3609513.842629958
83,3609513.842629958
84,3609513.842629958
85,3609513.842629958
