,0
0,4802313.10653429
1,4754479.132734103
2,4754479.132734103
3,4677747.331350614
4,4432432.579239714
5,4419159.314766262
6,4322082.874158001
7,4246646.315052531
8,4089110.859753967
9,4009162.628485582
10,3909935.6508697537
11,3909935.6508697537
12,3768768.070968942
13,3717803.060858874
14,3636097.178490485
15,3612825.5807534168
16,3485027.9134106115
17,3440522.417320774
18,3402910.251255253
19,3324308.493813009
20,3300583.7540585627
21,3201665.0425920533
22,3151319.6943576243
23,3151319.6943576243
24,3110825.8866719725
25,3054281.43214821
26,2940767.5783648
27,2904239.201611768
28,2753243.8854448576
29,2753243.8854448576
30,2753243.8854448576
31,2753243.8854448576
32,2684414.905770816
33,2624519.8540756423
34,2624519.8540756423
35,2610747.7131296396
36,2538249.3382579447
37,2509600.639003037
38,2460374.6145099243
39,2460374.6145099243
40,2452976.651001998
41,2431683.217473761
42,2431683.217473761
43,2383180.0135788033
44,2383180.0135788033
45,2376449.8655977305
46,2362461.725005777
47,2344682.8542993506
48,2331048.037670174
49,2319074.07503491
50,2315593.9618312567
51,2306649.7113740724
52,2291911.8242686973
53,2280056.213915801
54,2279541.7500725584
55,2256965.5534180077
56,2256965.5534180077
57,2251177.072135214
58,2247206.648801885
59,2240731.191725886
60,2237373.0255289692
61,2229359.8037968017
62,2226692.1299331374
63,2223978.2147674654
64,2218937.6527768592
65,2216176.1515437257
66,2216155.418193761
67,2215547.4189295126
68,2209054.367877904
69,2208559.465178364
70,2201694.1085393177
71,2201694.1085393177
72,2200815.2672684845
73,2200815.2672684845
74,2199876.755510504
75,2199095.752434395
76,2198394.706276965
77,2198394.706276965
78,2198394.706276965
79,2198394.706276965
80,2198054.8806757843
81,2198054.8806757843
82,2198054.8806757843
83,2197876.2221357715
84,2197876.2221357715
85,2197876.2221357715
86,2197876.2221357715
87,2197876.2221357715
