,0
0,6962550.569357987
1,6852007.397657906
2,6790566.275332299
3,6665372.611114331
4,6628407.649524818
5,6431812.602675599
6,6360143.66144727
7,6282788.041631862
8,6163207.481719488
9,6063495.9125109855
10,6036147.7374751335
11,5989711.247479221
12,5718316.585457434
13,5718316.585457434
14,5718316.585457434
15,5590379.001403138
16,5519800.96460528
17,5241652.206848249
18,5241652.206848249
19,5241652.206848249
20,5234195.031756791
21,5230953.632804628
22,5141465.858662821
23,5042765.634048086
24,4990416.434559609
25,4990416.434559609
26,4890963.240071647
27,4772845.329900295
28,4772845.329900295
29,4719297.481317977
30,4696520.0087260725
31,4600514.843557734
32,4537809.242776342
33,4537809.242776342
34,4490971.127278283
35,4477466.045207041
36,4405129.299900528
37,4404403.018503122
38,4364023.22443057
39,4330013.783816783
40,4255521.342099087
41,4255521.342099087
42,4231541.0771200145
43,4177727.9724407
44,4177727.9724407
45,4116197.062661773
46,4116197.062661773
47,4114577.0930541167
48,4099246.6826848015
49,4071985.3771480145
50,4051746.1049683383
51,4040815.168987129
52,4022593.4519348647
53,4022593.4519348647
54,3996183.3432051176
55,3977216.1991052385
56,3977216.1991052385
57,3967507.423087834
58,3939731.9085910367
59,3939731.9085910367
60,3939731.9085910367
61,3935604.4522135844
62,3930311.457348595
63,3924149.963454813
64,3920549.688657722
65,3913652.521041233
66,3908316.7244782518
67,3908316.7244782518
68,3908316.7244782518
69,3903424.4411752736
70,3901724.1093094475
71,3901724.1093094475
72,3898801.704575748
73,3896911.95407001
74,3896911.95407001
75,3896911.95407001
76,3896911.95407001
77,3896225.2706494173
78,3896225.2706494173
79,3896225.2706494173
80,3896225.2706494173
81,3896225.2706494173
