,0
0,6320968.860823266
1,6310773.852510734
2,6151526.480729184
3,6138671.451532612
4,5969758.097772564
5,5849891.858367135
6,5849891.858367135
7,5791796.976796492
8,5752801.253499705
9,5719544.521487613
10,5648476.336774554
11,5571611.98689098
12,5372884.669926896
13,5372884.669926896
14,5372884.669926896
15,5340203.761735018
16,5144866.257742844
17,5144866.257742844
18,5094346.272248753
19,5094346.272248753
20,4972456.5314977765
21,4972456.5314977765
22,4875982.250808749
23,4741213.246679251
24,4741213.246679251
25,4741213.246679251
26,4741213.246679251
27,4542045.172725791
28,4542045.172725791
29,4542045.172725791
30,4485518.041308912
31,4485518.041308912
32,4482525.855272119
33,4391668.312909077
34,4391668.312909077
35,4332732.567203056
36,4229130.937817537
37,4229130.937817537
38,4229130.937817537
39,4229130.937817537
40,4216210.303366715
41,4179890.1380869877
42,4118938.2616612543
43,4096042.4416491534
44,4083937.8986371495
45,4058980.5173785114
46,4025845.6718120296
47,3994577.3839398213
48,3985199.5128764696
49,3956093.931502053
50,3892158.7577694277
51,3876441.587203551
52,3869640.363649922
53,3835430.2986898874
54,3835430.2986898874
55,3787781.4634810216
56,3747913.1724852975
57,3747913.1724852975
58,3731605.5261639752
59,3692999.267120564
60,3676207.4029535223
61,3676207.4029535223
62,3632565.65569723
63,3617201.607281469
64,3585831.898735586
65,3585831.898735586
66,3580012.204557126
67,3509374.670401721
68,3509374.670401721
69,3500681.223112942
70,3494882.7827802096
71,3471819.0283357133
72,3471819.0283357133
73,3468840.78131968
74,3464935.8835379346
75,3460348.672588763
76,3448034.7289352124
77,3447603.0404616254
78,3435224.2826062287
79,3434124.24390812
80,3422181.644721868
81,3422181.644721868
82,3420579.0492133973
83,3410484.2769363397
84,3410484.2769363397
85,3409017.458062153
86,3397709.6272659856
87,3397709.6272659856
88,3389350.012424302
89,3384996.643552494
90,3384996.643552494
91,3384845.5656462614
92,3380264.861094819
93,3376651.872531504
94,3371097.6201778552
95,3371097.6201778552
96,3364524.080174279
97,3360911.091610964
98,3360911.091610964
99,3360911.091610964
100,3360911.091610964
101,3360833.7490407876
102,3360833.7490407876
103,3357602.936664703
104,3357602.936664703
105,3357602.936664703
106,3357525.5940945265
107,3357014.2072610115
108,3357014.2072610115
109,3356936.864690835
110,3353706.0523147504
111,3353628.709744574
112,3353628.709744574
113,3353628.709744574
114,3353628.709744574
115,3353628.709744574
