,0
0,5634838.887564983
1,5634838.887564983
2,5477720.824974398
3,5373246.200805999
4,5268782.395213725
5,4955406.48671717
6,4955406.48671717
7,4955406.48671717
8,4859432.825939634
9,4723623.040685095
10,4657951.626186427
11,4504958.421654847
12,4120475.69394662
13,4120475.69394662
14,4120475.69394662
15,4120475.69394662
16,4044804.7891385825
17,3875557.6054208195
18,3875557.6054208195
19,3800490.505997244
20,3735441.8414006545
21,3657004.179837084
22,3650753.8481209776
23,3522627.80795647
24,3474982.0530588506
25,3373894.7122263797
26,3373894.7122263797
27,3244535.4365438716
28,3214278.803913241
29,3115796.533406858
30,3115796.533406858
31,3048670.348891679
32,2970634.0445688167
33,2956764.3813292477
34,2863956.2512654173
35,2863956.2512654173
36,2839883.650937978
37,2768677.7700593085
38,2768677.7700593085
39,2726428.76911832
40,2726428.76911832
41,2695089.0245694737
42,2614483.8494014223
43,2614483.8494014223
44,2614483.8494014223
45,2614483.8494014223
46,2587252.844682158
47,2571278.2595518334
48,2556567.533434926
49,2540595.0459913835
50,2515638.297226157
51,2493220.415458997
52,2478515.338928765
53,2471502.846121178
54,2456583.034306044
55,2437817.419580489
56,2417764.933137978
57,2381819.191053854
58,2381819.191053854
59,2381819.191053854
60,2371302.92183075
61,2354768.8545891326
62,2351231.965045323
63,2351231.965045323
64,2343192.0277861557
65,2335449.4638253083
66,2324959.143804114
67,2317463.0237635374
68,2313638.073819851
69,2304770.435823477
70,2301849.608452393
71,2297271.9006809467
72,2289762.2212379887
73,2289762.2212379887
74,2288345.2028651843
75,2281027.4547574953
76,2281027.4547574953
77,2278360.358713322
78,2270924.4213693095
79,2270924.4213693095
80,2262460.202228482
81,2262460.202228482
82,2262460.202228482
83,2262084.9955135626
84,2262084.9955135626
85,2258083.543205276
86,2255717.9020988895
87,2255717.9020988895
88,2255717.9020988895
89,2255717.9020988895
90,2254348.8924814365
91,2254295.989131597
92,2252378.096452661
93,2251313.821713863
94,2251313.821713863
95,2251313.821713863
96,2251313.821713863
97,2249350.3933840343
98,2248999.578487114
99,2247825.2194888876
100,2247062.7289202525
101,2247062.7289202525
102,2246711.914023332
103,2246711.914023332
104,2246711.914023332
105,2246711.914023332
106,2246711.914023332
