,0
0,6544376.87289127
1,6407216.311335111
2,6407216.311335111
3,6407216.311335111
4,6236073.328378337
5,6034542.4334158
6,6034542.4334158
7,6034542.4334158
8,6018092.503685589
9,5925323.058059956
10,5919523.656964147
11,5700763.235768776
12,5700763.235768776
13,5575149.548900878
14,5523449.47956766
15,5523449.47956766
16,5461743.685570936
17,5351560.064836458
18,5307011.159209704
19,5273647.938256965
20,5184510.563615067
21,5153323.397726229
22,5047027.694858588
23,4967791.640194257
24,4967791.640194257
25,4946375.781985569
26,4864667.256352235
27,4766618.214021997
28,4766618.214021997
29,4640412.125831514
30,4640412.125831514
31,4640412.125831514
32,4607843.75076035
33,4600285.883038374
34,4499275.3920525545
35,4499275.3920525545
36,4454724.048966852
37,4454724.048966852
38,4382320.087371281
39,4382320.087371281
40,4360866.047763177
41,4350941.9959305795
42,4331804.062868376
43,4328642.333840505
44,4290939.635756057
45,4261276.139465373
46,4261276.139465373
47,4259074.636670651
48,4248634.2919080015
49,4228525.578996077
50,4215338.012218689
51,4203691.185812167
52,4196567.592003711
53,4189005.276224959
54,4172580.475179683
55,4172269.8077553553
56,4166912.0744062955
57,4161512.518889027
58,4158183.494631795
59,4152849.887671231
60,4147178.1735802935
61,4147178.1735802935
62,4142074.6714735134
63,4135923.156794373
64,4135923.156794373
65,4135075.7731863903
66,4132277.829738726
67,4132277.829738726
68,4130112.0820636433
69,4129728.0916296253
70,4129728.0916296253
71,4129728.0916296253
72,4129728.0916296253
73,4129728.0916296253
