,0
0,4481356.017537138
1,4412213.096196249
2,4167509.2464373237
3,4167509.2464373237
4,4167509.2464373237
5,4132264.106377831
6,4052777.7705946853
7,3866922.9982484635
8,3763461.9534693346
9,3763461.9534693346
10,3634197.149160293
11,3634197.149160293
12,3611946.80054499
13,3503643.4681366365
14,3494653.2766421987
15,3422170.909458762
16,3303749.444875034
17,3298361.481620435
18,3153536.117565812
19,3153536.117565812
20,3084208.6328139002
21,3026869.1850644937
22,2994428.2770421086
23,2878143.0814888785
24,2878143.0814888785
25,2800978.318719397
26,2737238.556266837
27,2737238.556266837
28,2677375.1324423067
29,2650173.054635352
30,2578628.498258078
31,2548984.7906571003
32,2545206.2747493354
33,2522051.8947588047
34,2441237.5982694975
35,2441237.5982694975
36,2441237.5982694975
37,2383702.515480481
38,2368166.5411378047
39,2368166.5411378047
40,2269388.107728979
41,2269388.107728979
42,2262169.2093874835
43,2215890.90054412
44,2215890.90054412
45,2203295.2755733966
46,2176120.468243323
47,2176120.468243323
48,2164346.2569759097
49,2155627.1132380655
50,2138942.116991072
51,2121340.5777626005
52,2121340.5777626005
53,2103771.537823043
54,2087787.650918974
55,2086639.8641966835
56,2076489.1142458764
57,2076489.1142458764
58,2060997.015480895
59,2060997.015480895
60,2057934.312203947
61,2054309.1467624665
62,2050126.407535091
63,2044444.023540397
64,2040736.2924182126
65,2031598.2677795433
66,2031598.2677795433
67,2031186.2496108254
68,2028038.7325590209
69,2027653.6740503497
70,2026627.0422634173
71,2023406.933547966
72,2023406.933547966
73,2022703.4365772228
74,2022703.4365772228
75,2022703.4365772228
76,2022703.4365772228
77,2022571.625439064
78,2022571.625439064
79,2022571.625439064
80,2022571.625439064
81,2022571.625439064
