,0
0,6257318.2360876575
1,6227016.024931109
2,6111371.931503849
3,6044208.086318645
4,5983017.116356258
5,5930518.328344298
6,5852408.727569085
7,5745102.800147094
8,5648810.659821725
9,5469754.305072532
10,5469754.305072532
11,5469754.305072532
12,5431454.53927428
13,5329266.345089197
14,5329266.345089197
15,5270752.739467879
16,5270752.739467879
17,5216984.065199733
18,5090910.326187022
19,4988579.497664986
20,4988579.497664986
21,4988579.497664986
22,4988579.497664986
23,4919826.027732916
24,4919826.027732916
25,4681155.325308002
26,4681155.325308002
27,4681155.325308002
28,4681155.325308002
29,4534472.067013323
30,4534472.067013323
31,4534472.067013323
32,4534472.067013323
33,4516260.278367898
34,4415825.634902466
35,4415825.634902466
36,4271815.25089127
37,4258394.4775868375
38,4258394.4775868375
39,4258394.4775868375
40,4231973.004791916
41,4170650.158240463
42,4111341.1298336782
43,4111341.1298336782
44,4090443.7041191543
45,4002535.2170353536
46,3978349.178331399
47,3957320.954563506
48,3957320.954563506
49,3957320.954563506
50,3940966.181723055
51,3871443.984141488
52,3871443.984141488
53,3758003.972954978
54,3717428.261512366
55,3716403.587681126
56,3716403.587681126
57,3642692.845099983
58,3621571.0026559113
59,3621571.0026559113
60,3608546.0870647244
61,3571096.554472505
62,3526482.341938896
63,3510716.20906906
64,3510716.20906906
65,3494950.1308247624
66,3477887.484451539
67,3443918.1061644624
68,3373966.373124613
69,3373966.373124613
70,3373277.197471878
71,3373277.197471878
72,3343370.319981743
73,3342067.124201235
74,3274531.9591892706
75,3274531.9591892706
76,3244609.391250219
77,3244609.391250219
78,3244609.391250219
79,3221450.688171205
80,3211475.2986688428
81,3182246.3291820856
82,3182246.3291820856
83,3108620.030085217
84,3108620.030085217
85,3108620.030085217
86,3108620.030085217
87,3106485.23300455
88,3095520.0092165605
89,3080303.5908962213
90,3072447.8809144376
91,3063159.6577497683
92,3046870.2747081383
93,3046870.2747081383
94,3046586.6209616694
95,3020291.6728837257
96,3020291.6728837257
97,3009163.1024904493
98,3009163.1024904493
99,2992633.4849281046
100,2992633.4849281046
101,2988569.6422002753
102,2985279.696223755
103,2965133.9390026494
104,2965133.9390026494
105,2961130.511775815
106,2955913.0610615974
107,2955913.0610615974
108,2949332.513380902
109,2949332.513380902
110,2941442.302230259
111,2941442.302230259
112,2941442.302230259
113,2936768.809557876
114,2936768.809557876
115,2936075.9126111376
116,2936075.9126111376
117,2936075.9126111376
118,2934053.860600301
119,2934053.860600301
120,2934053.860600301
121,2932750.192562447
122,2929148.268321919
123,2928066.551049959
124,2928066.551049959
125,2928066.551049959
126,2928066.551049959
127,2925507.2151673725
128,2925507.2151673725
129,2925507.2151673725
130,2925407.2753347303
131,2922682.8856654414
132,2922682.8856654414
133,2922682.8856654414
134,2922158.9097034107
135,2919036.976876658
136,2919036.976876658
137,2919036.976876658
138,2917818.340608718
139,2917294.364646687
140,2917294.364646687
141,2917294.364646687
142,2914804.335759519
143,2914804.335759519
144,2914804.335759519
145,2914804.335759519
146,2914804.335759519
