,0
0,6213009.127293765
1,6213009.127293765
2,6157938.288850708
3,6098113.003196413
4,6071884.551477365
5,5883305.745303153
6,5877060.940866828
7,5807392.140481351
8,5702797.515366298
9,5702797.515366298
10,5589057.665115876
11,5531300.152507614
12,5448599.312373602
13,5448599.312373602
14,5400812.645490046
15,5271379.745673938
16,5271379.745673938
17,5271379.745673938
18,5175076.732858957
19,5175076.732858957
20,5061702.055198684
21,5009898.830568248
22,4993143.6218865495
23,4723955.221821749
24,4723955.221821749
25,4723955.221821749
26,4723955.221821749
27,4723955.221821749
