,0
0,5669502.555967463
1,5389856.390563806
2,5258911.528086104
3,5258911.528086104
4,5098841.116379314
5,5039768.096746395
6,4861905.803694304
7,4814372.426111786
8,4569422.7811724
9,4569422.7811724
10,4545578.395960606
11,4270327.1696396405
12,4270327.1696396405
13,4161077.9702782016
14,4161077.9702782016
15,4023708.8723542965
16,3912170.655939431
17,3912170.655939431
18,3812813.7453623926
19,3793878.6252384
20,3577565.222514725
21,3577565.222514725
22,3514383.352318382
23,3468805.8070653076
24,3428527.6893950347
25,3367170.609540029
26,3328774.7184007736
27,3245856.002211918
28,3245856.002211918
29,3166818.625570875
30,3039212.372190849
31,3010680.394832242
32,2918128.841928166
33,2879634.0225063246
34,2879634.0225063246
35,2857465.548384042
36,2857465.548384042
37,2723360.831895974
38,2723360.831895974
39,2723360.831895974
40,2713141.603529843
41,2681527.689389318
42,2641479.8334701993
43,2615809.3132438664
44,2609203.8476459477
45,2598168.6192124654
46,2585341.291411867
47,2545456.3496486438
48,2526136.5824353267
49,2514029.4720196193
50,2502828.2158726375
51,2473225.1819188185
52,2451756.90228133
53,2412991.643057442
54,2412991.643057442
55,2401698.3477704674
56,2400259.594161281
57,2374957.730991776
58,2346131.007987187
59,2346131.007987187
60,2345499.271358394
61,2330590.65549375
62,2321146.281881781
63,2319466.1133550396
64,2300515.5294144726
65,2293246.648173429
66,2285472.6165093263
67,2284112.965537845
68,2271216.1346278046
69,2271216.1346278046
70,2260265.079205654
71,2259563.2391020036
72,2253103.9784810073
73,2251210.347463551
74,2245941.358630057
75,2242845.99221946
76,2239428.9621055094
77,2235040.80992723
78,2225995.531282051
79,2225995.531282051
80,2225995.531282051
81,2225995.531282051
82,2225127.057682702
83,2223458.0103788087
84,2223458.0103788087
85,2223199.7274699486
86,2220478.310813934
87,2220478.310813934
88,2220478.310813934
89,2220348.3181542964
90,2218385.473091811
91,2218385.473091811
92,2217960.317246022
93,2217960.317246022
94,2217960.317246022
95,2217960.317246022
96,2217960.317246022
