,0
0,4862136.677869341
1,4836674.596227163
2,4493845.773096156
3,4447591.786401178
4,4343434.527802856
5,4126226.5728948894
6,4063585.297039825
7,4063585.297039825
8,4063585.297039825
9,3946341.076224754
10,3835195.0945948595
11,3810444.8770308495
12,3694316.3199042003
13,3646698.355367104
14,3644280.922135533
15,3484865.526034722
16,3403435.453286756
17,3389286.971817684
18,3273757.6482528327
19,3260711.407482396
20,3219026.9403840457
21,3118079.3910822435
22,3071082.9769127127
23,3068939.4380139094
24,2951513.4015022726
25,2770931.8471335154
26,2770931.8471335154
27,2770931.8471335154
28,2759646.2280487157
29,2759646.2280487157
30,2698221.120178319
31,2698221.120178319
32,2612224.15821241
33,2612224.15821241
34,2558677.240906886
35,2515317.7898308616
36,2474685.483968347
37,2473203.8506434495
38,2450696.547473978
39,2399387.960716193
40,2316122.7388164573
41,2297684.1124160565
42,2297684.1124160565
43,2297684.1124160565
44,2276595.5074566533
45,2246886.2290013134
46,2205782.5770285088
47,2185733.669996959
48,2185733.669996959
49,2173785.073781331
50,2150626.629945448
51,2132732.5562790274
52,2132732.5562790274
53,2105912.6874471377
54,2105912.6874471377
55,2097273.2856276054
56,2096245.0254110543
57,2080632.3784536165
58,2058386.4701776498
59,2056345.8487967362
60,2045929.0726877935
61,2040848.6515557126
62,2036275.4727503583
63,2019607.2137952035
64,2019607.2137952035
65,2013375.6658738088
66,2008234.8049967284
67,2002567.0874780202
68,1996644.182944327
69,1996262.6129544855
70,1985983.6470477881
71,1985983.6470477881
72,1979480.3134017733
73,1976341.880823542
74,1976341.880823542
75,1968990.8051432557
76,1968990.8051432557
77,1967116.2342693412
78,1967116.2342693412
79,1965348.0940050564
80,1962709.7660753606
81,1962709.7660753606
82,1962709.7660753606
83,1962709.7660753606
84,1962709.7660753606
85,1962367.4622196236
86,1962367.4622196236
87,1962367.4622196236
88,1962367.4622196236
89,1962367.4622196236
90,1962342.2593258114
91,1962342.2593258114
92,1962342.2593258114
93,1962342.2593258114
94,1962342.2593258114
