,0
0,6051799.827575742
1,6051799.827575742
2,6051799.827575742
3,6051799.827575742
4,6005931.373418634
5,5974710.272634544
6,5974710.272634544
7,5918467.190675195
8,5826738.525236403
9,5826738.525236403
10,5716677.05756574
11,5688431.169651684
12,5663599.415246071
13,5615774.3146146145
14,5569110.553929115
15,5546309.759613413
16,5407710.990462148
17,5407710.990462148
18,5310865.12366295
19,5310865.12366295
20,5180345.412937894
21,5140362.769781186
22,5140362.769781186
23,5140362.769781186
24,5132058.020793721
25,5038927.407412193
26,5038927.407412193
27,4914600.604194057
28,4895051.795057971
29,4837277.788289935
30,4768808.109543384
31,4717396.388962873
32,4673589.7086416185
33,4659077.812281288
34,4563809.262342784
35,4536279.844009845
36,4536279.844009845
37,4392927.270092749
38,4389884.85754451
39,4389884.85754451
40,4389884.85754451
41,4341043.384049722
42,4300346.906892194
43,4280589.546223277
44,4278541.127714662
45,4202124.08504509
46,4145240.6131592127
47,4145240.6131592127
48,4145240.6131592127
49,4077626.989324329
50,4042230.5996045917
51,4042230.5996045917
52,4007496.942168422
53,4005205.915148451
54,3990373.9238036457
55,3953080.6308903806
56,3953080.6308903806
57,3953080.6308903806
58,3898786.582832281
59,3886200.510683531
60,3863869.68810272
61,3848070.1517610555
62,3829158.7560272045
63,3793737.2642465495
64,3791802.985798933
65,3777428.5693375575
66,3726775.5429363702
67,3726775.5429363702
68,3726775.5429363702
69,3719114.056411172
70,3695977.8785435334
71,3683221.7518306873
72,3663179.524799981
73,3643212.2884161267
74,3643212.2884161267
75,3643212.2884161267
76,3643212.2884161267
77,3631371.2721969574
78,3626935.988957203
79,3615180.232417078
80,3580146.8679738687
81,3580146.8679738687
82,3580146.8679738687
83,3580146.8679738687
84,3580146.8679738687
85,3559224.646634086
86,3559224.646634086
87,3559224.646634086
88,3557946.915965102
89,3552095.092646357
90,3540409.398074035
91,3540409.398074035
92,3526421.804987161
93,3524574.250908204
94,3524574.250908204
95,3524574.250908204
96,3522832.3166853976
97,3516756.7750704135
98,3516756.7750704135
99,3516756.7750704135
100,3516756.7750704135
101,3516756.7750704135
