,0
0,4405701.100055466
1,4377811.4336083
2,4313389.5967391245
3,4178463.7856242945
4,4054958.797484453
5,4054958.797484453
6,3913096.0590516943
7,3791696.018734318
8,3616631.822837442
9,3616631.822837442
10,3573992.0533706597
11,3441904.441118407
12,3406178.950275561
13,3330406.211397581
14,3268923.9818987027
15,3157968.109713538
16,3152547.861389225
17,3097569.3850044366
18,3061851.962866116
19,3015251.350421065
20,2904843.408821215
21,2783641.704321323
22,2783641.704321323
23,2774009.7926248885
24,2717219.4047352057
25,2592710.9338624035
26,2592710.9338624035
27,2521651.6276689977
28,2380242.2948431075
29,2380242.2948431075
30,2349589.570906032
31,2316677.1652954607
32,2300443.360988998
33,2263653.435933505
34,2222950.833521723
35,2152723.76288894
36,2129573.916556336
37,2129573.916556336
38,2102181.5569326426
39,2032372.7296500844
40,1979566.3094085804
41,1979566.3094085804
42,1979566.3094085804
43,1962648.927150445
44,1959467.3262650038
45,1937890.7190654455
46,1894940.2073741732
47,1894691.6383458278
48,1862146.966650351
49,1853738.1327877736
50,1806785.6123967697
51,1806785.6123967697
52,1805489.7879929636
53,1798176.1465797508
54,1784594.0400147326
55,1769464.8635900784
56,1759941.3917059833
57,1754870.4744087593
58,1743010.0592144483
59,1737469.2833057109
60,1717230.8885352458
61,1710690.9383519227
62,1708320.3852294278
63,1708320.3852294278
64,1699112.0453042258
65,1698015.36768527
66,1694855.341678385
67,1689836.013325914
68,1681490.774281851
69,1681490.774281851
70,1677494.000869393
71,1676346.8548534827
72,1675805.3320181328
73,1670702.6759131295
74,1669625.8658366764
75,1665982.185677519
76,1665982.185677519
77,1665982.185677519
78,1664223.387400727
79,1664223.387400727
80,1663237.1266241537
81,1662699.3014093018
82,1661967.3448160454
83,1660705.5574736665
84,1660705.5574736665
85,1660318.3152175262
86,1660318.3152175262
87,1660318.3152175262
88,1660173.036885555
89,1660173.036885555
90,1660053.5703909304
91,1660053.5703909304
92,1660053.5703909304
93,1660053.5703909304
94,1660053.5703909304
