,0
0,4160896.8990601376
1,4160896.8990601376
2,4160896.8990601376
3,4087257.4822384645
4,3997873.1375413234
5,3957748.6028842055
6,3778302.843776446
7,3778302.843776446
8,3727054.98618962
9,3641359.6839849693
10,3453144.53304735
11,3380459.980243999
12,3335057.4667226053
13,3264236.5855692406
14,3170129.939954187
15,3117487.0916355085
16,3060668.6679066797
17,2953500.794874385
18,2941444.0478443704
19,2905037.22125558
20,2852209.0072552282
21,2768348.838337799
22,2729376.716491114
23,2623121.206382557
24,2574396.566423194
25,2528866.532274931
26,2503732.178095385
27,2451551.3148400714
28,2318165.671151849
29,2318165.671151849
30,2288652.2229983797
31,2283255.4154591816
32,2223119.995687163
33,2184668.469847763
34,2135132.7377727735
35,2094755.1395844854
36,2059049.0153627973
37,2059049.0153627973
38,2052659.1028665905
39,1944183.259334183
40,1944183.259334183
41,1944183.259334183
42,1940954.7000057367
43,1921663.0058545843
44,1878904.765989019
45,1864549.1245647601
46,1850240.346886321
47,1822537.3748418817
48,1822537.3748418817
49,1798191.3131901652
50,1798191.3131901652
51,1779415.7976460697
52,1765708.7331686202
53,1765279.594033023
54,1751529.0476909692
55,1730602.3591163734
56,1730602.3591163734
57,1730602.3591163734
58,1719549.148122796
59,1719549.148122796
60,1708083.7889554135
61,1696825.305063029
62,1695027.6299008173
63,1692461.5256281933
64,1691509.135633101
65,1682251.0496628268
66,1681498.877883758
67,1678011.8251448413
68,1667290.2162798578
69,1667290.2162798578
70,1667290.2162798578
71,1663659.9590158318
72,1661506.1889495251
73,1656803.7450199428
74,1654663.141854826
75,1649078.0723699045
76,1649078.0723699045
77,1646705.3717461568
78,1643747.657422482
79,1641213.3440258952
80,1635353.9577994635
81,1634963.6704572984
82,1632974.7910895904
83,1632974.7910895904
84,1628792.977221267
85,1627288.3459228983
86,1622569.0003180907
87,1621144.7375702674
88,1620213.015546043
89,1619920.4168132069
90,1619920.4168132069
91,1619917.0881608804
92,1619439.050655037
93,1619198.005991022
94,1618926.211650506
95,1618807.6192471383
96,1618566.5745831232
97,1618203.8008283211
98,1617844.1637609384
99,1617397.854895395
100,1617279.2624920271
101,1617279.2624920271
102,1617279.2624920271
103,1611285.5868233985
104,1611285.5868233985
105,1611285.5868233985
106,1611285.5868233985
107,1611285.5868233985
