,0
0,4477293.820723626
1,4360262.61990033
2,4291117.271489196
3,4241008.271963573
4,4158361.162571594
5,4078463.9184897216
6,3910409.668839061
7,3749653.7959278305
8,3748652.8723716415
9,3736274.100860784
10,3625121.899873056
11,3507875.604229074
12,3507875.604229074
13,3503191.131326221
14,3354835.0482076555
15,3292651.807531088
16,3243629.8382745557
17,3091920.2691028924
18,3021279.3340982283
19,3011065.551895182
20,2972042.388770606
21,2901263.7949451744
22,2747708.676134568
23,2747708.676134568
24,2742398.0900486917
25,2717680.712392631
26,2597807.2226087954
27,2559880.7279631915
28,2518012.794411469
29,2405603.035851686
30,2405603.035851686
31,2363614.716725064
32,2352382.910535647
33,2283918.998590485
34,2254267.691945789
35,2228246.5227346444
36,2185171.8976876806
37,2123743.824689467
38,2123743.824689467
39,2069404.0391209682
40,2069404.0391209682
41,1979951.0960700044
42,1979951.0960700044
43,1976847.2894508063
44,1976847.2894508063
45,1953733.992851788
46,1925183.3765218048
47,1880924.6844973182
48,1880924.6844973182
49,1876539.6072423414
50,1862654.1741131684
51,1834438.4095147909
52,1822725.552971666
53,1808079.469288475
54,1792682.9070571372
55,1792682.9070571372
56,1785695.609318652
57,1763314.690456829
58,1762881.727413053
59,1762847.6234930407
60,1756775.5846009834
61,1745236.1350624373
62,1740914.3330002923
63,1733121.0341595272
64,1731494.175882008
65,1728542.9320455918
66,1722804.272286511
67,1719096.3129823832
68,1707687.9872539071
69,1704474.2710223484
70,1701250.9638086923
71,1700646.5319065445
72,1700646.5319065445
73,1693443.817200584
74,1691610.1027461335
75,1689411.5039480515
76,1689411.5039480515
77,1689130.6730008083
78,1689029.5730113669
79,1687777.2531804617
80,1686979.7676762228
81,1686470.944234722
82,1686470.944234722
83,1685178.2766864006
84,1685052.0752623752
85,1685052.0752623752
86,1685052.0752623752
87,1680061.4683178065
88,1679384.1152594257
89,1679384.1152594257
90,1679257.9138354002
91,1679257.9138354002
92,1679257.9138354002
93,1674727.9838359877
94,1674727.9838359877
95,1674727.9838359877
96,1674727.9838359877
97,1674727.9838359877
