,0
0,6890974.016490895
1,6890974.016490895
2,6725931.514829127
3,6725931.514829127
4,6630344.966496344
5,6527801.465692339
6,6443978.341932574
7,6412659.58322861
8,6287472.10915034
9,6119137.523380975
10,6086151.890782224
11,5954701.406608989
12,5844909.13943028
13,5814758.090869848
14,5589202.700288179
15,5589202.700288179
16,5589202.700288179
17,5401979.81705142
18,5401979.81705142
19,5338711.18305113
20,5254345.721302812
21,5119806.724738967
22,5119806.724738967
23,5038014.65174825
24,4952451.256752106
25,4782291.058867955
26,4782291.058867955
27,4782291.058867955
28,4753341.185799926
29,4668743.182078032
30,4597759.6955794655
31,4597759.6955794655
32,4565081.133213532
33,4466034.449224807
34,4454825.4215027355
35,4447507.429238158
36,4340993.215694648
37,4311804.00078167
38,4311804.00078167
39,4263809.654396752
40,4176034.345755281
41,4176034.345755281
42,4163818.998439552
43,4104418.5370036946
44,4104418.5370036946
45,4104418.5370036946
46,4084553.43152183
47,4076545.3555507455
48,4050770.563738092
49,4048038.2894539684
50,4031809.4605360813
51,4014919.442050177
52,4010422.6697796797
53,3993005.795928381
54,3976286.500068675
55,3975880.886978812
56,3961635.0799437882
57,3958452.9883239646
58,3956549.576876241
59,3937596.691451261
60,3937596.691451261
61,3920653.636176869
62,3920653.636176869
63,3910779.7358401837
64,3910779.7358401837
65,3893688.21595675
66,3893688.21595675
67,3893688.21595675
68,3893620.74957873
69,3887069.9811099293
70,3883037.8772634906
71,3883037.8772634906
72,3883037.8772634906
73,3879189.5654682224
74,3879189.5654682224
75,3879189.5654682224
76,3878732.1623943183
77,3878161.6095784814
78,3878161.6095784814
79,3878161.6095784814
80,3877805.4465682316
81,3877805.4465682316
82,3877805.4465682316
83,3877805.4465682316
84,3877805.4465682316
