,0
0,4449862.194188889
1,4372406.680746931
2,4047036.401681123
3,4047036.401681123
4,4047036.401681123
5,4012060.3024960784
6,3984500.877390994
7,3943474.6816006075
8,3661699.370652403
9,3635374.5041192304
10,3635374.5041192304
11,3554477.0906677335
12,3380595.7022653488
13,3380595.7022653488
14,3380595.7022653488
15,3338031.380059218
16,3337256.416129926
17,3237659.0433605993
18,3097983.7016989226
19,3056428.10420217
20,3000732.127136208
21,2933746.4599923845
22,2915700.79384886
23,2843144.449779283
24,2819483.6726790303
25,2776367.7933094194
26,2570070.502545805
27,2570070.502545805
28,2570070.502545805
29,2562433.251478256
30,2555947.545867169
31,2520898.3507393305
32,2470646.1410965007
33,2470646.1410965007
34,2417961.809470403
35,2383786.6481636963
36,2382966.324835786
37,2355863.01823439
38,2322932.963769544
39,2286761.135815247
40,2279381.829646704
41,2252640.4546328164
42,2231984.102816832
43,2225106.9336571074
44,2188680.173112358
45,2180559.580020675
46,2167605.7387472084
47,2152591.224065866
48,2127629.4241268416
49,2113718.4604300433
50,2106362.985648261
51,2106362.985648261
52,2106362.985648261
53,2084854.2420639412
54,2081074.8109919417
55,2070739.0638092957
56,2070739.0638092957
57,2070328.7874911267
58,2070328.7874911267
59,2061897.9321031854
60,2061897.9321031854
61,2056576.4971080625
62,2052080.5346177889
63,2052080.5346177889
64,2052080.5346177889
65,2049394.7299050055
66,2048015.1111281377
67,2048015.1111281377
68,2047356.8918834815
69,2047356.8918834815
70,2047356.8918834815
71,2047356.8918834815
72,2047356.8918834815
