,0
0,5819267.191308669
1,5448719.174396131
2,5448719.174396131
3,5406552.462699794
4,5227866.263246011
5,5131847.929485837
6,4898266.737690428
7,4898266.737690428
8,4748654.130763026
9,4748654.130763026
10,4748654.130763026
11,4619724.340326244
12,4415112.855026939
13,4396015.830924813
14,4248898.7794548245
15,4011415.8939578054
16,3973532.2126244535
17,3973532.2126244535
18,3973532.2126244535
19,3962147.7321028435
20,3878845.207276094
21,3722208.0662717703
22,3722208.0662717703
23,3646238.4323378797
24,3485810.6587310736
25,3485810.6587310736
26,3485810.6587310736
27,3401521.7812280823
28,3340068.5917642796
29,3300169.9947380414
30,3292494.272605498
31,3194438.9969086642
32,3108579.8157550525
33,3108579.8157550525
34,3103850.0189289274
35,3025339.9100478827
36,3006252.4263170534
37,2906137.04616031
38,2906137.04616031
39,2874669.958404441
40,2874669.958404441
41,2837476.0063627907
42,2765110.709038197
43,2765110.709038197
44,2755772.1389228767
45,2720437.5690168026
46,2709976.4117853837
47,2683782.9192264886
48,2675316.509739006
49,2619908.613832222
50,2613746.8760293648
51,2597565.638829973
52,2597565.638829973
53,2597565.638829973
54,2568113.6643547607
55,2568113.6643547607
56,2549615.4228375307
57,2525266.1008230573
58,2525266.1008230573
59,2516010.334318833
60,2506548.3038996756
61,2501078.025533255
62,2501078.025533255
63,2490908.651950496
64,2463808.2638970185
65,2459690.1235091668
66,2458811.273392887
67,2458811.273392887
68,2436758.0673010275
69,2436758.0673010275
70,2436758.0673010275
71,2429868.9992792467
72,2424859.575941805
73,2419148.4093477107
74,2417833.3464584625
75,2415486.8070409247
76,2415486.8070409247
77,2411711.811330843
78,2411711.811330843
79,2407179.615737312
80,2402790.2902754163
81,2402790.2902754163
82,2396890.052545721
83,2396890.052545721
84,2396890.052545721
85,2396890.052545721
86,2396890.052545721
87,2395658.970344227
88,2394926.7972654393
89,2394451.7145504304
90,2394207.6266510324
91,2394207.6266510324
92,2394207.6266510324
93,2394207.6266510324
94,2393728.701515421
95,2393728.701515421
96,2392672.9889640887
97,2392672.9889640887
98,2392057.2905076467
99,2391358.0346181113
100,2391333.04147481
101,2390677.203989212
102,2390652.2108459105
103,2390194.197228252
104,2390169.204084951
105,2390169.204084951
106,2390169.204084951
107,2390169.204084951
108,2390169.204084951
