,0
0,6213461.264001794
1,6213461.264001794
2,6103981.859030314
3,6103981.859030314
4,5976652.993138065
5,5936055.06391683
6,5822426.974903126
7,5725414.954935593
8,5725414.954935593
9,5724471.381942337
10,5674831.812729576
11,5568643.963700541
12,5568643.963700541
13,5448517.250502793
14,5448517.250502793
15,5327340.44156614
16,5257201.661971867
17,5237006.08717004
18,5237006.08717004
19,5163153.399616818
20,5163153.399616818
21,5006356.13612914
22,5006356.13612914
23,5006356.13612914
24,5006356.13612914
25,4954523.085246716
26,4916530.75467601
27,4878622.0423346115
28,4878622.0423346115
29,4863253.926042573
30,4733045.219513155
31,4733045.219513155
32,4631937.010393825
33,4603559.25738634
34,4603559.25738634
35,4498964.378896256
36,4483115.711882398
37,4479748.157009976
38,4479748.157009976
39,4343670.374098172
40,4341703.980826433
41,4327173.6006166795
42,4255924.901774837
43,4255924.901774837
44,4221194.458120639
45,4108775.4619765105
46,4108775.4619765105
47,4076496.8003290216
48,4076496.8003290216
49,4034562.3108541537
50,4028802.581329334
51,4019548.750489325
52,3936461.9062992614
53,3936461.9062992614
54,3901072.820826271
55,3882034.265795965
56,3882034.265795965
57,3829790.8593576695
58,3771620.6049670265
59,3771620.6049670265
60,3742064.9070829106
61,3694388.0199451223
62,3694388.0199451223
63,3687191.9365745126
64,3687191.9365745126
65,3582597.8237717086
66,3582597.8237717086
67,3582597.8237717086
68,3554868.357686043
69,3554868.357686043
70,3550448.6355760624
71,3502673.73467761
72,3465147.391299197
73,3465147.391299197
74,3451356.5051240437
75,3451356.5051240437
76,3451356.5051240437
77,3402458.9684273745
78,3388395.1698283865
79,3385639.101593586
80,3335317.4660680234
81,3310717.9278175137
82,3307124.3317512027
83,3306054.062350857
84,3283655.8135226946
85,3283655.8135226946
86,3258923.365569936
87,3222551.784934236
88,3222551.784934236
89,3214729.225202041
90,3214729.225202041
91,3188670.3703682492
92,3165931.357457343
93,3165931.357457343
94,3161315.8762351833
95,3148921.763914081
96,3120896.4657165413
97,3115163.834397068
98,3115163.834397068
99,3112563.220365292
100,3086921.84352242
101,3082417.3985974323
102,3082417.3985974323
103,3063178.9008369315
104,3061072.262518735
105,3046771.518060408
106,3046771.518060408
107,3034944.9592559366
108,3026660.041896642
109,3026660.041896642
110,3022364.291598093
111,3011984.115035617
112,3009624.836897432
113,3004353.414668579
114,2993809.0588743896
115,2992274.090048213
116,2989138.7150125736
117,2981683.97571646
118,2980679.0212749992
119,2975365.4995240304
120,2975365.4995240304
121,2975365.4995240304
122,2974401.109213103
123,2973664.576860501
124,2970842.7343435227
125,2970039.712133095
126,2968062.7105826936
127,2968062.7105826936
128,2966887.2687094263
129,2959615.307984301
130,2959615.307984301
131,2959615.307984301
132,2959615.307984301
133,2959615.307984301
