,0
0,4952321.577568888
1,4888913.936546246
2,4663759.044884281
3,4581359.723596504
4,4377668.1460376065
5,4213718.695432589
6,4094497.434343168
7,4094497.434343168
8,3997826.030890709
9,3911864.1912406897
10,3720461.638103155
11,3720461.638103155
12,3720461.638103155
13,3531856.6037188154
14,3454424.0797421816
15,3424918.460091262
16,3401000.601841677
17,3385172.468644543
18,3242993.8132494134
19,3242993.8132494134
20,3186862.4565933724
21,3089046.705538225
22,3043898.7565613277
23,3009733.3844066774
24,2925627.2106564334
25,2897094.4410135187
26,2827319.8171495106
27,2794597.670383937
28,2736237.732720891
29,2736237.732720891
30,2720052.596530815
31,2654535.3209083215
32,2633723.349412099
33,2633723.349412099
34,2546577.1442714445
35,2539578.854388283
36,2455253.2893302967
37,2401439.5631435546
38,2401439.5631435546
39,2401439.5631435546
40,2401439.5631435546
41,2376065.759345402
42,2355556.488853284
43,2347421.2655542404
44,2253818.5605504806
45,2253818.5605504806
46,2253818.5605504806
47,2236026.9966032854
48,2219406.268310763
49,2219406.268310763
50,2195446.3481687577
51,2195446.3481687577
52,2190137.9511228795
53,2190137.9511228795
54,2187524.784835811
55,2171143.4200566215
56,2171143.4200566215
57,2158794.6891390346
58,2158794.6891390346
59,2156263.128102917
60,2155045.6523063076
61,2153030.578277654
62,2150833.742092624
63,2146895.292265618
64,2142166.4036968206
65,2137209.3976757433
66,2137209.3976757433
67,2137209.3976757433
68,2133526.4318525144
69,2133526.4318525144
70,2132118.817289578
71,2126447.6950451485
72,2122913.445291803
73,2122525.315862136
74,2122370.8165853713
75,2120108.8217223
76,2119413.649173529
77,2118243.0191025753
78,2116924.3061001855
79,2113934.8555690395
80,2113934.8555690395
81,2111481.373210945
82,2111481.373210945
83,2110441.3413933944
84,2110441.3413933944
85,2108770.6194450906
86,2108770.6194450906
87,2108770.6194450906
88,2099210.2995313997
89,2099210.2995313997
90,2099210.2995313997
91,2099210.2995313997
92,2097385.078306331
93,2091331.4193479435
94,2091331.4193479435
95,2089506.1981228746
96,2089506.1981228746
97,2089506.1981228746
98,2089506.1981228746
99,2089506.1981228746
