,0
0,4857390.572760478
1,4730277.614786739
2,4643165.624874861
3,4557406.9159196485
4,4310941.467831195
5,4310941.467831195
6,4246266.516864546
7,4096522.852986014
8,4096522.852986014
9,3977772.276287924
10,3972893.1642385074
11,3829742.4108801684
12,3829742.4108801684
13,3695463.700925807
14,3695463.700925807
15,3591417.4156638966
16,3537199.330708948
17,3371517.7695544306
18,3371517.7695544306
19,3371517.7695544306
20,3317390.451926419
21,3310396.2953268206
22,3142896.687064488
23,3142896.687064488
24,3106185.512531014
25,3106185.512531014
26,3026204.6316954065
27,3004864.6225975533
28,2938454.7626265627
29,2911677.7892228398
30,2899065.1826866586
31,2811921.242333909
32,2796512.1726351613
33,2796512.1726351613
34,2786706.576927083
35,2717282.5477868477
36,2692586.4311407874
37,2651893.1400127644
38,2651893.1400127644
39,2640770.200575651
40,2593788.7940630005
41,2539149.1682433146
42,2539149.1682433146
43,2526912.3719257843
44,2500073.5554028978
45,2489603.8985847835
46,2441416.120741478
47,2441416.120741478
48,2441416.120741478
49,2433646.6969989734
50,2418390.1418895074
51,2389139.6075618365
52,2389139.6075618365
53,2389139.6075618365
54,2366281.0353133865
55,2350732.377594477
56,2350732.377594477
57,2350732.377594477
58,2342139.2069662865
59,2329829.166750171
60,2310115.3066546586
61,2310115.3066546586
62,2310115.3066546586
63,2310115.3066546586
64,2308133.568642722
65,2303489.2396591753
66,2301172.084044129
67,2300639.243241226
68,2297830.1527438234
69,2296085.049645695
70,2293425.2494599544
71,2293425.2494599544
72,2292933.2646984984
73,2291614.51705739
74,2290839.4147596173
75,2290839.4147596173
76,2290568.082369767
77,2290568.082369767
78,2290568.082369767
79,2290568.082369767
80,2290568.082369767
