,0
0,4574400.753939967
1,4574400.753939967
2,4479456.639821963
3,4479456.639821963
4,4475743.003751606
5,4282586.37099305
6,4270576.729520719
7,4188856.7022205107
8,4044374.36522166
9,3878843.97162511
10,3834358.35909396
11,3834358.35909396
12,3782728.5268949987
13,3569040.808050033
14,3569040.808050033
15,3454514.3671086463
16,3423591.2472109776
17,3408093.833051415
18,3372839.801906672
19,3304408.1779481317
20,3209005.4879948706
21,3169086.855852594
22,3062409.676602495
23,3043002.05368897
24,3033110.901872112
25,2918494.583463001
26,2918494.583463001
27,2901002.2085790085
28,2793076.985973425
29,2793076.985973425
30,2692312.572552471
31,2684516.898168287
32,2668681.870510927
33,2612217.9337352277
34,2612217.9337352277
35,2592894.002126228
36,2556013.1626212597
37,2545094.9529892644
38,2500458.415020412
39,2493363.7115960773
40,2457936.959284615
41,2413027.1713106195
42,2398024.4145361474
43,2398024.4145361474
44,2376841.50976756
45,2346938.4230245813
46,2312471.0577992396
47,2312471.0577992396
48,2291787.0999316988
49,2268486.100422852
50,2238103.8963178615
51,2225714.422208688
52,2210419.6252274457
53,2210419.6252274457
54,2205343.715993357
55,2193264.932842938
56,2185721.3257921934
57,2176486.793316439
58,2159994.6240193443
59,2148244.835043357
60,2148244.835043357
61,2140838.4343880513
62,2131672.670609315
63,2121888.988585494
64,2116177.5912447125
65,2097776.8213477256
66,2097776.8213477256
67,2095859.1564411854
68,2088754.9974544363
69,2084617.431222743
70,2075377.6957345144
71,2075377.6957345144
72,2075377.6957345144
73,2070926.3452402572
74,2067294.5876561513
75,2065377.8862031004
76,2065377.8862031004
77,2063307.122201995
78,2062372.2119960473
79,2058378.7732685402
80,2058134.5484184797
81,2055181.394534463
82,2055166.423789572
83,2053351.8235196678
84,2053351.8235196678
85,2051443.9498824917
86,2051443.9498824917
87,2049501.0400396397
88,2048072.122648278
89,2043231.039964667
90,2043231.039964667
91,2043231.039964667
92,2039264.6934627413
93,2038215.2750802995
94,2037126.4709981384
95,2035435.2385499582
96,2030805.0263026424
97,2029629.7978660483
98,2029629.7978660483
99,2029629.7978660483
100,2028762.447017496
101,2027191.3416560704
102,2024239.6350487792
103,2024178.2227893206
104,2022006.3715703196
105,2021883.664767024
106,2020989.0308330725
107,2019993.1001331157
108,2019987.5921392017
109,2019419.853241334
110,2018991.6614392446
111,2018991.6614392446
112,2018991.6614392446
113,2018991.6614392446
114,2018991.6614392446
