,0
0,5775729.629867268
1,5573665.361398485
2,5509191.688508578
3,5384092.482451746
4,5384092.482451746
5,5078005.244614979
6,5022450.467704517
7,4636814.539483469
8,4636814.539483469
9,4636814.539483469
10,4343998.674213205
11,4343998.674213205
12,4211332.467584317
13,4211332.467584317
14,4114050.556536246
15,4058641.3211508947
16,4019556.276158165
17,3900080.9028455354
18,3880001.4782278044
19,3765041.2312061484
20,3760513.757956639
21,3749057.4929807624
22,3665967.50662846
23,3511756.220166182
24,3487330.964169295
25,3373968.9269534866
26,3373968.9269534866
27,3341701.053355669
28,3256747.5554246283
29,3256747.5554246283
30,3200460.0960717727
31,3178777.311101126
32,3111858.2444966584
33,3100361.5166421887
34,3045646.0283324183
35,2961106.7586507816
36,2961106.7586507816
37,2932786.8502657474
38,2905458.6749194437
39,2859506.450891161
40,2849053.422474403
41,2779449.4355847416
42,2779449.4355847416
43,2709922.793095586
44,2709922.793095586
45,2674220.3613173906
46,2643776.968107941
47,2643776.968107941
48,2622163.5972268614
49,2589721.4364685845
50,2589721.4364685845
51,2580131.521924457
52,2521775.1656288523
53,2521775.1656288523
54,2521775.1656288523
55,2512879.649025386
56,2498871.370286216
57,2488567.3141438467
58,2487659.0528119565
59,2462475.886887023
60,2462475.886887023
61,2445241.47495477
62,2445241.47495477
63,2445241.47495477
64,2443427.5035911165
65,2430216.657521123
66,2430216.657521123
67,2423746.357865347
68,2419051.65196315
69,2413413.0415996844
70,2408788.3043872872
71,2405714.7561270692
72,2401857.7984219966
73,2401094.0901326677
74,2398412.497051559
75,2395179.8561689532
76,2391359.3006298877
77,2391359.3006298877
78,2386820.667845267
79,2386820.667845267
80,2385151.9809981626
81,2384118.5445525264
82,2377203.036885446
83,2376899.545578401
84,2375098.007525881
85,2375098.007525881
86,2374688.2291569146
87,2374161.6768696774
88,2374026.8804539554
89,2373068.1268223715
90,2372733.2988982145
91,2372733.2988982145
92,2372733.2988982145
93,2372733.2988982145
94,2372733.2988982145
