,0
0,6831432.614806518
1,6705251.323350416
2,6705251.323350416
3,6528438.50261286
4,6406576.305220571
5,6351012.535380293
6,6236855.7425250895
7,6136045.757152959
8,6036955.069714858
9,5866756.705669281
10,5781859.088342243
11,5775928.711054038
12,5688881.400988597
13,5688881.400988597
14,5483648.235411786
15,5449474.30320555
16,5416343.370215939
17,5163882.089642391
18,5163882.089642391
19,5163882.089642391
20,5142296.287576904
21,4963746.317434654
22,4891679.524216992
23,4844783.9912179895
24,4844783.9912179895
25,4811965.733217821
26,4733709.426296027
27,4649774.866132359
28,4649774.866132359
29,4575682.275259007
30,4516497.058379322
31,4477690.715225954
32,4409209.0556128565
33,4328578.3567174645
34,4328578.3567174645
35,4319051.847643123
36,4246391.969342402
37,4238442.895656026
38,4192138.9247484165
39,4143386.3145735255
40,4143386.3145735255
41,4143386.3145735255
42,4104469.645850439
43,4094667.8578663273
44,4056393.2196657117
45,4056393.2196657117
46,4053019.4570137393
47,4023422.7786161695
48,4012024.917962084
49,3999285.7069878085
50,3983724.00410752
51,3983724.00410752
52,3956362.1811118093
53,3942315.4818550325
54,3942315.4818550325
55,3938445.6240447327
56,3926881.3005793137
57,3926881.3005793137
58,3926881.3005793137
59,3914092.6204784582
60,3908997.289540798
61,3908997.289540798
62,3906148.530828285
63,3906148.530828285
64,3905999.2589933183
65,3902989.9437105358
66,3901167.751440936
67,3901167.751440936
68,3900981.3608150985
69,3898746.6288917135
70,3895446.3564346572
71,3893118.5837530023
72,3890379.302043638
73,3890379.302043638
74,3890379.302043638
75,3890379.302043638
76,3877414.57384252
77,3876837.111241555
78,3876837.111241555
79,3876837.111241555
80,3876837.111241555
81,3875007.309360069
82,3874218.2464965116
83,3872694.269443116
84,3872694.269443116
85,3872694.269443116
86,3872694.269443116
87,3872694.269443116
