,0
0,6916246.378572473
1,6764092.87112129
2,6563560.619566716
3,6509130.990994895
4,6381643.482627738
5,6301825.761667796
6,6102187.319121224
7,6102187.319121224
8,5936163.081097502
9,5936163.081097502
10,5819776.953425129
11,5711105.752143613
12,5566861.995253057
13,5477586.423204379
14,5477586.423204379
15,5426579.057741166
16,5270404.929175374
17,5270404.929175374
18,5188745.494609394
19,4855758.16183394
20,4855758.16183394
21,4855758.16183394
22,4855758.16183394
23,4748343.260464506
24,4748343.260464506
25,4686047.782025676
26,4608980.067640719
27,4469478.620127953
28,4469478.620127953
29,4428718.443370829
30,4428718.443370829
31,4381270.609777757
32,4316577.120035249
33,4306252.277946219
34,4226965.049426781
35,4198819.177194681
36,4148427.6975794313
37,4148427.6975794313
38,4129122.659603481
39,4105433.450115077
40,4065457.1344438707
41,4028351.712193505
42,4026198.691380224
43,4011275.687888939
44,3985344.3768718597
45,3956585.297261776
46,3938618.2252812968
47,3916515.4386821715
48,3868476.1557166534
49,3868476.1557166534
50,3868476.1557166534
51,3847157.8445524545
52,3835796.6641768613
53,3808549.521314073
54,3808549.521314073
55,3778151.516977143
56,3778151.516977143
57,3757245.136910994
58,3757245.136910994
59,3755654.3098879424
60,3738759.203933089
61,3736894.644888468
62,3725945.2234850456
63,3721009.293667835
64,3713598.775644365
65,3711331.2617053837
66,3706943.219506635
67,3702397.118098582
68,3697495.6346740914
69,3692761.2010874352
70,3689121.126168821
71,3685292.73272392
72,3678031.449054999
73,3673781.6064125826
74,3673781.6064125826
75,3671075.7595196394
76,3666840.743149054
77,3666840.743149054
78,3666840.743149054
79,3666840.743149054
80,3663087.9615795235
81,3663087.9615795235
82,3663087.9615795235
83,3659513.5218635574
84,3659513.5218635574
85,3657537.1312337415
86,3656394.6792663345
87,3653401.075028895
88,3653401.075028895
89,3650863.60814471
90,3650863.60814471
91,3649509.7738534133
92,3644081.2615708336
93,3644081.2615708336
94,3644081.2615708336
95,3643547.2186309206
96,3643547.2186309206
97,3643547.2186309206
98,3643155.4688014244
99,3643155.4688014244
100,3643155.4688014244
101,3643155.4688014244
102,3643155.4688014244
