,0
0,6275093.2557236245
1,6179714.458244415
2,6096664.089838626
3,5953758.503197893
4,5920748.968234878
5,5895436.976125709
6,5799822.484681759
7,5688178.497615067
8,5543177.0466856
9,5543177.0466856
10,5465672.68644951
11,5465672.68644951
12,5350250.598899806
13,5350250.598899806
14,5350250.598899806
15,5246172.703951324
16,5220707.711738344
17,5220707.711738344
18,5048099.335117198
19,5048099.335117198
20,5048099.335117198
21,4975159.880375233
22,4928830.11302336
23,4837045.884369462
24,4837045.884369462
25,4781849.790742932
26,4781849.790742932
27,4733762.737361371
28,4724044.503135199
29,4635700.802326814
30,4541946.898949389
31,4541946.898949389
32,4482960.193359453
33,4477706.230453828
34,4411151.562781369
35,4374342.260669793
36,4374342.260669793
37,4350248.009545544
38,4272307.8265327355
39,4250070.488862863
40,4203785.748527656
41,4186799.8802863983
42,4186799.8802863983
43,4107187.7729700813
44,4059688.840622477
45,4059688.840622477
46,4012913.9500367534
47,4007663.205475137
48,3950528.231681921
49,3950528.231681921
50,3947068.8815138084
51,3891185.14395465
52,3875029.489194441
53,3795797.575458156
54,3790499.9820610355
55,3790499.9820610355
56,3742336.7595819086
57,3690119.3921908443
58,3690119.3921908443
59,3679281.548520578
60,3642206.366175695
61,3627822.1895791353
62,3593280.2741722893
63,3544951.4541690927
64,3544951.4541690927
65,3544951.4541690927
66,3525792.5682930113
67,3454437.4306893866
68,3454437.4306893866
69,3454437.4306893866
70,3454437.4306893866
71,3454437.4306893866
72,3399905.0392636424
73,3382975.133466954
74,3382975.133466954
75,3377671.525271359
76,3359311.2514580786
77,3353902.3031059937
78,3353902.3031059937
79,3343532.6995617757
80,3324213.897439267
81,3308641.8630140456
82,3308641.8630140456
83,3308641.8630140456
84,3302002.3016608064
85,3291819.1700130743
86,3285575.1324750655
87,3285575.1324750655
88,3274659.9842195404
89,3274659.9842195404
90,3269736.5319982413
91,3236630.4319720394
92,3236630.4319720394
93,3236630.4319720394
94,3236630.4319720394
95,3236630.4319720394
