,0
0,4743810.426152457
1,4728602.5999379065
2,4554749.66245066
3,4502916.528812947
4,4371704.394887155
5,4270330.790223026
6,4232725.348175046
7,4179837.9153776253
8,4080097.074154168
9,4066375.970539393
10,3968533.5233298964
11,3889658.185141921
12,3788357.6514473073
13,3674942.593671908
14,3645485.5213113856
15,3549768.240843857
16,3492455.8343374347
17,3319752.733100051
18,3319752.733100051
19,3277261.5637611235
20,3277261.5637611235
21,3142294.3261433183
22,3117593.6721643554
23,3060377.5549618583
24,3047456.147020033
25,2974459.4936089646
26,2933432.7932880274
27,2874465.9211077527
28,2871946.709054826
29,2803726.5971696796
30,2791357.324739995
31,2754179.4181764107
32,2684660.3012362733
33,2658928.3405611417
34,2651182.1761328336
35,2620201.5726483194
36,2522471.3662219276
37,2516493.808341068
38,2504497.475484615
39,2478725.4319128003
40,2432604.4552155207
41,2392376.6223455104
42,2389463.643620957
43,2382144.7991464958
44,2357421.2832145044
45,2318725.0243918896
46,2256788.0167447883
47,2256788.0167447883
48,2256788.0167447883
49,2245656.647137259
50,2232619.0716297287
51,2227545.7087248825
52,2201427.733284138
53,2193745.735971048
54,2164189.0470290394
55,2164189.0470290394
56,2164189.0470290394
57,2150450.247462084
58,2141580.0167916114
59,2138145.0314537324
60,2124398.9259945233
61,2114855.970266095
62,2107542.470266881
63,2107542.470266881
64,2100248.8108820794
65,2090878.5031064998
66,2090878.5031064998
67,2088668.572188572
68,2086866.431742921
69,2083939.4692846837
70,2076503.5364201285
71,2069991.9324541972
72,2068853.0251627811
73,2068853.0251627811
74,2066386.0539041462
75,2063094.0948792102
76,2061732.117227244
77,2061341.5050983203
78,2055000.6863532884
79,2055000.6863532884
80,2053586.0003330896
81,2053586.0003330896
82,2051821.252281286
83,2051821.252281286
84,2051419.5712675136
85,2051051.9097170464
86,2051051.9097170464
87,2051051.9097170464
88,2051051.9097170464
89,2051051.9097170464
