,0
0,4306885.926013568
1,4306885.926013568
2,4306885.926013568
3,4213533.248614421
4,4122845.908344645
5,4116763.3448988623
6,3911775.1044845027
7,3807954.4833233445
8,3746400.986641208
9,3746400.986641208
10,3641730.6940478436
11,3641730.6940478436
12,3478028.5223233346
13,3464182.561155596
14,3345709.655695235
15,3213342.547647823
16,3213342.547647823
17,3119923.44880478
18,3116358.6708765733
19,3020707.5858584633
20,2942767.308738368
21,2942767.308738368
22,2907551.101431635
23,2790339.356925521
24,2770631.1750793224
25,2729162.3085352536
26,2650828.2211046787
27,2594386.1581823076
28,2564053.555703543
29,2521187.8897758424
30,2478617.0338424
31,2476698.293995017
32,2455918.8040154288
33,2425433.0236633387
34,2396404.3760396014
35,2298872.102511362
36,2298872.102511362
37,2298872.102511362
38,2268543.4115147586
39,2247495.0488871164
40,2213266.858539916
41,2182412.113672959
42,2182412.113672959
43,2135649.8630827586
44,2130947.3308597645
45,2123635.945172376
46,2086394.8959198003
47,2054245.4192380619
48,2054245.4192380619
49,2039274.7701482766
50,2036041.284210783
51,2012286.50947538
52,2007957.8942282803
53,2000652.3340615705
54,1971527.2553341414
55,1971527.2553341414
56,1970145.6025768179
57,1970145.6025768179
58,1965026.0510094159
59,1950835.2827956134
60,1950419.4190514
61,1939903.2396758916
62,1936891.366796217
63,1934255.1024004605
64,1933659.4964487469
65,1927630.1781935843
66,1925761.3252423923
67,1925278.1492857358
68,1923973.6187018103
69,1923351.9728374272
70,1921500.595476952
71,1920509.634949252
72,1920509.634949252
73,1919806.1379785086
74,1919806.1379785086
75,1919806.1379785086
76,1919806.1379785086
77,1919806.1379785086
