,0
0,5486564.870308656
1,5372406.616743237
2,5372406.616743237
3,5132086.726198001
4,5132086.726198001
5,5132086.726198001
6,4841414.784281221
7,4841414.784281221
8,4841383.98273987
9,4755099.332879121
10,4562336.629176668
11,4482626.104561811
12,4380533.733764585
13,4256243.670963968
14,4256243.670963968
15,4126620.8006671513
16,4126620.8006671513
17,4010554.4017987484
18,3958719.702970026
19,3774145.433983394
20,3774145.433983394
21,3760061.838691545
22,3447482.7162937364
23,3447482.7162937364
24,3447482.7162937364
25,3447482.7162937364
26,3447482.7162937364
27,3428037.2805804517
28,3335842.4920127834
29,3290717.800727389
30,3249079.834591706
31,3134799.151759392
32,3119385.414043803
33,3119385.414043803
34,3068687.773249603
35,3022307.119112908
36,2971652.0861662286
37,2965001.9454196584
38,2938539.5845111217
39,2842082.8611803805
40,2842082.8611803805
41,2789122.37514131
42,2784137.6350674084
43,2771374.1048035794
44,2767967.7044326235
45,2717958.2971513956
46,2715602.150075316
47,2681350.2097992105
48,2643760.1293320274
49,2643760.1293320274
50,2643760.1293320274
51,2605078.4021337526
52,2605078.4021337526
53,2595135.8015806475
54,2574676.510610246
55,2574676.510610246
56,2568787.765370943
57,2549680.7290701317
58,2539576.592502403
59,2539576.592502403
60,2539576.592502403
61,2519569.074532846
62,2516002.011378754
63,2504319.6100743087
64,2497317.5140099158
65,2490716.8378990726
66,2490716.8378990726
67,2490716.8378990726
68,2483830.3875963283
69,2480097.157759393
70,2475594.4942149026
71,2475594.4942149026
72,2469214.4533446343
73,2466527.9813841665
74,2464231.0294352314
75,2464231.0294352314
76,2457282.574381661
77,2457282.574381661
78,2457282.574381661
79,2448076.1002805126
80,2448076.1002805126
81,2448076.1002805126
82,2448076.1002805126
83,2446641.8338753423
84,2446210.282999828
85,2442910.2891086144
86,2441866.316164957
87,2441866.316164957
88,2441240.7214161623
89,2438653.2808508263
90,2436987.8221238223
91,2436987.8221238223
92,2436987.8221238223
93,2436834.4299176424
94,2436834.4299176424
95,2436834.4299176424
96,2436834.4299176424
97,2436834.4299176424
