,0
0,4444893.033048216
1,4374408.4354307605
2,4192314.430126033
3,4165577.1547187883
4,3940552.7109072236
5,3940552.7109072236
6,3884014.626497164
7,3854970.594372245
8,3690019.3452555155
9,3515512.010014495
10,3515512.010014495
11,3465129.6900073835
12,3415457.451868978
13,3334988.574000818
14,3258381.728225219
15,3216948.6583392886
16,3091807.0799846896
17,3030820.65200967
18,3030820.65200967
19,2901966.2991147144
20,2855555.1169620873
21,2765174.0098581556
22,2754313.947028259
23,2730763.4545519236
24,2657222.8217069185
25,2574438.6081417683
26,2574438.6081417683
27,2562730.8929948113
28,2399075.1110196006
29,2399075.1110196006
30,2304509.2250810056
31,2304509.2250810056
32,2291651.4985654177
33,2283928.584262165
34,2262016.6265392858
35,2212271.880065368
36,2174881.5627749404
37,2145111.722059058
38,2106426.24162649
39,2089604.1292340863
40,2088229.169913644
41,2064276.0090792896
42,2054242.605400908
43,2005582.1420355053
44,1988531.5350904264
45,1973625.2521137404
46,1951943.1875210716
47,1935532.2716579225
48,1910592.70143695
49,1893091.1451123573
50,1874346.0690806883
51,1867526.7232505705
52,1854114.4178941436
53,1845684.9186968205
54,1823534.892445259
55,1798552.3719847784
56,1798552.3719847784
57,1788601.64109889
58,1774861.6125828691
59,1772585.15125161
60,1755406.8879426518
61,1746758.6959148615
62,1742820.8733723839
63,1727809.2616781252
64,1725549.55228258
65,1710760.9899793612
66,1710760.9899793612
67,1707041.3602831739
68,1707041.3602831739
69,1702505.7436681283
70,1690852.8868567476
71,1690852.8868567476
72,1690577.2049173017
73,1686275.7009236678
74,1686275.7009236678
75,1682647.3803942956
76,1682647.3803942956
77,1677593.5036147977
78,1677593.5036147977
79,1677593.5036147977
80,1674876.4872945817
81,1674699.088845785
82,1673394.6853932112
83,1673394.6853932112
84,1673019.1466029002
85,1672736.4661485548
86,1672736.4661485548
87,1672736.4661485548
88,1672736.4661485548
89,1672736.4661485548
