,0
0,4766064.427033885
1,4766064.427033885
2,4757177.912404693
3,4616196.746060639
4,4401227.493786492
5,4273378.0357464375
6,4149594.896059406
7,4149594.896059406
8,4045623.829406887
9,4015421.2060524425
10,3839688.0803578096
11,3771150.3805532665
12,3669358.140802046
13,3549122.6523859017
14,3549122.6523859017
15,3393959.7001754623
16,3295924.0296121743
17,3295003.905337292
18,3295003.905337292
19,3236095.416770296
20,3103077.8469459014
21,3092167.1377245113
22,3041682.6520305392
23,3012905.666692432
24,2944798.726581263
25,2895512.9713071682
26,2829915.39203189
27,2718483.1502917027
28,2718483.1502917027
29,2718483.1502917027
30,2662722.614646223
31,2627993.5489692762
32,2624649.307229682
33,2577828.5053084535
34,2567260.9770421474
35,2466229.4366322025
36,2466229.4366322025
37,2455892.170622329
38,2439163.6489865026
39,2393299.234227419
40,2353586.8670530003
41,2353586.8670530003
42,2312484.5031073834
43,2312261.431820551
44,2300016.0776268677
45,2242204.137641017
46,2242204.137641017
47,2220929.2808810347
48,2216997.7487975676
49,2199080.735973569
50,2175350.9034549086
51,2127473.088171297
52,2102249.630247265
53,2102249.630247265
54,2096981.6877144382
55,2096981.6877144382
56,2096330.1286761672
57,2081508.9434550032
58,2075341.1537649855
59,2067457.5681862028
60,2054902.41428554
61,2052950.0954879732
62,2049577.6439973656
63,2042051.290155845
64,2038410.9693292205
65,2030617.8813016799
66,2026127.6372803594
67,2013863.5403557343
68,2013863.5403557343
69,2013863.5403557343
70,2012769.9315158797
71,2008427.9768109254
72,2005800.570994923
73,2002576.8338967313
74,1998163.24886517
75,1995395.6745426103
76,1994057.1623194367
77,1992859.9247424826
78,1990524.0279054607
79,1990082.8776098413
80,1987989.9052209312
81,1984859.7130690855
82,1981583.6119998782
83,1981018.274473066
84,1979403.011810077
85,1979080.1668887911
86,1978675.1980736551
87,1977714.8327770631
88,1977309.8639619271
89,1977309.8639619271
90,1976162.2398606387
91,1975530.7174265804
92,1975530.7174265804
93,1975530.7174265804
94,1975530.7174265804
95,1963912.9043601807
96,1963912.9043601807
97,1963912.9043601807
98,1963912.9043601807
99,1963912.9043601807
