,0
0,4532859.416169729
1,4438088.646522041
2,4240777.632830829
3,4122439.3536507445
4,3968822.606537237
5,3968822.606537237
6,3888128.3740020306
7,3820206.254604183
8,3773479.686156491
9,3683535.9532110337
10,3572853.125558012
11,3518604.1664656424
12,3502113.0723548275
13,3412740.5467699943
14,3284729.334559359
15,3279389.306484418
16,3224931.141032751
17,3075693.248290881
18,2973923.9548586877
19,2946296.643851058
20,2904967.848980902
21,2904967.848980902
22,2794605.7403590074
23,2716327.0979520744
24,2680902.1118453825
25,2631754.196381238
26,2631754.196381238
27,2523013.4802378938
28,2523013.4802378938
29,2455875.00043513
30,2412168.695569397
31,2407511.580180176
32,2372568.487021134
33,2306017.86574219
34,2306017.86574219
35,2284227.5884733154
36,2284227.5884733154
37,2241723.283922884
38,2210180.183511664
39,2195097.1838331153
40,2154276.445248834
41,2154276.445248834
42,2129899.6564600957
43,2108473.3897078848
44,2103043.206516622
45,2085854.9069724204
46,2054817.5904776687
47,2053329.5902672198
48,2053329.5902672198
49,2044929.2113907272
50,2040534.628693079
51,2021235.5813361586
52,2003924.5868578823
53,2001856.0675172845
54,1989687.2908820566
55,1981418.7099711073
56,1978429.7601070679
57,1975944.9660371626
58,1964258.3982867734
59,1964258.3982867734
60,1948309.0768515388
61,1948309.0768515388
62,1945907.3926741017
63,1938248.207244254
64,1929312.8170175706
65,1929312.8170175706
66,1923998.7247065043
67,1923998.7247065043
68,1922239.2109770281
69,1920218.3900391548
70,1918290.6232520838
71,1916442.3423941904
72,1905622.5149690749
73,1905622.5149690749
74,1904191.320307884
75,1901670.8391296905
76,1901670.8391296905
77,1900172.684025894
78,1899650.0181918172
79,1899650.0181918172
80,1891797.4724578604
81,1891335.5949997206
82,1891335.5949997206
83,1890352.8592895116
84,1884046.335962841
85,1883268.7873562525
86,1883268.7873562525
87,1882286.0516460435
88,1882112.753495533
89,1875979.528319373
90,1873407.7999024554
91,1873407.7999024554
92,1873407.7999024554
93,1867260.6170382246
94,1867260.6170382246
95,1867260.6170382246
96,1867260.6170382246
97,1867260.6170382246
