,0
0,4430907.814844509
1,4349657.739653776
2,4275630.198298974
3,4078242.8398299823
4,4032994.8135047937
5,3972618.968505465
6,3894086.690510714
7,3834828.178289491
8,3663648.4220118197
9,3600136.075630571
10,3496982.406889271
11,3406559.485231746
12,3406321.9421203197
13,3259013.7364143203
14,3191815.2091872105
15,3191815.2091872105
16,3142746.8033613805
17,3037669.404611789
18,2954743.287850474
19,2793702.2086413656
20,2793702.2086413656
21,2793702.2086413656
22,2702378.241604873
23,2662431.294939972
24,2620271.384107619
25,2573174.773528668
26,2499619.256445694
27,2477688.042487566
28,2353375.679588668
29,2353375.679588668
30,2344762.4457355468
31,2300696.1571296994
32,2209777.862057105
33,2178759.1049449886
34,2178759.1049449886
35,2061209.0868430117
36,2061209.0868430117
37,2033970.4666805253
38,2024153.7867682993
39,2018296.9320774483
40,1975279.2276676702
41,1965011.7238200891
42,1945839.5621123402
43,1915024.454466721
44,1880947.1651979415
45,1880947.1651979415
46,1871831.240011309
47,1821085.5472163216
48,1812853.0792682553
49,1812853.0792682553
50,1795679.1815436117
51,1774640.731498398
52,1742816.9618453751
53,1742816.9618453751
54,1742816.9618453751
55,1730411.2323495422
56,1711138.2714344873
57,1708250.6156855966
58,1697664.1749020766
59,1684469.0234465082
60,1667540.9366301452
61,1667540.9366301452
62,1667540.9366301452
63,1659877.3218469275
64,1654815.3651673137
65,1649935.264238822
66,1649691.306973895
67,1636345.8416908723
68,1636345.8416908723
69,1633930.7258952742
70,1622753.314492759
71,1622753.314492759
72,1622163.3460010996
73,1622163.3460010996
74,1616467.6653399793
75,1615603.5179613426
76,1615603.5179613426
77,1613530.073228982
78,1612467.9204580344
79,1611180.9019944852
80,1609006.7614278742
81,1603020.517191226
82,1603020.517191226
83,1603020.517191226
84,1603020.517191226
85,1602022.099479276
86,1601583.3664100026
87,1601560.2220211362
88,1601560.2220211362
89,1601560.2220211362
90,1601560.2220211362
91,1601560.2220211362
