,0
0,5584685.872553737
1,5539922.082189289
2,5427877.400208089
3,5324002.137359704
4,5021102.867892317
5,5021102.867892317
6,4989984.4548654845
7,4749176.427173008
8,4737796.37573333
9,4684421.090073213
10,4539721.167373178
11,4449349.899227803
12,4319975.355900432
13,4281589.222098674
14,4144304.333430332
15,4019206.2396900356
16,4008622.2066650186
17,3988672.3397702207
18,3824861.9426003518
19,3824861.9426003518
20,3709080.5195641792
21,3650562.079584051
22,3650562.079584051
23,3586508.696842882
24,3543936.299348535
25,3398546.4423654038
26,3319853.8270235914
27,3319853.8270235914
28,3289955.3071238315
29,3149893.4464989104
30,3061948.4478919017
31,3061948.4478919017
32,2993863.3698406722
33,2993339.3010196877
34,2961129.1936908895
35,2959176.126790239
36,2929910.3769248175
37,2875848.82562244
38,2863262.643257765
39,2863262.643257765
40,2771518.591125853
41,2771518.591125853
42,2767266.5256461347
43,2745825.4960058816
44,2700593.6345469262
45,2694909.1422663964
46,2655491.7028689776
47,2619028.957842402
48,2612603.344256308
49,2597397.938736811
50,2597397.938736811
51,2577663.66603489
52,2577663.66603489
53,2554077.001299344
54,2547819.4804360825
55,2540127.8011815716
56,2520608.5448812847
57,2486275.512584837
58,2484375.4239655887
59,2478749.3707912555
60,2458727.760146719
61,2447405.5770125138
62,2446485.0949700177
63,2434306.0251285876
64,2433965.4379689796
65,2431778.910740459
66,2427242.380404779
67,2406118.9629092575
68,2401924.5983123826
69,2401924.5983123826
70,2401142.589517673
71,2394652.53467181
72,2386968.4429472866
73,2386968.4429472866
74,2377215.682691931
75,2375329.3492786125
76,2373572.2623310955
77,2365507.9127073577
78,2365507.9127073577
79,2363405.6169907525
80,2359524.4660112653
81,2358801.202958167
82,2358801.202958167
83,2358801.202958167
84,2358010.778806212
85,2352871.9784181733
86,2352871.9784181733
87,2348567.2564238096
88,2348567.2564238096
89,2347649.8643271774
90,2347649.8643271774
91,2346599.6242937394
92,2342533.7802909203
93,2342165.892792612
94,2342165.892792612
95,2342165.892792612
96,2342088.3440594263
97,2341894.865062321
98,2341859.7771003633
99,2341859.7771003633
100,2340347.7004167195
101,2340347.7004167195
102,2339902.264185225
103,2339902.264185225
104,2339902.264185225
105,2339902.264185225
106,2339512.1066688825
107,2339512.1066688825
108,2339357.503905518
109,2339357.503905518
110,2339357.503905518
111,2339357.503905518
112,2339357.503905518
113,2339030.109648077
114,2339030.109648077
115,2339030.109648077
116,2339030.109648077
117,2339030.109648077
