,0
0,5290997.358214784
1,5290997.358214784
2,5290997.358214784
3,5290997.358214784
4,5074877.066905747
5,5074877.066905747
6,4900125.654573179
7,4760769.962073578
8,4745479.12308583
9,4745479.12308583
10,4600861.671949477
11,4600861.671949477
12,4524134.87565029
13,4184630.3375156675
14,4184630.3375156675
15,4161898.6311843614
16,4130482.1953236237
17,3941422.552925455
18,3941422.552925455
19,3883588.505190181
20,3864866.221162343
21,3769982.6358143482
22,3664928.145987471
23,3591255.71211276
24,3560298.8827567934
25,3478448.0354963224
26,3382183.487359332
27,3295112.9253814486
28,3295112.9253814486
29,3164171.208013454
30,3164171.208013454
31,3164171.208013454
32,3164171.208013454
33,3100908.210436964
34,3058913.5261993
35,3058913.5261993
36,3021647.8475135528
37,3021647.8475135528
38,3008112.7967043226
39,2938145.4234829512
40,2922702.805496912
41,2922288.4031128054
42,2888399.380821303
43,2859963.7506752224
44,2834257.5027758623
45,2788250.655868172
46,2759906.211704871
47,2759906.211704871
48,2755408.9826996913
49,2727047.9501618724
50,2713728.499603307
51,2710723.4526854805
52,2669886.748279639
53,2660469.2050294154
54,2644823.812369544
55,2644823.812369544
56,2631927.9900425244
57,2618283.852075305
58,2593845.5390518405
59,2592811.3942765417
60,2592811.3942765417
61,2592811.3942765417
62,2578974.9316756334
63,2565699.7028430137
64,2565699.7028430137
65,2565699.7028430137
66,2558408.060299015
67,2556052.8810079657
68,2548611.989194997
69,2542928.7960517537
70,2542928.7960517537
71,2539879.494288905
72,2534152.2516378877
73,2529719.9351582667
74,2528977.729995739
75,2525391.2097069668
76,2522087.181350342
77,2518338.793368808
78,2518338.793368808
79,2518338.793368808
80,2515418.184278253
81,2511244.2228855584
82,2508755.8457428785
83,2508755.8457428785
84,2508755.8457428785
85,2508755.8457428785
86,2508462.023736925
87,2505624.219316239
88,2505624.219316239
89,2503345.231481358
90,2503111.416430811
91,2503111.416430811
92,2503111.416430811
93,2502899.795249864
94,2502896.892178384
95,2502896.892178384
96,2502896.892178384
97,2502451.4559468897
98,2502451.4559468897
99,2502451.4559468897
100,2502451.4559468897
101,2502451.4559468897
