,0
0,2880157.7809523423
1,2810406.4754182543
2,2701661.5111809988
3,2539678.0199434217
4,2434945.4186280486
5,2402397.574137751
6,2297209.3639370827
7,2165796.2363484916
8,2095415.8811372344
9,1996778.0557184333
10,1914009.8123673482
11,1889702.447403133
12,1831644.7948477655
13,1730926.0890330295
14,1721854.2629942123
15,1720122.5895867038
16,1643471.2619099189
17,1581374.1232935172
18,1572644.3919889892
19,1518361.4493844097
20,1495611.0865291324
21,1480850.9425261782
22,1456268.234087525
23,1369797.6017965646
24,1369797.6017965646
25,1369797.6017965646
26,1345519.0100460448
27,1339387.0018916354
28,1309036.3141166545
29,1291228.597576306
30,1291228.597576306
31,1255549.1835227152
32,1229466.8818529511
33,1229466.8818529511
34,1229466.8818529511
35,1212542.984004339
36,1210792.411383591
37,1210792.411383591
38,1209539.212836704
39,1193172.8751108958
40,1183954.8227277454
41,1177782.6096320797
42,1177782.6096320797
43,1174275.627838667
44,1174275.627838667
45,1168103.4147430013
46,1168103.4147430013
47,1168103.4147430013
48,1168103.4147430013
49,1168103.4147430013
