,0
0,2994879.386283003
1,2862398.0626104176
2,2776744.374874123
3,2620245.7899723975
4,2400572.249339248
5,2386327.7828609347
6,2340927.009062847
7,2236627.3783212677
8,2138138.818868915
9,2079734.047106706
10,2051970.1801682846
11,1975392.056747142
12,1892452.7276812198
13,1889352.9512629835
14,1796268.494290749
15,1755382.461822881
16,1688707.2339846066
17,1688707.2339846066
18,1688707.2339846066
19,1597917.5196668538
20,1593165.1334338281
21,1540124.2500435587
22,1532327.7603190674
23,1491847.1536436127
24,1472058.3140204179
25,1452287.684328367
26,1437656.449659436
27,1399777.2457657098
28,1381538.5499282114
29,1365846.5304816028
30,1332120.3581494018
31,1331581.688801276
32,1279655.2692377174
33,1275276.5174351474
34,1275276.5174351474
35,1275276.5174351474
36,1257376.3212074141
37,1257376.3212074141
38,1252856.7451390892
39,1244827.1455395245
40,1244827.1455395245
41,1238073.074076688
42,1236716.4606451779
43,1234966.061730652
44,1232624.9770827377
45,1228562.5825549997
46,1227179.7853723627
47,1227179.7853723627
48,1227018.354202677
49,1225553.6649484504
50,1225553.6649484504
51,1225553.6649484504
52,1225553.6649484504
53,1225553.6649484504
