,0
0,2745188.351187196
1,2745188.351187196
2,2668541.3804130093
3,2618722.910314092
4,2581957.7813440803
5,2358172.0207883907
6,2351359.0965109137
7,2199699.23683797
8,2199699.23683797
9,2128329.0128193977
10,2001746.1978792588
11,1982240.1086479106
12,1864012.4733258863
13,1864012.4733258863
14,1825148.0115677975
15,1775830.7449516447
16,1775830.7449516447
17,1706799.872775847
18,1699963.95142564
19,1681688.9490758227
20,1619287.1525450589
21,1551344.159731972
22,1551344.159731972
23,1491538.3116456456
24,1483310.785175054
25,1483310.785175054
26,1440526.6337480461
27,1431929.9064149645
28,1415201.644359133
29,1395815.375652675
30,1386712.0415460311
31,1340553.0056234698
32,1322080.784748713
33,1322080.784748713
34,1322080.784748713
35,1300172.513262399
36,1300172.513262399
37,1300172.513262399
38,1284210.3445805896
39,1284210.3445805896
40,1284210.3445805896
41,1284152.0403132215
42,1283193.6119509777
43,1275261.7876171297
44,1274537.8920662447
45,1273262.7175876603
46,1269148.936168274
47,1267706.777338827
48,1267706.777338827
49,1267522.8157443616
50,1267522.8157443616
51,1266080.6569149147
52,1266080.6569149147
53,1266080.6569149147
54,1266080.6569149147
55,1266080.6569149147
