,0
0,3388284.426642076
1,3388284.426642076
2,3297255.090411316
3,3207292.5128055243
4,2865855.8028366747
5,2815158.3665076434
6,2815158.3665076434
7,2707245.7079627956
8,2707245.7079627956
9,2697365.302971996
10,2625881.2641031514
11,2620792.651406946
12,2596981.621641943
13,2545545.4319862914
14,2514106.581188606
15,2509135.020702706
16,2485316.5321717467
17,2455622.369373735
18,2430338.543721494
19,2410731.806625479
20,2384210.494414628
21,2338449.640526449
22,2320331.8026000615
23,2297140.447014463
24,2297140.447014463
25,2289255.037550831
26,2251644.202639115
27,2251644.202639115
28,2202604.400924569
29,2187018.180720534
30,2187018.180720534
31,2187018.180720534
32,2156975.0728237936
33,2128332.0360378074
34,2128332.0360378074
35,2128332.0360378074
36,2126175.7529111025
37,2116754.220948777
38,2111994.4327690657
39,2092220.1316468874
40,2092220.1316468874
41,2082247.3947498042
42,2073769.2764519753
43,2069817.4441030356
44,2062748.1371412468
45,2054883.5813273564
46,2054883.5813273564
47,2053950.4691184212
48,2053049.442256902
49,2039160.027804253
50,2037016.3812368808
51,2031787.712039294
52,2030328.1576365216
53,2024663.7216546615
54,2024663.7216546615
55,2024663.7216546615
56,2022584.8049947363
57,2020885.5294511584
58,2020885.5294511584
59,2020682.8136165778
60,2020682.8136165778
61,2017686.8781059273
62,2017484.1622713464
63,2017484.1622713464
64,2017484.1622713464
65,2017484.1622713464
66,2016729.6643723883
67,2016729.6643723883
68,2016729.6643723883
69,2016729.6643723883
70,2016729.6643723883
71,2016524.6549410895
72,2016524.6549410895
73,2016524.6549410895
74,2016524.6549410895
75,2016524.6549410895
