,0
0,3375914.134727073
1,3308693.1216497174
2,3176992.936251269
3,2970559.9293900863
4,2951034.8343759053
5,2878215.5035592536
6,2787676.449124114
7,2711856.8407616396
8,2711856.8407616396
9,2648388.8211661237
10,2579965.9251730614
11,2578337.2298459476
12,2508262.8794285124
13,2483460.442299581
14,2457877.626553517
15,2457877.626553517
16,2441778.851961985
17,2419951.8933100495
18,2400389.452659277
19,2383553.822792635
20,2346389.5814405736
21,2346389.5814405736
22,2307125.8407727336
23,2291504.304244089
24,2239552.788687858
25,2239552.788687858
26,2239552.788687858
27,2222015.143353558
28,2219902.8081451743
29,2196460.8925159415
30,2185621.0431704936
31,2177769.161194919
32,2162486.4694320555
33,2159240.1566593302
34,2159240.1566593302
35,2154043.545505559
36,2146735.0307891457
37,2139189.567414998
38,2128043.9744932787
39,2127548.624282452
40,2117047.7968965187
41,2115382.8563092463
42,2115382.8563092463
43,2111386.353638581
44,2105009.910528585
45,2097095.8262198144
46,2097095.8262198144
47,2097095.8262198144
48,2095003.103786746
49,2089176.8686410442
50,2089176.8686410442
51,2089176.8686410442
52,2089176.8686410442
53,2087157.0093460584
54,2085250.856847366
55,2083659.5761390456
56,2081472.81560882
57,2077887.5705007198
58,2077541.7136633054
59,2077541.7136633054
60,2077541.7136633054
61,2077541.7136633054
62,2077541.7136633054
