,0
0,3328442.0413270066
1,3118796.4272977877
2,3118796.4272977877
3,3025276.5744033586
4,2932784.766077619
5,2766339.6443636124
6,2766339.6443636124
7,2632393.931926929
8,2632393.931926929
9,2632393.931926929
10,2630419.331460374
11,2557952.932376238
12,2554554.2841269
13,2543875.5875243978
14,2495847.1401492534
15,2460933.893556315
16,2383918.3779626875
17,2383918.3779626875
18,2383918.3779626875
19,2351022.6244021463
20,2335784.06192403
21,2291219.0083904047
22,2266911.3461594535
23,2248102.6577726984
24,2241724.1416923935
25,2210597.767382034
26,2203999.6479011704
27,2163861.5998514886
28,2163861.5998514886
29,2131489.2916705585
30,2131489.2916705585
31,2118544.753458813
32,2108874.8558171047
33,2108874.8558171047
34,2086146.712189625
35,2073621.9913555598
36,2065948.8815390412
37,2047103.840351872
38,2029596.3065346186
39,2029596.3065346186
40,2023599.5810118157
41,2017040.738719082
42,1998845.9310232482
43,1995553.7493622534
44,1995553.7493622534
45,1991052.5457843503
46,1978898.4265869805
47,1978898.4265869805
48,1977718.0662825555
49,1974538.6028197566
50,1972802.2591737995
51,1962903.7313893524
52,1962903.7313893524
53,1956222.4477485765
54,1955542.0295106748
55,1954575.1685955706
56,1946945.4981692655
57,1946945.4981692655
58,1944016.417230079
59,1944016.417230079
60,1939315.6176352806
61,1939315.6176352806
62,1937890.2392625469
63,1936869.869327243
64,1934959.589322642
65,1928352.966188484
66,1928352.966188484
67,1928352.966188484
68,1928352.966188484
69,1925267.7376216063
70,1925267.7376216063
71,1924238.4436460636
72,1923535.0552067
73,1922188.0806411614
74,1916749.8116077904
75,1916749.8116077904
76,1914699.4486028883
77,1914699.4486028883
78,1914699.4486028883
79,1914699.4486028883
80,1913871.4231787494
81,1913178.9226228138
82,1912978.3952885477
83,1912469.945638293
84,1912449.0380262712
85,1912190.375172104
86,1910724.5772397043
87,1910724.5772397043
88,1910724.5772397043
89,1910555.6116671858
90,1910325.821719184
91,1910325.821719184
92,1910325.821719184
93,1910325.821719184
94,1910210.101395032
95,1910210.101395032
96,1910210.101395032
97,1910210.101395032
98,1910210.101395032
