,0
0,2717436.6372635337
1,2717436.6372635337
2,2681179.5995659977
3,2581919.0795065095
4,2306747.7096368754
5,2306747.7096368754
6,2306747.7096368754
7,2210405.4493656196
8,2164057.1832520864
9,2062003.082530849
10,2062003.082530849
11,1929600.1335694548
12,1838177.4867228696
13,1823003.956185769
14,1700166.612362166
15,1579113.221835277
16,1578689.9380883276
17,1578689.9380883276
18,1578689.9380883276
19,1476634.4717330362
20,1439101.2128961193
21,1434106.8954188218
22,1424109.8205102552
23,1373590.8894241918
24,1355367.5446618763
25,1295638.2431221765
26,1292573.3876467547
27,1283839.5589563842
28,1261679.572637456
29,1243368.1261069502
30,1223825.8150155828
31,1200198.0409743963
32,1200198.0409743963
33,1200198.0409743963
34,1200198.0409743963
35,1188918.7966086173
36,1188918.7966086173
37,1180798.3259423936
38,1176891.4950902883
39,1174810.6755716947
40,1174810.6755716947
41,1161751.4954661538
42,1161751.4954661538
43,1159458.0880908086
44,1153250.8776546957
45,1151622.760513258
46,1151622.760513258
47,1148372.8647112523
48,1148372.8647112523
49,1148066.989236492
50,1146463.5799783128
51,1146463.5799783128
52,1146338.328637683
53,1145443.7472082677
54,1144866.3395311374
55,1144108.3077198765
56,1144108.3077198765
57,1143802.4322451162
58,1143802.4322451162
59,1143802.4322451162
60,1143802.4322451162
61,1143802.4322451162
