,0
0,2630018.7807512027
1,2476020.8113621487
2,2476020.8113621487
3,2345737.2923678365
4,2345737.2923678365
5,2239722.733806259
6,2104214.0196693605
7,2030415.3412764384
8,1835200.8425571746
9,1829311.1377842356
10,1731035.925031946
11,1546828.6265508442
12,1546828.6265508442
13,1546828.6265508442
14,1534818.9968849681
15,1407835.3549283238
16,1343580.499418767
17,1318196.5159652177
18,1318196.5159652177
19,1294390.3133812535
20,1157724.3548506352
21,1131581.418144312
22,1098666.6260820457
23,1098666.6260820457
24,1058021.2933843113
25,1040581.6315132985
26,1040581.6315132985
27,1016038.3188333114
28,993969.0032076779
29,981981.0479318532
30,971602.9259887991
31,955165.4954967543
32,944311.1440229496
33,944311.1440229496
34,940844.426690604
35,926337.4600112028
36,923778.1998118128
37,923272.8046543581
38,914111.7256684916
39,914111.7256684916
40,910370.2445465598
41,908061.6586129911
42,908061.6586129911
43,903133.0310199917
44,902064.4052981192
45,902064.4052981192
46,900217.5776523997
47,899396.537218024
48,897749.9541927002
49,897414.330890216
50,896787.6220951816
51,894773.3404117684
52,894096.6442359961
53,894096.6442359961
54,893534.5684891031
55,893534.5684891031
56,893415.683622933
57,893415.683622933
58,893406.447795249
59,893406.447795249
60,893406.447795249
61,893406.447795249
62,893406.447795249
