,0
0,2896435.2501069414
1,2760997.9972473425
2,2682993.431012465
3,2419743.1292694733
4,2419743.1292694733
5,2289484.2801740547
6,2241287.7699570903
7,2204843.3182314285
8,2134457.6335552833
9,2120681.858093098
10,1937343.7099933983
11,1922436.43730006
12,1821011.4464098455
13,1810809.8447729026
14,1713304.0953385306
15,1603282.9606272758
16,1603282.9606272758
17,1541688.2544788406
18,1541688.2544788406
19,1483062.3384738404
20,1467048.9417794999
21,1450080.631406533
22,1402126.254443618
23,1343628.7647653557
24,1315663.8313160907
25,1315663.8313160907
26,1297668.7189574454
27,1286507.7687338605
28,1269686.1588960837
29,1244686.5354803219
30,1222403.4506382423
31,1222403.4506382423
32,1209499.7685583923
33,1176516.1850939412
34,1172082.6385774978
35,1168591.3734625536
36,1163784.5301950318
37,1141780.5632004135
38,1141780.5632004135
39,1130651.3610774267
40,1130651.3610774267
41,1128363.8870106447
42,1123836.9768018075
43,1122220.3408575605
44,1117109.6668488465
45,1115220.4421284865
46,1114514.6820849963
47,1114514.6820849963
48,1114514.6820849963
49,1114514.6820849963
50,1114514.6820849963
