,0
0,2750221.0947089083
1,2684359.677089836
2,2450848.83498996
3,2450848.83498996
4,2450848.83498996
5,2389647.4564921563
6,2178985.4287496824
7,2157959.072386003
8,1970530.549136735
9,1970530.549136735
10,1764905.964405354
11,1764905.964405354
12,1717648.65814557
13,1717648.65814557
14,1536596.2621064067
15,1536596.2621064067
16,1452632.9959284095
17,1375362.3907564213
18,1375362.3907564213
19,1283065.9386282521
20,1273989.2168936622
21,1208039.5708892052
22,1208039.5708892052
23,1208039.5708892052
24,1173806.0502439293
25,1148974.1266407403
26,1138158.6248196333
27,1125381.6045241498
28,1111176.6101444557
29,1091023.810532314
30,1091023.810532314
31,1076610.5697441574
32,1076610.5697441574
33,1063803.7044913867
34,1062242.0670164218
35,1054009.7362028274
36,1054009.7362028274
37,1050165.9663916603
38,1048911.3184628787
39,1045192.3104429237
40,1041985.8600044316
41,1037344.8467111813
42,1037344.8467111813
43,1036067.4811677452
44,1036067.4811677452
45,1034409.3434161942
46,1032680.5187730577
47,1030327.8970815648
48,1029091.5086552695
49,1029091.5086552695
50,1027165.9651537408
51,1027165.9651537408
52,1027165.9651537408
53,1026227.6375183772
54,1026227.6375183772
55,1026219.6069365874
56,1026219.6069365874
57,1026219.6069365874
58,1026219.6069365874
59,1026219.6069365874
