,0
0,2055963.737672638
1,1983272.5276164056
2,1847550.7539481057
3,1683207.6058652923
4,1677815.1776767487
5,1548434.8800191411
6,1507060.0288735407
7,1397237.6141337573
8,1250915.528364382
9,1250915.528364382
10,1250915.528364382
11,1199372.627473086
12,1119568.2511427552
13,1109678.0229625355
14,1017809.6271371304
15,976443.6258087273
16,949720.0726520419
17,917085.1051681462
18,838593.8334542727
19,838593.8334542727
20,811583.6897906823
21,811583.6897906823
22,790481.4309777075
23,763539.9384067956
24,757237.402890548
25,757237.402890548
26,745965.0130573014
27,745965.0130573014
28,736683.3177003219
29,730577.6510198879
30,722669.8154171518
31,713617.2308285142
32,713617.2308285142
33,713617.2308285142
34,712372.1968683667
35,709144.7546253562
36,706680.8139190832
37,705096.8613194543
38,704572.2627369486
39,702321.9209479801
40,701929.1611541508
41,700596.6163529884
42,698399.7102151345
43,695790.0621636648
44,695790.0621636648
45,695790.0621636648
46,695622.8114919208
47,695469.2698252796
48,695469.2698252796
49,695469.2698252796
50,695469.2698252796
51,695469.2698252796
