,0
0,2026620.7941276503
1,1989584.2790050686
2,1856351.383953441
3,1733919.3535991483
4,1664932.4118036476
5,1621738.030597964
6,1522810.726203198
7,1478901.2999075807
8,1410399.089174563
9,1279812.2269778277
10,1276248.1628967884
11,1231411.9151248462
12,1170522.6721106113
13,1104220.3003461065
14,1077602.2565344244
15,1026057.9515343719
16,971536.744117657
17,937933.146847797
18,935421.7200062935
19,919874.1710800738
20,850581.5736171575
21,845264.9172488957
22,822421.923851628
23,822421.923851628
24,801731.7126842575
25,774840.3387352988
26,774840.3387352988
27,774840.3387352988
28,759125.6117060054
29,759125.6117060054
30,738209.950735871
31,736820.4426818839
32,727506.3299511243
33,727506.3299511243
34,721856.3698154672
35,714342.2492868874
36,709528.1176994311
37,705938.3966800398
38,702296.1210901416
39,702296.1210901416
40,694543.5115315525
41,692251.9170609764
42,692251.9170609764
43,689777.0021243425
44,689310.4190351259
45,688754.9161588681
46,686577.0557310237
47,683127.6119098857
48,683127.6119098857
49,683127.6119098857
50,683127.6119098857
51,683127.6119098857
