,0
0,2815461.0320770843
1,2802707.9024501336
2,2696721.6893818253
3,2627426.3366200454
4,2421452.3152632834
5,2421452.3152632834
6,2245390.765712456
7,2155334.812825219
8,2051950.384822525
9,1909873.540237508
10,1880921.3293963678
11,1816000.3424168653
12,1707843.6582670414
13,1662656.915669749
14,1459770.9513382565
15,1459770.9513382565
16,1312826.7163597096
17,1312826.7163597096
18,1287952.0945101143
19,1275766.566055774
20,1238366.3252546203
21,1210047.2716975783
22,1202759.3339628074
23,1142878.8960294344
24,1132412.6626093152
25,1126800.583076408
26,1119351.8915388957
27,1112639.9520258177
28,1100585.1423805123
29,1091551.7163076247
30,1081086.1293288819
31,1081086.1293288819
32,1067693.0594196883
33,1067438.638064353
34,1067438.638064353
35,1057335.4312343288
36,1050841.7373105192
37,1050412.347763659
38,1046701.7413007376
39,1045568.2399387948
40,1039371.325249357
41,1038507.3761411885
42,1035491.6789478956
43,1031865.6670232479
44,1031865.6670232479
45,1031865.6670232479
46,1030275.9587636172
47,1030275.9587636172
48,1030275.9587636172
49,1030129.3356305732
50,1028919.4304496126
51,1028919.4304496126
52,1028613.5549748525
53,1028613.5549748525
54,1028613.5549748525
55,1028565.140331681
56,1028565.140331681
57,1028565.140331681
58,1028565.140331681
59,1028565.140331681
