,0
0,2909602.485976428
1,2808731.703389887
2,2578591.5966069307
3,2560513.147530731
4,2352752.7263511075
5,2305485.2132951976
6,2293166.53187512
7,2119762.778479149
8,2119762.778479149
9,1939960.0411635588
10,1850935.253179797
11,1844103.0460471825
12,1761586.0170227005
13,1643098.8716170515
14,1613282.0535478867
15,1543656.3474577537
16,1520844.7615542442
17,1500731.1748392496
18,1417475.836422079
19,1247372.769455965
20,1247372.769455965
21,1247372.769455965
22,1216917.6505511415
23,1216917.6505511415
24,1216917.6505511415
25,1210616.7180976917
26,1168774.8727375718
27,1107765.7502312132
28,1107765.7502312132
29,1104032.8505417272
30,1059793.3763774033
31,1059793.3763774033
32,1059793.3763774033
33,1012801.1301260618
34,1012801.1301260618
35,1003480.7283228561
36,1003480.7283228561
37,988087.9398710098
38,983204.0009786417
39,968110.1157100283
40,965469.183252653
41,965469.183252653
42,961973.4642036086
43,950402.8498368415
44,950402.8498368415
45,948157.8546673127
46,946257.8943698561
47,942305.3342231215
48,942305.3342231215
49,940433.5479806507
50,938134.8995951604
51,938134.8995951604
52,938134.8995951604
53,938134.8995951604
54,936474.5245426971
55,936474.5245426971
56,936465.2887150132
57,936465.2887150132
58,936465.2887150132
59,936465.2887150132
60,936465.2887150132
