,0
0,2718860.9952050606
1,2610904.680980169
2,2468087.2345319567
3,2354655.0371458516
4,2316522.941902432
5,2216691.8027267517
6,2082429.807276972
7,2021389.9634546917
8,1837761.7152737516
9,1837761.7152737516
10,1805738.697528926
11,1711612.1880445674
12,1571294.4869574744
13,1571294.4869574744
14,1468136.8871006335
15,1382244.8130082844
16,1382087.7447631294
17,1332921.2576491493
18,1272566.5518206423
19,1243896.8792458205
20,1166044.1020860223
21,1166044.1020860223
22,1166044.1020860223
23,1134138.0142542273
24,1107694.6927001067
25,1093918.72085461
26,1051156.9287597837
27,1049454.6389588013
28,1020357.4687319758
29,1006488.8142019892
30,994073.4833506754
31,971551.5727932346
32,971551.5727932346
33,966797.0870390692
34,962353.8262538927
35,954645.7819455726
36,943074.072039154
37,941618.6865429188
38,940692.2948970408
39,935752.4294935389
40,926224.6722268966
41,924822.2726239383
42,921338.9958934146
43,912878.1282361976
44,912721.9419282259
45,912721.9419282259
46,906605.6226937319
47,904163.2893497967
48,902312.6726179344
49,902173.4311023226
50,902110.0885341316
51,902110.0885341316
52,900774.9755335654
53,900612.0552673971
54,900428.5741557161
55,900260.5376388809
56,899058.6615828356
57,898930.5408889815
58,898930.5408889815
59,898930.5408889815
60,898930.5408889815
61,898930.5408889815
