,0
0,3339295.6114631286
1,3218107.0545829693
2,3218107.0545829693
3,3113705.9926482453
4,3105620.9754690463
5,2937932.978074665
6,2873685.641090739
7,2851772.420589576
8,2735116.3494759477
9,2643479.325609349
10,2630178.9887910797
11,2629885.910855869
12,2560554.891819651
13,2537155.962645629
14,2504828.1691204854
15,2489039.879277382
16,2424826.020384397
17,2398773.0041628634
18,2359141.3592690066
19,2359141.3592690066
20,2337520.320726317
21,2304600.483191452
22,2262367.710207353
23,2259182.5645963573
24,2227788.0705141486
25,2205785.574974931
26,2205785.574974931
27,2177183.264746698
28,2160875.5556178573
29,2151010.2633691453
30,2128499.7826141543
31,2115387.179790722
32,2103683.7504152725
33,2084864.8893094521
34,2083353.3638724852
35,2076550.833298092
36,2062475.360540894
37,2034643.6149121523
38,2028915.969973912
39,2028915.969973912
40,2008502.7541023302
41,2008502.7541023302
42,1989657.1322741457
43,1984931.7742440717
44,1973825.8146521712
45,1973825.8146521712
46,1973825.8146521712
47,1971071.0443110587
48,1961740.6253543554
49,1958850.5633156938
50,1949878.4168943092
51,1948669.709708375
52,1943553.8345070835
53,1938126.2534020366
54,1938126.2534020366
55,1935266.402736221
56,1935266.402736221
57,1933516.7129032428
58,1929428.8194188692
59,1927797.219641491
60,1927447.679844095
61,1924385.4710081003
62,1923842.8920858852
63,1923842.8920858852
64,1921226.0747086823
65,1921226.0747086823
66,1921090.5629636098
67,1921090.5629636098
68,1921090.5629636098
69,1921068.6880351724
70,1920051.420195128
71,1920051.420195128
72,1920051.420195128
73,1920051.420195128
74,1919777.4936335585
75,1919777.4936335585
76,1919777.4936335585
77,1919777.4936335585
78,1919777.4936335585
