,0
0,3322187.421131206
1,3322187.421131206
2,3104820.271647735
3,2884393.7891194243
4,2884393.7891194243
5,2808848.1047218754
6,2808848.1047218754
7,2628988.221259265
8,2628988.221259265
9,2624223.5996186505
10,2624223.5996186505
11,2562300.7067292007
12,2522074.9042915725
13,2513669.425696438
14,2483620.5743187955
15,2433561.5018462935
16,2420378.5366744995
17,2378647.8753367206
18,2350371.9560832893
19,2350371.9560832893
20,2328041.7226142385
21,2306620.86533962
22,2279354.332783884
23,2256239.3032838386
24,2247778.531658365
25,2198297.9534550714
26,2198297.9534550714
27,2191170.0303845718
28,2173723.32815342
29,2159436.4307580227
30,2140758.327396011
31,2125159.1418923927
32,2103301.0814577434
33,2103301.0814577434
34,2103301.0814577434
35,2078504.4707779796
36,2067294.7490430411
37,2057744.0198247572
38,2052830.378123837
39,2036858.5323636571
40,2019043.9527733007
41,2019043.9527733007
42,2019043.9527733007
43,2004433.2863257818
44,1995422.5630422567
45,1995422.5630422567
46,1995422.5630422567
47,1989051.8559196556
48,1979094.165718076
49,1972295.0908241868
50,1968220.677717474
51,1958238.636925115
52,1951666.9976682863
53,1945106.6898304955
54,1945106.6898304955
55,1942195.7741833546
56,1926723.6119977941
57,1926723.6119977941
58,1926723.6119977941
59,1926723.6119977941
60,1923028.4629975588
61,1917876.105174818
62,1917876.105174818
63,1917746.5355390804
64,1915700.2067512132
65,1915700.2067512132
66,1915700.2067512132
67,1915700.2067512132
68,1915279.687647093
69,1915279.687647093
70,1914129.9320216004
71,1914129.9320216004
72,1914129.9320216004
73,1914129.9320216004
74,1914129.9320216004
