,0
0,2033891.3493800526
1,1888504.0206178108
2,1879082.4898635752
3,1788966.2822967696
4,1671427.546378241
5,1599930.0578089969
6,1572777.641297646
7,1449381.2220296746
8,1413905.7665401457
9,1368892.4924539004
10,1306327.3009737958
11,1179130.9971617965
12,1179130.9971617965
13,1179130.9971617965
14,1091159.0055895078
15,1065360.9478746182
16,1015026.2097254224
17,1015026.2097254224
18,961613.5698875785
19,911146.1712471027
20,854762.1383537634
21,843606.2074509967
22,808970.9875332367
23,805171.1534500539
24,790402.6432384041
25,775277.1250018744
26,766565.7934875669
27,756516.6094659943
28,732195.7780375674
29,732195.7780375674
30,732195.7780375674
31,721340.5645064836
32,719333.3613486307
33,716330.0530078292
34,707739.7490311941
35,707739.7490311941
36,703750.4814182573
37,691873.8662207513
38,690579.4718486276
39,690579.4718486276
40,690443.6530839561
41,683249.7678250242
42,681365.0430355761
43,678324.5074189763
44,678324.5074189763
45,675966.2100233899
46,675217.3278070457
47,673883.5624022107
48,673131.2012243057
49,672995.7894511687
50,672995.7894511687
51,672630.6977037658
52,672630.6977037658
53,672630.6977037658
54,672630.6977037658
55,672630.6977037658
