,0
0,2892833.805059239
1,2885747.1246739924
2,2686273.4395339154
3,2518295.14413427
4,2452477.661288192
5,2393257.327239989
6,2292361.7701153453
7,2268080.7097213445
8,2221116.0028878367
9,2146623.699860614
10,2074998.7551392931
11,1875794.0983937068
12,1875794.0983937068
13,1845869.783689049
14,1834632.9147965312
15,1773969.8007110627
16,1686275.9784977466
17,1671923.6863085274
18,1578285.804899889
19,1536258.0624686389
20,1514834.257284368
21,1514834.257284368
22,1443997.6838342946
23,1400488.142961826
24,1400488.142961826
25,1392831.3971910817
26,1342739.3125589082
27,1318922.5959011125
28,1318922.5959011125
29,1284149.449702042
30,1284149.449702042
31,1284149.449702042
32,1262613.6124754704
33,1258630.7336446072
34,1250130.615116344
35,1239124.0321791228
36,1236663.9432382716
37,1235472.5651437112
38,1227602.7437564437
39,1224893.564184921
40,1224893.564184921
41,1224893.564184921
42,1221873.968093381
43,1221000.8321846728
44,1220177.199775666
45,1213462.5800679573
46,1213462.5800679573
47,1213462.5800679573
48,1213462.5800679573
49,1208557.4368139012
50,1205651.616377262
51,1203219.1575784334
52,1192649.05623286
53,1192649.05623286
54,1192649.05623286
55,1192649.05623286
56,1192649.05623286
