,0
0,2787652.3792082095
1,2702131.4542899504
2,2488951.0446236897
3,2488951.0446236897
4,2262282.6323915105
5,2262282.6323915105
6,2262282.6323915105
7,1963519.2802211281
8,1963519.2802211281
9,1958470.1553962529
10,1733229.6734458748
11,1733229.6734458748
12,1732076.5963268683
13,1552527.4539111825
14,1541890.4501057253
15,1483651.8763530706
16,1404728.4471624796
17,1227536.903106955
18,1227536.903106955
19,1227536.903106955
20,1227536.903106955
21,1182390.8735304407
22,1173564.2889875239
23,1146396.1642558633
24,1139783.49710356
25,1080232.7449408292
26,1044319.4075398569
27,1036007.0390328163
28,1022742.0042887396
29,1006841.8799118138
30,995732.2885251647
31,995732.2885251647
32,993786.2667353447
33,974697.3309334043
34,972591.4206118645
35,961679.9207124233
36,961679.9207124233
37,961679.9207124233
38,953211.1745633526
39,953211.1745633526
40,947782.4868384794
41,947782.4868384794
42,945529.4613802742
43,944174.2105625976
44,943219.8661991764
45,941323.1838101937
46,935885.0715433055
47,934040.6368987219
48,933771.1437709249
49,933771.1437709249
50,929887.0736008122
51,929887.0736008122
52,929887.0736008122
53,929887.0736008122
54,929887.0736008122
