,0
0,3349685.8290459216
1,3180722.485247717
2,3101913.49683021
3,3073384.8368592802
4,3050593.036685204
5,2786059.7280131937
6,2786059.7280131937
7,2668501.275383107
8,2668501.275383107
9,2668501.275383107
10,2633988.1418757588
11,2619963.7183471126
12,2601283.3197913463
13,2503994.3818527753
14,2503994.3818527753
15,2503994.3818527753
16,2456545.733276924
17,2413896.212630658
18,2401329.1432772656
19,2349991.037054233
20,2303960.882632404
21,2279866.035022389
22,2279866.035022389
23,2220462.124458659
24,2220462.124458659
25,2209139.0605559545
26,2185253.4426474315
27,2169252.6260946123
28,2138748.6416246095
29,2138748.6416246095
30,2106223.597696228
31,2106223.597696228
32,2096244.2646700323
33,2059146.8749975986
34,2059093.2449307756
35,2059093.2449307756
36,2059093.2449307756
37,2049873.0174943435
38,2024332.7138377845
39,2023927.8345934076
40,2023593.2836321343
41,2004897.9295699038
42,1992854.3501345485
43,1967839.5097004029
44,1967839.5097004029
45,1960953.4978623046
46,1960953.4978623046
47,1954791.9241756997
48,1954791.9241756997
49,1936616.2150221262
50,1935007.2340003164
51,1925765.9975322147
52,1925765.9975322147
53,1920653.6781179132
54,1901147.021013675
55,1901147.021013675
56,1901147.021013675
57,1895835.1865666432
58,1895835.1865666432
59,1895835.1865666432
60,1889996.0508422824
61,1889996.0508422824
62,1889996.0508422824
63,1886113.895414998
64,1877214.7187306464
65,1877214.7187306464
66,1877214.7187306464
67,1877214.7187306464
68,1873498.3148942832
69,1871121.8403905062
70,1871121.8403905062
71,1868030.878258944
72,1868030.878258944
73,1868030.878258944
74,1868030.878258944
75,1868030.878258944
