,0
0,2788110.9089295636
1,2759976.2504041516
2,2590239.9939322947
3,2546800.8819155195
4,2452020.6395365335
5,2260291.419189381
6,2206463.757178169
7,2206463.757178169
8,2017786.452373074
9,1888859.5169427257
10,1888859.5169427257
11,1753191.582660202
12,1750584.3641882003
13,1720860.1152866462
14,1637060.759060235
15,1499234.8697160312
16,1499234.8697160312
17,1499234.8697160312
18,1412946.6194826737
19,1365176.9180201576
20,1365176.9180201576
21,1312823.4853323216
22,1298803.7840840248
23,1271197.047206364
24,1252326.0721685525
25,1187585.9014558904
26,1187585.9014558904
27,1187585.9014558904
28,1164525.1774574195
29,1159676.4630039292
30,1131672.4141749206
31,1130259.134905783
32,1120271.6545306463
33,1104045.5846341944
34,1091417.016091623
35,1091417.016091623
36,1091417.016091623
37,1086323.6865762288
38,1085742.0269975478
39,1076136.477378335
40,1070197.8837013477
41,1066573.5041052352
42,1066383.422403407
43,1062988.743560995
44,1061862.8731143728
45,1057215.2914411877
46,1054528.3910279374
47,1054065.53124574
48,1051614.7777201347
49,1051614.7777201347
50,1049623.8019807208
51,1049623.8019807208
52,1048291.5545526791
53,1048291.5545526791
54,1048291.5545526791
55,1048291.5545526791
56,1048291.5545526791
