,0
0,2753102.5527970097
1,2574029.6645886437
2,2509117.2415558835
3,2509117.2415558835
4,2374343.364848338
5,2291614.454275929
6,2277459.8298907047
7,2038123.1128416306
8,2029570.575012748
9,1951075.12283368
10,1951075.12283368
11,1872331.6246945844
12,1799604.980039015
13,1764579.2642086046
14,1698249.1844513426
15,1637892.057785589
16,1578635.8298421034
17,1578635.8298421034
18,1560831.232024909
19,1533381.4812287178
20,1484461.7496712033
21,1397897.5002837721
22,1397897.5002837721
23,1384270.3438384705
24,1326083.6996921406
25,1318679.3222443955
26,1318679.3222443955
27,1279528.5058439658
28,1279528.5058439658
29,1243903.342196496
30,1208498.846443661
31,1208498.846443661
32,1203338.7864478678
33,1203338.7864478678
34,1186884.932644447
35,1161907.828343242
36,1161907.828343242
37,1159916.9012868337
38,1152639.9828606686
39,1148221.027294205
40,1144013.3356832508
41,1139766.0256598152
42,1131460.9090677924
43,1131386.0583045771
44,1129635.4856838288
45,1129635.4856838288
46,1129635.4856838288
47,1129635.4856838288
48,1129635.4856838288
