,0
0,2588784.850952343
1,2588784.850952343
2,2588784.850952343
3,2497179.738741075
4,2497179.738741075
5,2334610.7887583887
6,2334610.7887583887
7,2152977.766651947
8,2125032.587058409
9,1986176.8511240333
10,1939082.032926825
11,1793338.0979164357
12,1683878.305723887
13,1683878.305723887
14,1553377.0870887479
15,1553377.0870887479
16,1541723.388024855
17,1434874.609488703
18,1415789.1029181082
19,1388365.6396512215
20,1322761.5030718078
21,1302515.8549547251
22,1259367.6883749769
23,1186392.1052734167
24,1147923.4457127668
25,1127639.0117059494
26,1093493.039801447
27,1093493.039801447
28,1090807.8946897418
29,1010912.2536653418
30,1010912.2536653418
31,1010912.2536653418
32,996683.5021014647
33,996683.5021014647
34,978608.7633967907
35,978608.7633967907
36,977889.0061224869
37,968744.7127409459
38,968744.7127409459
39,957472.9435685432
40,955608.4695538128
41,955608.4695538128
42,952998.442674184
43,944593.8063644177
44,943223.3787774899
45,941110.1186311042
46,939002.5342730719
47,938665.3608155476
48,937621.1573882473
49,936678.4606726135
50,936678.4606726135
51,936678.4606726135
52,936347.0345740791
53,936332.0592947642
54,936332.0592947642
55,936332.0592947642
56,936332.0592947642
57,936332.0592947642
