,0
0,2825073.6436662218
1,2825073.6436662218
2,2774846.2142828614
3,2644125.413739749
4,2358583.70499633
5,2243798.690456529
6,2243798.690456529
7,2243798.690456529
8,2219560.8205779786
9,2172139.2614973537
10,2006312.2106310541
11,1912920.7355734631
12,1912920.7355734631
13,1873504.0801423746
14,1784010.9776038318
15,1784010.9776038318
16,1685997.6351840992
17,1647765.6541429204
18,1647765.6541429204
19,1647765.6541429204
20,1596698.325001754
21,1493499.895186584
22,1479887.156418912
23,1460311.4627688336
24,1390011.9856252093
25,1390011.9856252093
26,1390011.9856252093
27,1343826.193867603
28,1336921.9749028634
29,1298177.295917608
30,1295866.4031962336
31,1273804.1494656305
32,1269968.7043674455
33,1249854.3054668375
34,1220378.9493270933
35,1212582.3803363151
36,1204945.2714020023
37,1188955.170984278
38,1172484.5274300333
39,1172484.5274300333
40,1172484.5274300333
41,1161989.9628101652
42,1159254.2195342206
43,1154677.2153705726
44,1145690.248982072
45,1139671.0859889772
46,1139671.0859889772
47,1139671.0859889772
48,1137394.798268936
49,1137394.798268936
50,1137394.798268936
51,1137394.798268936
52,1137394.798268936
