,0
0,2791177.8062573713
1,2537058.372411368
2,2537058.372411368
3,2404877.644849655
4,2151995.6243745284
5,2151995.6243745284
6,2116742.9769225186
7,2083176.9913776133
8,1825103.3146879647
9,1825103.3146879647
10,1720960.1988780745
11,1708291.4008958791
12,1614697.8098976626
13,1504317.5464217202
14,1482439.1633010528
15,1420021.46530346
16,1401107.117935775
17,1321911.8872333001
18,1291827.033364489
19,1251500.0219918569
20,1164721.952324715
21,1157618.8305032817
22,1127287.6136215765
23,1103746.8922510548
24,1103746.8922510548
25,1060364.3347492008
26,1043625.0711693779
27,1027721.0613978525
28,1005666.8290766721
29,1005666.8290766721
30,979962.7521917663
31,969192.0325709671
32,961941.9037834875
33,954929.1861784564
34,954929.1861784564
35,943379.1058739662
36,943379.1058739662
37,941264.2879202819
38,937588.8224954394
39,930913.1533423091
40,927405.0861912671
41,925416.0438451256
42,922599.400017426
43,919197.3603830404
44,919197.3603830404
45,919197.3603830404
46,918216.0460007837
47,913904.0930421537
48,913904.0930421537
49,913775.9723482997
50,913775.9723482997
51,911509.3787577449
52,911509.3787577449
53,911509.3787577449
54,911509.3787577449
55,911494.40347843
56,911494.40347843
57,911494.40347843
58,911381.2580638911
59,911366.282784576
60,911366.282784576
61,911366.282784576
62,911366.282784576
63,911366.282784576
