,0
0,2937911.7268043193
1,2739510.851141896
2,2739455.6848521545
3,2633824.527246697
4,2435076.893499124
5,2435076.893499124
6,2332488.9886113554
7,2270524.369335744
8,2242325.619322677
9,2118674.727096804
10,2049831.0665295855
11,1923724.8006396457
12,1880752.6562549402
13,1863428.0370062308
14,1758517.4007525842
15,1701539.963305203
16,1586658.17376051
17,1513743.3882497083
18,1513743.3882497083
19,1471599.5315964962
20,1456907.067702776
21,1378220.3148812412
22,1338907.19006037
23,1261773.3339701148
24,1261773.3339701148
25,1231116.4382000677
26,1216063.3948595964
27,1195057.127344447
28,1170188.7905695627
29,1165700.7806624637
30,1107430.1762046989
31,1107430.1762046989
32,1107430.1762046989
33,1100516.7645167152
34,1100516.7645167152
35,1084718.9683767478
36,1083279.7434471047
37,1082858.0546668284
38,1082602.2720364418
39,1071593.3347520896
40,1066452.8108342497
41,1065939.6039209038
42,1065939.6039209038
43,1063454.7265761439
44,1062820.5973154886
45,1061273.8211622376
46,1061042.7327341828
47,1059797.4546883553
48,1059236.61207264
49,1058690.6727605248
50,1056889.840750194
51,1056343.9014380788
52,1056343.9014380788
53,1055111.9761688882
54,1055111.9761688882
55,1055111.9761688882
56,1055111.9761688882
57,1055111.9761688882
