,0
0,2743520.8165934714
1,2743520.8165934714
2,2529174.1650429233
3,2529174.1650429233
4,2423155.6425015605
5,2304764.0523153725
6,2243629.4196524783
7,2181376.38164652
8,2080888.6922058547
9,2047095.069057454
10,1835823.9149096317
11,1835823.9149096317
12,1790271.126758031
13,1790271.126758031
14,1790271.126758031
15,1743861.2467421892
16,1674660.5282718665
17,1633650.3866017119
18,1591831.5727424435
19,1583307.8265601278
20,1545856.2245582754
21,1514390.2467931332
22,1451054.5698247014
23,1443958.738390406
24,1430730.6587336746
25,1359541.4154820768
26,1309753.5325381132
27,1309753.5325381132
28,1309753.5325381132
29,1259440.8883451081
30,1259440.8883451081
31,1259440.8883451081
32,1242756.5628139747
33,1242756.5628139747
34,1216159.5874922017
35,1212169.74145344
36,1176774.5116420882
37,1176774.5116420882
38,1176774.5116420882
39,1176774.5116420882
40,1170343.0600505192
41,1168545.696508348
42,1167227.8161695143
43,1164751.0865541159
44,1164493.7562408322
45,1162604.5315204721
46,1160634.2294427967
47,1158745.0047224367
48,1157427.124383603
49,1157427.124383603
50,1157427.124383603
51,1157427.124383603
52,1157427.124383603
