,0
0,2010430.828534075
1,2010430.828534075
2,1908130.6519397008
3,1790808.4119590616
4,1754266.980891746
5,1623961.0715339018
6,1536657.9956976047
7,1446748.4562024064
8,1362075.2415255168
9,1314178.277723923
10,1224918.4851421386
11,1193581.0307573695
12,1193581.0307573695
13,1082510.4649747664
14,1082510.4649747664
15,1057963.7542231237
16,1014105.8467541634
17,1006739.1235425606
18,933179.9357281282
19,911631.2255191981
20,892247.2039463095
21,870844.671190272
22,870844.671190272
23,855435.9846750358
24,819907.9694703735
25,805315.7425829009
26,789655.3898648664
27,788482.3004103058
28,780487.6059938001
29,775993.7677682076
30,768970.6058964604
31,754746.0105775042
32,754746.0105775042
33,750278.763422594
34,748580.6736727677
35,746769.2029437015
36,730850.5630999716
37,725581.7330150098
38,725581.7330150098
39,718886.4330892726
40,718886.4330892726
41,712556.9707709556
42,712556.9707709556
43,708625.1880689146
44,708625.1880689146
45,705228.4129311325
46,705162.6883721999
47,702965.2386052116
48,702965.2386052116
49,702274.3682870687
50,700985.5379710969
51,700786.0127523382
52,700786.0127523382
53,700786.0127523382
54,700786.0127523382
55,700786.0127523382
