,0
0,3316159.7335175574
1,3293964.9615822174
2,3151611.652145744
3,3101381.7009857744
4,3009771.4134209305
5,2841478.358355588
6,2839374.7203394272
7,2767130.311942327
8,2736854.7177886865
9,2725755.3019582336
10,2676138.528637309
11,2628897.0486185607
12,2613394.989562528
13,2486435.799304545
14,2486435.799304545
15,2486435.799304545
16,2440367.917994647
17,2424020.9755899822
18,2412744.6239687004
19,2389357.8382621864
20,2375168.031259497
21,2273577.4466592586
22,2273577.4466592586
23,2273577.4466592586
24,2234545.5121365422
25,2234545.5121365422
26,2234545.5121365422
27,2228827.8619792815
28,2194049.666234728
29,2194049.666234728
30,2190279.1596522294
31,2176023.418593411
32,2171785.588722154
33,2171785.588722154
34,2155919.018800747
35,2151388.0914343153
36,2146608.751833749
37,2140654.450958346
38,2140654.450958346
39,2127341.6226685736
40,2114344.6598157366
41,2114344.6598157366
42,2110612.5533677335
43,2105808.6553371293
44,2097831.923361796
45,2095814.8556304555
46,2082920.1207281149
47,2082920.1207281149
48,2080734.3249243875
49,2075651.3235182131
50,2073642.454289239
51,2073642.454289239
52,2071568.0142878
53,2068692.3455084164
54,2066719.4563079563
55,2065494.510311607
56,2065494.510311607
57,2064019.969142188
58,2064019.969142188
59,2061447.363404421
60,2061447.363404421
61,2061447.363404421
62,2061447.363404421
63,2060892.4446415117
64,2060892.4446415117
65,2060892.4446415117
66,2060766.1718696777
67,2060766.1718696777
68,2060211.253106769
69,2060211.253106769
70,2060211.253106769
71,2060211.253106769
72,2060211.253106769
