,0
0,2670419.716033868
1,2670419.716033868
2,2592851.6587666585
3,2494814.3686257824
4,2424575.5592056694
5,2348117.880470827
6,2186659.897848549
7,1983918.0843669595
8,1918829.0460552375
9,1918829.0460552375
10,1864566.100417009
11,1731262.8194442752
12,1731262.8194442752
13,1600916.7644452432
14,1433173.4130817594
15,1433173.4130817594
16,1432600.4145545918
17,1375311.1668260682
18,1358833.6769953165
19,1276961.8644056355
20,1252112.6714137634
21,1252112.6714137634
22,1193794.9596592695
23,1193794.9596592695
24,1144768.5798467456
25,1127145.4894751757
26,1116711.071980337
27,1096170.0758649237
28,1078984.306331647
29,1053036.824137603
30,1053036.824137603
31,1024675.5118231708
32,1017988.7182084941
33,1006180.7408989854
34,1002518.4416408669
35,971557.8226452812
36,971557.8226452812
37,969212.5865499931
38,962981.5486714935
39,962981.5486714935
40,950910.5834802694
41,950499.5250815415
42,946682.4317439758
43,939716.3657970706
44,932218.347135973
45,930588.0770306075
46,928830.8951422184
47,923035.15353669
48,922593.964352855
49,920582.4961105591
50,919706.9011083118
51,918945.2213282125
52,918069.6263259655
53,918069.6263259655
54,918069.6263259655
55,918069.6263259655
56,918069.6263259655
