,0
0,3390681.1473764633
1,3274582.9552567373
2,3222709.182369905
3,2882226.8289957633
4,2882226.8289957633
5,2882226.8289957633
6,2825752.0098413993
7,2789991.6213704944
8,2750996.8810238363
9,2709260.1362656723
10,2679615.547186961
11,2632918.449742277
12,2589202.2070513237
13,2532530.307524666
14,2510931.045124185
15,2495692.2421372356
16,2484675.5463095442
17,2438936.277334008
18,2415322.7097890694
19,2399890.8104918916
20,2367440.7461988376
21,2367440.7461988376
22,2340878.9815321653
23,2299057.6150780064
24,2261469.0039390028
25,2261469.0039390028
26,2261469.0039390028
27,2233295.222065397
28,2207102.9810065827
29,2197073.4484109255
30,2197073.4484109255
31,2167387.480448415
32,2158459.63964456
33,2158459.63964456
34,2148170.576599918
35,2119750.084929153
36,2119750.084929153
37,2113772.414514742
38,2085868.6218537218
39,2074540.1505581515
40,2074540.1505581515
41,2074540.1505581515
42,2074527.5285591225
43,2057000.6042343702
44,2050033.9350180598
45,2043742.8049133425
46,2043742.8049133425
47,2032147.719678491
48,2014196.872927091
49,2014196.872927091
50,2014196.872927091
51,2014196.872927091
52,2010953.7012967013
53,2007080.9236221977
54,2002900.9555833398
55,2002900.9555833398
56,2002900.9555833398
57,1988952.0693657487
58,1988952.0693657487
59,1986662.2503772986
60,1977872.48402765
61,1977872.48402765
62,1977872.48402765
63,1975038.2913735972
64,1974271.4957583363
65,1972502.4203956423
66,1970777.2734666828
67,1969242.5493572291
68,1969242.5493572291
69,1969242.5493572291
70,1969214.412959445
71,1969214.412959445
72,1969214.412959445
73,1969214.412959445
74,1968723.970231568
75,1968723.970231568
76,1968723.970231568
77,1968723.970231568
78,1968723.970231568
