,0
0,3403032.0805813465
1,3403032.0805813465
2,3264277.6614202494
3,3023730.218069369
4,3023730.218069369
5,2795999.6050119298
6,2795999.6050119298
7,2789044.704851159
8,2682662.346010571
9,2682662.346010571
10,2643627.6440064088
11,2578840.664595652
12,2491926.8853276093
13,2491926.8853276093
14,2491926.8853276093
15,2491926.8853276093
16,2491926.8853276093
17,2423729.646675583
18,2348629.635955876
19,2348629.635955876
20,2348629.635955876
21,2336408.2827531635
22,2336408.2827531635
23,2333729.042029545
24,2329747.754714715
25,2305119.344765688
26,2291929.7834372795
27,2257116.867500053
28,2257116.867500053
29,2243031.8493496734
30,2238656.038915103
31,2219272.9679655675
32,2201664.8177702227
33,2187882.47301929
34,2187882.47301929
35,2187882.47301929
36,2178493.1603251267
37,2163731.357798041
38,2163731.357798041
39,2153181.3197773984
40,2150073.9905673484
41,2146955.256616297
42,2131987.893468056
43,2128738.8358029076
44,2128738.8358029076
45,2127752.6625845768
46,2127752.6625845768
47,2126344.3130965373
48,2122397.1588419694
49,2120436.8585042115
50,2120436.8585042115
51,2119736.42403561
52,2119126.7023835927
53,2118795.083373751
54,2118114.400881374
55,2117946.5652406826
56,2116656.161096288
57,2116656.161096288
58,2116382.2710945024
59,2116382.2710945024
60,2116382.2710945024
61,2116382.2710945024
62,2116382.2710945024
