,0
0,2861010.2696625288
1,2623250.219020891
2,2607211.8120278856
3,2478699.321506467
4,2314808.863933041
5,2314808.863933041
6,2314808.863933041
7,2124351.7711305832
8,2124351.7711305832
9,2059822.8474641065
10,2005297.6077546082
11,1937692.878942874
12,1865661.3797556567
13,1774553.5018341115
14,1774553.5018341115
15,1693470.2696631604
16,1693470.2696631604
17,1693470.2696631604
18,1643579.8831948205
19,1641248.0660170324
20,1580436.3172200455
21,1542689.8937784517
22,1487239.2558570532
23,1487239.2558570532
24,1439648.9886706767
25,1438761.1446542083
26,1382378.5603065572
27,1361208.296363284
28,1332880.9084087606
29,1318534.7999572637
30,1307328.8545946656
31,1266474.3164046397
32,1257042.802287679
33,1227728.535085967
34,1220256.413236247
35,1162720.6023207286
36,1162720.6023207286
37,1162720.6023207286
38,1162720.6023207286
39,1162720.6023207286
40,1157605.4002541308
41,1149176.0343652829
42,1138805.7576529835
43,1137801.8722610795
44,1134506.5825375337
45,1130561.5560204368
46,1126386.9909222703
47,1125085.1869290757
48,1122205.4058367144
49,1122205.4058367144
50,1118820.1179449495
51,1118820.1179449495
52,1117286.6950152216
53,1117286.6950152216
54,1117286.6950152216
55,1117286.6950152216
56,1117286.6950152216
