,0
0,2929440.8689937065
1,2808457.7735244413
2,2515289.6790099535
3,2515289.6790099535
4,2468724.202548119
5,2302704.065185078
6,2287161.2761234227
7,2118233.435777742
8,2041798.4784049822
9,2025966.5788249476
10,2007262.4167929825
11,1781203.7469580541
12,1781203.7469580541
13,1646972.7407803035
14,1646972.7407803035
15,1615552.0706914258
16,1577661.0505113965
17,1506313.4154224368
18,1506313.4154224368
19,1427391.7756243693
20,1353349.802896386
21,1353349.802896386
22,1299998.6637075108
23,1257293.3658250647
24,1254567.503904844
25,1185896.560754761
26,1170327.499022767
27,1170327.499022767
28,1163724.99213
29,1124500.5726800587
30,1124500.5726800587
31,1124500.5726800587
32,1113295.2754326942
33,1101148.0678752433
34,1095421.3402571008
35,1095421.3402571008
36,1079308.754302174
37,1070879.03846162
38,1070879.03846162
39,1060691.9940347427
40,1060691.9940347427
41,1060652.2862981674
42,1053989.4362327822
43,1052617.5797535912
44,1051711.0800554478
45,1048881.5027808342
46,1044797.9134164309
47,1042398.012792982
48,1042398.012792982
49,1042398.012792982
50,1042339.621558505
51,1042331.5909767152
52,1042331.5909767152
53,1042331.5909767152
54,1042331.5909767152
55,1042331.5909767152
