,0
0,2030028.4315029192
1,1853864.888779141
2,1853864.888779141
3,1696795.8062431612
4,1645711.9490564843
5,1536092.056576939
6,1532433.544163087
7,1413988.7567290538
8,1293843.7570088855
9,1236192.646425045
10,1210780.4018452137
11,1166943.0716197267
12,1132331.5018703013
13,1044199.5340845503
14,1044199.5340845503
15,1041349.7192696225
16,1016567.1188126021
17,949969.4574688203
18,912369.0341523528
19,909837.3361196632
20,830044.6132753458
21,830044.6132753458
22,830044.6132753458
23,788444.6510580925
24,783738.9695502786
25,762174.9316135007
26,760716.4312765211
27,741229.3146032963
28,741229.3146032963
29,729869.9506061544
30,720854.098798722
31,714162.7953751641
32,714162.7953751641
33,707314.6220772321
34,701043.8538276458
35,695899.9746308225
36,692318.7170494898
37,690091.1743406921
38,687226.5763082611
39,685465.5409642166
40,679335.6866303852
41,679234.8487826542
42,678125.9530580817
43,677493.7531297763
44,676568.6732452587
45,675660.0537942422
46,675216.1994527732
47,675216.1994527732
48,675159.5502737022
49,674798.6431889593
50,674798.6431889593
51,674798.6431889593
52,674599.1179702006
53,674599.1179702006
54,674599.1179702006
55,674599.1179702006
56,674599.1179702006
