,0
0,3210593.094396795
1,3195536.383160652
2,3171604.3148581274
3,2984765.3198285303
4,2931213.7688988387
5,2849600.2631687284
6,2817530.4408275103
7,2742057.6231209943
8,2720706.663891682
9,2720706.663891682
10,2720706.663891682
11,2644041.861079308
12,2604138.6088854033
13,2604138.6088854033
14,2567768.7858649706
15,2509407.8135701497
16,2471654.3948126985
17,2417151.7574037355
18,2375153.179750581
19,2375153.179750581
20,2358323.588885367
21,2358323.588885367
22,2326237.506999581
23,2304340.8979776627
24,2280562.7815440926
25,2279104.719785039
26,2256028.980270253
27,2242757.391079284
28,2215733.5744857327
29,2194082.146363209
30,2194082.146363209
31,2175780.7103905985
32,2172339.536773349
33,2152514.131149112
34,2112492.975405701
35,2112293.4824697054
36,2103733.1767008738
37,2099150.5241435133
38,2097564.5183111033
39,2097564.5183111033
40,2079585.6250784665
41,2076334.1348999294
42,2070758.1883543737
43,2048172.47046323
44,2048172.47046323
45,2037109.1668495508
46,2036038.8310752898
47,2029990.5004709437
48,2029990.5004709437
49,2022793.600108706
50,2018173.6248405916
51,2017733.6668920643
52,2012008.7242488847
53,2007411.0983121563
54,2003898.2106804517
55,2001694.2239394588
56,2000450.9141224418
57,1999004.5648203199
58,1992520.6180949486
59,1989449.4235282145
60,1989449.4235282145
61,1989449.4235282145
62,1989449.4235282145
63,1989449.4235282145
