,0
0,2614467.254091969
1,2349391.7906205356
2,2349391.7906205356
3,2349391.7906205356
4,2196486.1731641823
5,2063416.1478623408
6,2063416.1478623408
7,1868852.3269148264
8,1868852.3269148264
9,1799855.4809451452
10,1688533.8788194617
11,1611836.1935080946
12,1548598.518799096
13,1490923.7725814502
14,1490923.7725814502
15,1403534.9566843545
16,1329436.050986536
17,1218698.5905685476
18,1218698.5905685476
19,1215527.9478432878
20,1171268.3998873015
21,1136794.4499645152
22,1088184.4260728692
23,1088184.4260728692
24,1059698.492289329
25,1021929.9296052689
26,1021929.9296052689
27,995128.371929542
28,976319.3160460938
29,958144.5685982023
30,958144.5685982023
31,957193.8548274292
32,948703.233620636
33,948703.233620636
34,935423.8617239421
35,929588.7938798885
36,926381.3418738175
37,921440.3978649853
38,920365.8570275737
39,911082.9810372451
40,911082.9810372451
41,907717.2553972995
42,905094.5071025675
43,904600.0223266548
44,902198.9020337472
45,901615.3271044681
46,898975.5255994024
47,896576.652819729
48,895012.9520937507
49,895012.9520937507
50,893192.345458783
51,891458.4778289204
52,891458.4778289204
53,891357.5243473984
54,891357.5243473984
55,890484.1182845545
56,890469.1430052395
57,890346.7617630165
58,890346.7617630165
59,890331.7864837016
60,890331.7864837016
61,890331.7864837016
62,890331.7864837016
63,890331.7864837016
