,0
0,1957900.016476819
1,1888562.4286956554
2,1888562.4286956554
3,1771552.4286000244
4,1697910.7627068365
5,1650845.064851146
6,1519952.4684635468
7,1439593.4703831458
8,1383135.2661225535
9,1304977.1028203072
10,1296213.9065036129
11,1239599.496103114
12,1103709.3296427415
13,1103709.3296427415
14,1024639.4775050336
15,1012242.2636713083
16,933093.7932398212
17,895618.5924430094
18,855025.2917090036
19,828861.4479737204
20,801577.5104839761
21,801577.5104839761
22,780656.9526420698
23,762766.8517123947
24,762766.8517123947
25,753827.2329685178
26,745567.3729841437
27,742461.6481831409
28,726804.5028485252
29,715718.0182115292
30,715718.0182115292
31,712359.0979735395
32,712359.0979735395
33,706825.853973342
34,702639.714649697
35,702290.3100923166
36,699610.2704255797
37,698637.6873540654
38,693305.0214757277
39,693305.0214757277
40,688976.2841088253
41,688976.2841088253
42,688976.2841088253
43,687718.2005431072
44,687718.2005431072
45,687718.2005431072
46,687718.2005431072
47,687595.1385400235
48,687595.1385400235
49,687595.1385400235
50,687595.1385400235
51,687595.1385400235
