,0
0,2933312.696480499
1,2790766.801223901
2,2738881.350739001
3,2514387.034074437
4,2415315.690050777
5,2246799.923145904
6,2130190.5600647675
7,2130190.5600647675
8,1943941.218218489
9,1943941.218218489
10,1831017.6637474515
11,1716679.2427182568
12,1639976.3672867138
13,1563427.0740595066
14,1563427.0740595066
15,1430872.7184439283
16,1430872.7184439283
17,1326678.9853761282
18,1322904.3671842946
19,1322904.3671842946
20,1238729.267878092
21,1238729.267878092
22,1228789.61008835
23,1107267.509499171
24,1092089.5128731483
25,1092089.5128731483
26,1092089.5128731483
27,1065374.5979932088
28,1061487.8310804684
29,1040403.51810616
30,1020697.1227863096
31,1003326.5285691081
32,1003326.5285691081
33,989688.7986478526
34,989688.7986478526
35,987533.9267267172
36,979183.2176931803
37,979183.2176931803
38,973643.4354872125
39,966056.2902271969
40,966056.2902271969
41,958517.0147542654
42,957282.7050566425
43,950320.759501726
44,948898.9857647145
45,947118.5241631403
46,947118.5241631403
47,945496.0960776735
48,945496.0960776735
49,944960.4203771827
50,944960.4203771827
51,944084.8253749354
52,944084.8253749354
53,944084.8253749354
54,944084.8253749354
55,944084.8253749354
