,0
0,2844632.0962639656
1,2796239.211845041
2,2749922.258873394
3,2655719.0115947607
4,2614964.027066772
5,2388687.1575745502
6,2117448.3072763877
7,2117448.3072763877
8,2108456.808874369
9,1868334.5356988714
10,1799082.58413373
11,1798402.4004683075
12,1628953.258188487
13,1628953.258188487
14,1570866.268647439
15,1516287.531177453
16,1479965.7218380764
17,1406944.405139029
18,1382380.0725852717
19,1300228.3867138652
20,1281290.775971223
21,1254461.0805829826
22,1245795.3000637381
23,1193125.2161034052
24,1150931.228327791
25,1150931.228327791
26,1136108.8094122028
27,1129377.490237833
28,1110189.4789838179
29,1108361.412030825
30,1103832.1240820922
31,1096099.396864426
32,1075010.1504281654
33,1075010.1504281654
34,1075010.1504281654
35,1068810.4395405327
36,1067164.9021952595
37,1060510.0161237768
38,1056224.9363609217
39,1056224.9363609217
40,1047884.8012369403
41,1045850.4186479498
42,1043288.3573931822
43,1042659.9652267456
44,1040127.9866994875
45,1039866.0549024283
46,1039032.0331681091
47,1038983.6185249378
48,1038983.6185249378
49,1038983.6185249378
50,1038983.6185249378
51,1038983.6185249378
