,0
0,2631149.3718526517
1,2631149.3718526517
2,2502679.3534768405
3,2424322.8282150477
4,2137366.7606542115
5,2137366.7606542115
6,2038276.1170250585
7,2038276.1170250585
8,1994118.5332317401
9,1799079.4083475058
10,1763127.8589931047
11,1676677.642487591
12,1588664.6697364694
13,1568179.756297756
14,1498224.5972771375
15,1454822.8519355005
16,1380659.1742493259
17,1300484.3945151556
18,1300484.3945151556
19,1257248.8592197075
20,1166809.4822132662
21,1166809.4822132662
22,1153439.877487303
23,1148674.2256763412
24,1072096.01393819
25,1072096.01393819
26,1036197.4437060449
27,998981.1110942807
28,987167.099981959
29,975250.5853101198
30,969587.7687718257
31,966688.5001906379
32,949816.0791069906
33,943572.814569921
34,939632.4332815885
35,933125.0687253234
36,926815.9043698014
37,916598.6542857257
38,916598.6542857257
39,913827.8530241009
40,910197.060374158
41,910197.060374158
42,906705.4110554953
43,903754.26154895
44,899116.7452024162
45,899116.7452024162
46,897007.3002569543
47,897007.3002569543
48,895325.7824325092
49,893476.3463201416
50,890914.4660765107
51,890914.4660765107
52,890914.4660765107
53,890705.4212201994
54,890577.3005263454
55,890568.0646986614
56,890568.0646986614
57,890568.0646986614
58,890568.0646986614
59,890568.0646986614
