,0
0,2850172.379312096
1,2786441.10109137
2,2591900.433595333
3,2502375.270281335
4,2491378.414363542
5,2257438.2303040866
6,2257438.2303040866
7,2076711.4004844334
8,2024025.3990882116
9,1911565.5302263268
10,1767863.2960820831
11,1714331.2280334688
12,1569433.2570814872
13,1569102.7792275348
14,1406389.0042501425
15,1406389.0042501425
16,1406389.0042501425
17,1366341.9360845198
18,1366341.9360845198
19,1325963.3271440342
20,1289453.023600568
21,1242084.4870361942
22,1221402.732281261
23,1187425.74706402
24,1169965.4248775365
25,1161719.7626153815
26,1132145.4212166872
27,1132145.4212166872
28,1114991.9979810258
29,1107994.855279569
30,1095621.4591541593
31,1084231.538470839
32,1077485.8616176404
33,1077485.8616176404
34,1074850.726102695
35,1074850.726102695
36,1072036.111550714
37,1069812.9340106465
38,1069812.9340106465
39,1063234.0362676792
40,1061563.6018971247
41,1061563.6018971247
42,1060571.571940516
43,1060513.1807060386
44,1057700.7817941858
45,1057700.7817941858
46,1057692.751212396
47,1057692.751212396
48,1057692.751212396
49,1057692.751212396
50,1057692.751212396
