,0
0,3379201.3604865926
1,3128453.846635832
2,3128453.846635832
3,2928731.2528117434
4,2928731.2528117434
5,2928731.2528117434
6,2828030.9470239747
7,2769400.7381613185
8,2747048.027350211
9,2619322.976195114
10,2585381.691202531
11,2585381.691202531
12,2558497.0766307483
13,2486270.2236656393
14,2486270.2236656393
15,2460089.7118257633
16,2452036.017073845
17,2404598.9988655355
18,2381843.1070906757
19,2332294.8286930313
20,2323534.6793775833
21,2293916.2796679214
22,2265471.9672941705
23,2210034.5251539284
24,2192756.797249231
25,2156437.422148809
26,2123889.56026626
27,2123889.56026626
28,2123889.56026626
29,2091844.0394482336
30,2091844.0394482336
31,2068986.9845043374
32,2048752.0075434048
33,2048752.0075434048
34,2042517.0500435815
35,1997426.9874743342
36,1997426.9874743342
37,1997426.9874743342
38,1986612.661286547
39,1973586.566910854
40,1961866.3368624316
41,1961401.1794957954
42,1952605.371347523
43,1945110.4371431593
44,1936502.0151436047
45,1930729.2365461243
46,1918785.0392588447
47,1918785.0392588447
48,1915745.2191101094
49,1904958.955271188
50,1904958.955271188
51,1904958.955271188
52,1896370.134068129
53,1896370.134068129
54,1895165.481668093
55,1888995.6829770198
56,1888995.6829770198
57,1888629.1074283696
58,1888563.1774478047
59,1883902.541495613
60,1883223.80765678
61,1881674.5660637282
62,1877585.432766816
63,1876545.2861970854
64,1875923.1254633376
65,1875862.7779182699
66,1874890.3228995865
67,1874890.3228995865
68,1874890.3228995865
69,1874890.3228995865
70,1874890.3228995865
