,0
0,2922714.703364483
1,2840256.030409821
2,2741278.5885851244
3,2453058.779526229
4,2453058.779526229
5,2448426.09751651
6,2353093.388894101
7,2140394.81749866
8,2103270.9815024137
9,2017693.284159827
10,1875739.0731491244
11,1838474.6817377019
12,1727348.976519133
13,1663838.4663939134
14,1562739.3875891962
15,1533049.0505648393
16,1488523.339059138
17,1421108.7224122428
18,1386444.1387185112
19,1357423.8747831131
20,1294198.6160401553
21,1294198.6160401553
22,1252565.1376538337
23,1224308.0213046279
24,1197533.4504773854
25,1154883.0614063938
26,1151152.2161633803
27,1151152.2161633803
28,1125864.1791506973
29,1111405.9200753297
30,1110723.581666074
31,1096383.9540712847
32,1096383.9540712847
33,1085221.1457506071
34,1083496.1238333648
35,1074449.4043702893
36,1069669.1200040346
37,1065453.0521255627
38,1064917.3569593243
39,1059061.550204278
40,1047329.9897766308
41,1047329.9897766308
42,1044702.1121983017
43,1044702.1121983017
44,1043494.6762874551
45,1041056.016799085
46,1040285.9012824903
47,1039369.6070623557
48,1037752.5806696633
49,1037144.7361669062
50,1034831.7224059113
51,1031598.7735760253
52,1031598.7735760253
53,1031302.8746925708
54,1031302.8746925708
55,1031244.4834580937
56,1031244.4834580937
57,1031244.4834580937
58,1031244.4834580937
59,1031244.4834580937
