,0
0,2820354.6952946554
1,2713161.594565628
2,2589906.978224427
3,2441660.114681675
4,2279442.2903203517
5,2214784.7844560486
6,2140988.084397434
7,2042745.9164364876
8,1960475.7379815346
9,1884441.4617259104
10,1768558.9055516906
11,1631731.3887787822
12,1545884.3893223717
13,1401785.7788543885
14,1390769.707456861
15,1390769.707456861
16,1363132.702352932
17,1317119.0342889007
18,1279145.5488583436
19,1251226.3606194917
20,1182225.9953357095
21,1143124.060630177
22,1136469.6120173596
23,1088989.8940766726
24,1059201.085620099
25,1059201.085620099
26,1059201.085620099
27,1033146.889552831
28,1010919.9359456975
29,1008067.486709501
30,1000989.5548944569
31,974353.640791889
32,966495.9181351467
33,959776.1071600876
34,956625.2507087482
35,954971.5462270092
36,943098.3696685995
37,937319.38197894
38,934183.6243830596
39,929051.5956066176
40,924470.3485283036
41,918626.3955743007
42,917830.8841166856
43,912631.052469305
44,909058.2798816392
45,907930.1840470661
46,906060.2587287858
47,901753.6197113884
48,901753.6197113884
49,901753.6197113884
50,900615.9423662564
51,899587.2150440639
52,899587.2150440639
53,899102.9338202068
54,898298.1169505807
55,898298.1169505807
56,898298.1169505807
57,898298.1169505807
58,898298.1169505807
