,0
0,3089819.5892777583
1,3089819.5892777583
2,3089819.5892777583
3,3089819.5892777583
4,3032770.499501948
5,2843638.801913405
6,2843638.801913405
7,2843638.801913405
8,2817494.127356251
9,2697409.700873178
10,2697409.700873178
11,2667350.268544102
12,2561671.8147018547
13,2561671.8147018547
14,2557311.75001153
15,2548170.0694667874
16,2467782.484575579
17,2467782.484575579
18,2408155.4194588643
19,2408155.4194588643
20,2408155.4194588643
21,2348844.3955247025
22,2321268.4139398346
23,2281064.9923468987
24,2281064.9923468987
25,2260171.674082858
26,2244549.2811989756
27,2182664.722788637
28,2182664.722788637
29,2182664.722788637
30,2175365.554671312
31,2156670.6527874977
32,2127752.5524581643
33,2120410.4572403408
34,2096266.1128956561
35,2078392.711178166
36,2078392.711178166
37,2071822.3445167507
38,2055811.89094399
39,2035968.898046028
40,2029911.0310596044
41,2021608.3599055663
42,2009133.696856327
43,2006312.7703531054
44,1989882.7781818633
45,1978505.3828648112
46,1971914.140965102
47,1971914.140965102
48,1959858.3401491074
49,1959858.3401491074
50,1943893.8576592917
51,1943893.8576592917
52,1943893.8576592917
53,1931867.3769966916
54,1921222.5376425958
55,1921222.5376425958
56,1912824.634661111
57,1912824.634661111
58,1911384.3734116806
59,1911384.3734116806
60,1911127.004850598
61,1910615.4726953693
62,1908494.0747368243
63,1908494.0747368243
64,1907873.6925209484
65,1907873.6925209484
66,1906833.6915150248
67,1906833.6915150248
68,1905312.4982886063
69,1905312.4982886063
70,1905312.4982886063
71,1905312.4982886063
72,1905312.4982886063
73,1904869.2564328702
74,1904237.315612071
75,1904237.315612071
76,1904211.8851414907
77,1904211.8851414907
78,1904211.8851414907
79,1904211.8851414907
80,1904211.8851414907
