,0
0,2045652.180510697
1,1956914.500580645
2,1847300.404463205
3,1738981.8171638427
4,1533276.610331718
5,1533276.610331718
6,1533276.610331718
7,1533276.610331718
8,1359829.1981707364
9,1306494.8946230924
10,1262523.5918414553
11,1230308.1662445103
12,1178624.5604288175
13,1151741.6731464725
14,1151741.6731464725
15,1042242.3951113593
16,1008980.0243993619
17,996707.4108563712
18,967317.0688570463
19,850324.726885071
20,847704.2629370876
21,847704.2629370876
22,824191.3463880162
23,824191.3463880162
24,799370.9192495589
25,786745.1256873616
26,786745.1256873616
27,776417.7226866594
28,758464.7853162336
29,758464.7853162336
30,748599.2971152994
31,745496.3866416649
32,734941.5036061633
33,730461.4087343273
34,724811.7371055238
35,708511.9684622262
36,700227.4276155402
37,700227.4276155402
38,698124.8790955368
39,692715.8082240813
40,692715.8082240813
41,686278.9265387945
42,685688.8530563383
43,678114.6067631815
44,677243.5757324912
45,676566.2823115782
46,675896.9239245203
47,674683.7235786092
48,674444.0836134928
49,672937.4494645298
50,672937.4494645298
51,670997.2366586846
52,670997.2366586846
53,670997.2366586846
54,670507.8137114863
55,670187.021373101
56,669987.4961543424
57,669833.9544877011
58,669833.9544877011
59,669833.9544877011
60,669833.9544877011
61,669833.9544877011
