,0
0,2872116.8832237395
1,2736010.5167452353
2,2609541.783389191
3,2543248.8227861174
4,2475567.120436248
5,2464374.950547112
6,2341743.973978626
7,2167090.623682784
8,1982594.847960475
9,1982594.847960475
10,1915195.5986650304
11,1816533.147403778
12,1706824.6352697401
13,1607292.5294521
14,1607292.5294521
15,1607292.5294521
16,1575665.8742188972
17,1430447.2371418783
18,1364039.3280237038
19,1364039.3280237038
20,1335315.6628854075
21,1309875.5621992636
22,1238098.398601145
23,1210354.2192803426
24,1209441.1816560354
25,1172098.1141752098
26,1155101.268237898
27,1139923.370538862
28,1121999.2448905006
29,1121530.7444827445
30,1103285.198911572
31,1099723.3016262585
32,1087898.572616317
33,1087898.572616317
34,1080134.485199995
35,1079185.183495331
36,1068654.9300194394
37,1059713.1814485271
38,1059713.1814485271
39,1059540.4146443566
40,1055608.1378729101
41,1051906.9781218364
42,1050608.8410423088
43,1043781.305371256
44,1043781.305371256
45,1038788.4073329308
46,1038788.4073329308
47,1038788.4073329308
48,1038788.4073329308
49,1037827.237179604
50,1037011.6093151072
51,1036321.7463296911
52,1035465.704507142
53,1035465.704507142
54,1035465.704507142
55,1035218.2202668589
56,1034890.7514633889
57,1034783.9455857404
58,1034783.9455857404
59,1034783.9455857404
60,1034783.9455857404
61,1034783.9455857404
