,0
0,2648289.79409372
1,2321575.266537203
2,2321575.266537203
3,2266474.959100727
4,2130466.299175747
5,2091579.4002255714
6,1997869.9574327231
7,1894922.054517314
8,1732757.0003564015
9,1732757.0003564015
10,1628826.434337274
11,1578887.7111731998
12,1549951.256828681
13,1479026.803168145
14,1340005.6242924612
15,1235730.09474114
16,1235730.09474114
17,1235730.09474114
18,1235730.09474114
19,1168008.552480295
20,1141531.8576764246
21,1124701.9617198221
22,1073039.9264622272
23,1073039.9264622272
24,1036779.6947477362
25,1036779.6947477362
26,1022767.0662335247
27,997504.9728283742
28,997504.9728283742
29,995474.0343524606
30,984661.3680221367
31,975838.8897526121
32,975838.8897526121
33,975838.8897526121
34,974477.0425153554
35,974030.240388165
36,972707.3568996376
37,971963.7272094166
38,970433.7843948812
39,968130.9342585205
40,968130.9342585205
41,968130.9342585205
42,967599.8122675618
43,967599.8122675618
44,967599.8122675618
45,967599.8122675618
46,967599.8122675618
