,0
0,2801608.074949822
1,2778181.5451207506
2,2594384.775641882
3,2560237.579035263
4,2547404.154905661
5,2327343.779330519
6,2264218.2839730536
7,2223609.7333812276
8,2070849.0493839902
9,1951667.3545127802
10,1951667.3545127802
11,1901945.938345716
12,1877644.1129016655
13,1822436.4007997473
14,1771944.2213238424
15,1730802.3361691346
16,1699526.2228916525
17,1629431.1729580476
18,1629431.1729580476
19,1557182.7196255568
20,1500226.661686591
21,1500226.661686591
22,1426583.7536629892
23,1420499.6008608958
24,1400156.8836969638
25,1323899.4172801853
26,1323899.4172801853
27,1323899.4172801853
28,1294367.0262251226
29,1259612.3844557633
30,1241118.3737259798
31,1241118.3737259798
32,1234388.7452581583
33,1196421.9689556388
34,1179974.6509048983
35,1179974.6509048983
36,1167937.7582544389
37,1153680.0258085118
38,1153680.0258085118
39,1145408.2221410638
40,1140699.9678154832
41,1134755.290436366
42,1133799.9125663587
43,1131346.0346899163
44,1128267.44005492
45,1126949.5597160864
46,1125323.439292174
47,1124955.663854063
48,1124955.663854063
49,1124955.663854063
50,1124955.663854063
51,1124955.663854063
