,0
0,2789014.194211879
1,2708027.5969279665
2,2665960.328850695
3,2547284.752673423
4,2414746.105937989
5,2390579.9921205305
6,2174314.050756391
7,2013943.2144706962
8,1818188.965949446
9,1818188.965949446
10,1818188.965949446
11,1763721.4412219035
12,1737465.1568568482
13,1676728.287210899
14,1609094.931475199
15,1505322.2185777242
16,1438509.0176798278
17,1431836.4442127063
18,1364717.3748132922
19,1340970.7226631255
20,1257100.9790014364
21,1250724.3173005825
22,1172353.7579447743
23,1159420.8367828014
24,1140093.483013969
25,1132044.2424155416
26,1113524.2929592244
27,1111297.4381189495
28,1110388.0167422649
29,1102765.9515470818
30,1088542.8561880188
31,1072903.3238831903
32,1072903.3238831903
33,1072903.3238831903
34,1066677.7132206575
35,1066651.078572205
36,1061882.0265881624
37,1056854.4620258661
38,1052147.7196276316
39,1048531.1460441668
40,1044557.0170095906
41,1044557.0170095906
42,1042790.2998116496
43,1042514.8830743438
44,1040229.9688043607
45,1038226.9021047213
46,1038226.9021047213
47,1038226.9021047213
48,1038226.9021047213
49,1037713.763597899
50,1037547.6300996331
51,1037171.0359599673
52,1036897.3405521613
53,1036650.4935226779
54,1036314.9941374181
55,1036256.602902941
56,1036208.1882597698
57,1036208.1882597698
58,1036208.1882597698
59,1036208.1882597698
60,1036208.1882597698
