,0
0,2066289.0741569994
1,2033599.2756078062
2,1965766.8884172055
3,1884278.6206537276
4,1763198.873646429
5,1743078.6041157006
6,1567909.9853746346
7,1530387.2455989951
8,1462778.4940962626
9,1387637.657629754
10,1360074.8249849617
11,1276619.6654384905
12,1081973.3995855297
13,1081973.3995855297
14,1081973.3995855297
15,1081973.3995855297
16,1057950.7494877004
17,1030795.4553526427
18,1024654.3637092187
19,907035.522381515
20,907035.522381515
21,907035.522381515
22,877301.0618506512
23,877301.0618506512
24,827461.968849417
25,800201.0748329995
26,800201.0748329995
27,800201.0748329995
28,798055.577216725
29,787023.6403607863
30,776265.4150347023
31,776265.4150347023
32,768546.5628924437
33,760590.9331096616
34,760590.9331096616
35,747796.7469976608
36,745339.5706462129
37,745339.5706462129
38,738989.218357209
39,738989.218357209
40,738989.218357209
41,735557.5521504167
42,731054.9772575465
43,728246.9850835007
44,728246.9850835007
45,728246.9850835007
46,726004.5168569718
47,724516.1613222413
48,724516.1613222413
49,724516.1613222413
50,724516.1613222413
51,724516.1613222413
