,0
0,2147490.676360499
1,1990110.6368053933
2,1963694.2629876095
3,1862238.943391989
4,1755856.567427868
5,1626413.5070804325
6,1601237.623141314
7,1564519.1811382074
8,1472214.525928376
9,1452155.7205412462
10,1382785.7003593796
11,1303362.7800018974
12,1254070.6454657773
13,1248573.4650121955
14,1113477.340549792
15,1082208.8731922184
16,1052308.6384113396
17,1050012.541548092
18,944710.0353225163
19,944710.0353225163
20,931251.7001530487
21,833576.2112001259
22,833576.2112001259
23,833576.2112001259
24,829958.8120118851
25,829958.8120118851
26,819757.0939400202
27,784629.3911753314
28,784629.3911753314
29,771649.8617443809
30,770875.634436371
31,757630.3824711477
32,757630.3824711477
33,751406.7729239486
34,742374.8928753685
35,736856.8836762747
36,731018.5591523177
37,727446.2389338615
38,724215.0285071123
39,722936.6922856999
40,721317.4460437332
41,715652.5814145998
42,713781.4032073478
43,713611.8262047492
44,707452.8406568627
45,705602.0226678817
46,703740.837260624
47,703197.9963716576
48,703074.9343685738
49,703044.4547050162
50,702921.3927019325
51,702921.3927019325
52,702921.3927019325
53,702921.3927019325
54,702921.3927019325
