,0
0,3330063.0841796943
1,3314864.972954032
2,3173442.624813075
3,3173442.624813075
4,3039577.8654100406
5,2995177.5846812897
6,2948687.8957605707
7,2846679.012605137
8,2798596.463089606
9,2739837.352364214
10,2704878.019599147
11,2675673.6325989524
12,2656402.2028713194
13,2580587.744700273
14,2527428.9121154128
15,2511622.177592921
16,2508489.9519714373
17,2469546.683283502
18,2438156.8273975933
19,2409233.63896016
20,2364827.346702414
21,2345537.543401747
22,2325807.152040825
23,2314929.784363736
24,2303468.4745576126
25,2254999.823394171
26,2254999.823394171
27,2250520.7408975614
28,2233580.6295358296
29,2202357.7934700875
30,2200314.974662906
31,2200314.974662906
32,2180476.0939901993
33,2168854.019502248
34,2143462.4235922475
35,2143462.4235922475
36,2143462.4235922475
37,2129245.6431649234
38,2110339.842766149
39,2110339.842766149
40,2109137.732308405
41,2105887.357876517
42,2102669.854105586
43,2091130.3655215136
44,2086557.9411141581
45,2082261.6858304255
46,2076617.8531359704
47,2070321.6811202092
48,2068017.9633628048
49,2057639.24187844
50,2057639.24187844
51,2057639.24187844
52,2057639.24187844
53,2057280.052958919
54,2055128.931594712
55,2055128.931594712
56,2053882.7008296417
57,2053117.5394295552
58,2053117.5394295552
59,2053117.5394295552
60,2053117.5394295552
61,2053117.5394295552
