,0
0,2779436.8771201414
1,2472625.9010712164
2,2388927.944572119
3,2360310.7824260066
4,2216913.218338846
5,2177915.8154363283
6,2061648.8757181347
7,1977571.9714884504
8,1913682.7708390825
9,1719477.990452215
10,1638510.0519838426
11,1533983.936835933
12,1417587.0000502043
13,1417587.0000502043
14,1417587.0000502043
15,1395070.9738891039
16,1297715.3060848927
17,1296738.610974206
18,1252968.8757306163
19,1110708.8762750223
20,1110708.8762750223
21,1110708.8762750223
22,1087696.9649995784
23,1080369.316397901
24,1055752.7918533313
25,1032997.0219149919
26,1011239.873458732
27,999337.3088845422
28,982500.1166814342
29,968858.9466158841
30,961319.4604294876
31,933477.3108555208
32,933477.3108555208
33,933477.3108555208
34,931094.5252514357
35,924927.7747760833
36,921114.449608378
37,917617.3951364976
38,915216.8604706398
39,911098.8197473459
40,911098.8197473459
41,906676.8795653406
42,905693.7296272985
43,901550.8495434558
44,900505.1879527776
45,900394.6351888031
46,900392.0425382385
47,899580.5824914931
48,898826.2702643375
49,898688.9137427995
50,898688.9137427995
51,898688.9137427995
52,898688.9137427995
53,898688.9137427995
