,0
0,2716018.8551751706
1,2716018.8551751706
2,2716018.8551751706
3,2444540.3933134777
4,2374619.7136661257
5,2272239.3811725797
6,2209473.4072397538
7,2091554.7742593507
8,2031314.4772244007
9,1917336.5510122927
10,1917336.5510122927
11,1891125.6357960643
12,1880827.1256000616
13,1786857.697685797
14,1730968.7939839184
15,1711824.4910790287
16,1603746.5076682535
17,1603746.5076682535
18,1574509.6770255403
19,1539327.973281025
20,1518312.4426136443
21,1456248.2698097415
22,1411179.0857054817
23,1411179.0857054817
24,1396391.8196393005
25,1348007.0522221185
26,1346504.2141794302
27,1267351.8598535191
28,1248196.748246059
29,1248196.748246059
30,1229495.0972470534
31,1208146.4381795954
32,1207802.3884880203
33,1194384.0918909914
34,1158861.1229115885
35,1158861.1229115885
36,1143357.4528250566
37,1143357.4528250566
38,1141775.7469507395
39,1137655.3319696444
40,1135400.6959422503
41,1130783.8323018136
42,1128507.5445817723
43,1119537.2462656149
44,1119537.2462656149
45,1119537.2462656149
46,1119537.2462656149
47,1114793.5070607618
48,1114793.5070607618
49,1114793.5070607618
50,1114793.5070607618
51,1114793.5070607618
