,0
0,2877423.3519584863
1,2825988.8938645925
2,2515984.4655023324
3,2515984.4655023324
4,2419335.421868057
5,2301266.3594473535
6,2085724.6998770258
7,1947451.7462145751
8,1905379.9581737232
9,1791555.7868479025
10,1791555.7868479025
11,1766610.4791529137
12,1704477.3760546704
13,1618878.9007976982
14,1548809.9932459765
15,1532610.7991489368
16,1453044.0965930186
17,1394286.5403546304
18,1366585.8027082777
19,1276207.1554951756
20,1260830.146145376
21,1245982.5349595312
22,1194916.3481797148
23,1150598.2364507453
24,1114181.9421201514
25,1082710.669587762
26,1070484.0473947308
27,1069915.2474511017
28,1059412.208114696
29,1029989.1335122535
30,1022873.3972059581
31,1020670.0462719635
32,1001218.740542492
33,980840.9850027901
34,977180.9526151053
35,977180.9526151053
36,972336.6555108621
37,956678.6646081893
38,954993.3876833168
39,954860.5151016047
40,952175.0659064314
41,945249.386800375
42,941737.9071224437
43,938705.2300886525
44,927233.5319927149
45,927233.5319927149
46,925265.8243728734
47,923763.2393082062
48,919293.6939781341
49,917855.6854871272
50,916075.223885553
51,916075.223885553
52,916075.223885553
53,916075.223885553
54,913702.4003199665
55,913702.4003199665
56,913702.4003199665
57,913702.4003199665
58,913702.4003199665
