,0
0,2796036.0764651005
1,2796036.0764651005
2,2782412.209792082
3,2701336.3111749366
4,2589185.6689648307
5,2559069.389900254
6,2243126.234308746
7,2186589.350980402
8,2113490.880288457
9,1951959.7343382936
10,1895903.5475288357
11,1895903.5475288357
12,1831340.3747068404
13,1720276.9619310764
14,1589337.1518797062
15,1589337.1518797062
16,1560049.90151217
17,1467215.6090387874
18,1467215.6090387874
19,1350946.312650159
20,1344740.2845895018
21,1317440.7579236904
22,1253025.40178469
23,1251075.4360432301
24,1188926.5637014227
25,1188926.5637014227
26,1188926.5637014227
27,1150054.3147117526
28,1144253.143184691
29,1129953.639330539
30,1127186.716087368
31,1109935.639817559
32,1089222.8315570673
33,1087774.7663036045
34,1084787.502703177
35,1066368.752444094
36,1066368.752444094
37,1066368.752444094
38,1062556.703772089
39,1052807.2964735543
40,1052807.2964735543
41,1052807.2964735543
42,1049687.5071496037
43,1040686.2881242572
44,1040686.2881242572
45,1040686.2881242572
46,1037592.3439275115
47,1037592.3439275115
48,1037117.3560991324
49,1034175.7464967142
50,1033796.2942422181
51,1033796.2942422181
52,1031301.1008295442
53,1031301.1008295442
54,1030467.0790952251
55,1030467.0790952251
56,1030467.0790952251
57,1030467.0790952251
58,1030467.0790952251
