,0
0,3476198.4897910035
1,3399998.3007448013
2,3294081.804544395
3,2997732.1608875254
4,2984489.8183857007
5,2937690.2659659744
6,2805546.99437264
7,2805546.99437264
8,2754340.653440924
9,2715989.4881225587
10,2642209.074070152
11,2624863.9995231493
12,2617524.3520814716
13,2581457.4234019
14,2513876.7737030014
15,2483543.8335781205
16,2444562.1875364417
17,2395326.881807164
18,2395326.881807164
19,2388644.376419315
20,2312017.8538789367
21,2291185.48696047
22,2291185.48696047
23,2291185.48696047
24,2237594.5882010176
25,2235187.7133241026
26,2189761.198692712
27,2175791.8564586244
28,2165983.3708253433
29,2160205.518486672
30,2144738.6959991683
31,2134777.1411089026
32,2129179.9847829686
33,2098055.492823455
34,2098055.492823455
35,2092773.7729104587
36,2079361.6779805971
37,2067494.208643229
38,2067494.208643229
39,2050010.5244650827
40,2050010.5244650827
41,2029334.7317832408
42,2029334.7317832408
43,2011108.658663918
44,2011108.658663918
45,2000964.7529083944
46,2000964.7529083944
47,1996399.577168816
48,1978532.9401145917
49,1978532.9401145917
50,1978532.9401145917
51,1975049.3919421334
52,1971177.4834927106
53,1965136.4906413774
54,1965136.4906413774
55,1956091.5035994695
56,1955087.7573086186
57,1955087.7573086186
58,1955087.7573086186
59,1954845.9819133296
60,1953432.5374101668
61,1952356.2320385298
62,1952226.5048168933
63,1951943.1742234107
64,1950996.5960734098
65,1950866.8688517737
66,1950866.8688517737
67,1950092.307645762
68,1950092.307645762
69,1950092.307645762
70,1950092.307645762
71,1950092.307645762
