,0
0,1926506.4873457148
1,1926506.4873457148
2,1883622.0940865048
3,1732216.337240412
4,1630688.7062623778
5,1630688.7062623778
6,1561576.5055911955
7,1499650.1039675232
8,1453048.551570159
9,1393893.3968255345
10,1317692.586640873
11,1146646.65793016
12,1141210.2969872714
13,1141210.2969872714
14,1113795.7632946563
15,1063480.1518396602
16,1022724.548996745
17,989566.8262537419
18,939908.931742505
19,915045.9044929836
20,898056.7874234352
21,852824.3965263478
22,807311.7665980256
23,805679.1616663516
24,805679.1616663516
25,801273.0383573477
26,771100.3033789654
27,765404.2176736199
28,754785.3503799833
29,748533.2071006976
30,743930.3048195184
31,730904.9893642534
32,729703.4779646279
33,713586.8009817501
34,713586.8009817501
35,713586.8009817501
36,709870.4582666787
37,709865.4078015469
38,700935.895935032
39,689832.0760651649
40,689832.0760651649
41,689832.0760651649
42,689196.3554697739
43,683886.2577913688
44,683260.7746526281
45,683260.7746526281
46,679798.7534284616
47,676117.553604747
48,676117.553604747
49,675885.7011189464
50,675093.6178143638
51,673804.7874983919
52,673770.8288082776
53,673108.4601037034
54,673108.4601037034
55,672942.8935750591
56,672942.8935750591
57,672942.8935750591
58,672942.8935750591
59,672942.8935750591
