,0
0,1996229.1291062254
1,1904213.740228894
2,1904213.740228894
3,1771725.7314046775
4,1742137.6311705217
5,1537193.7199711746
6,1537193.7199711746
7,1454312.4126098123
8,1329741.6202027164
9,1329741.6202027164
10,1222052.7466605378
11,1215084.5666219757
12,1158054.4983869947
13,1151954.3171526056
14,1110518.0002007876
15,1094241.9065794854
16,1029072.908458294
17,928510.2613176003
18,928510.2613176003
19,921596.3038933604
20,851915.1113790588
21,851915.1113790588
22,847205.2760271151
23,813981.902433921
24,795721.975124254
25,770648.2445653615
26,770648.2445653615
27,770648.2445653615
28,759562.2613474729
29,758381.2148614577
30,744068.7341947661
31,734341.404211856
32,734341.404211856
33,731406.1728679248
34,724646.6654942223
35,724646.6654942223
36,713006.5744539985
37,705220.1782705975
38,703980.8371220784
39,703980.8371220784
40,695405.526588658
41,695405.526588658
42,691711.9258372475
43,690699.1714989427
44,687774.6349038028
45,686248.5647315675
46,681903.3795247872
47,679870.7520968141
48,679870.7520968141
49,679611.7850542112
50,679258.2671465321
51,679258.2671465321
52,679122.3621070129
53,679122.3621070129
54,678999.3001039291
55,678999.3001039291
56,678999.3001039291
57,678999.3001039291
58,678999.3001039291
