,0
0,2911811.164532687
1,2853506.9615308354
2,2662905.756469053
3,2558176.2224324807
4,2454052.1050453763
5,2435247.1729408763
6,2263535.6476311106
7,2263535.6476311106
8,2123043.5047670626
9,2085740.2334395545
10,1968141.4748468075
11,1882197.8352683417
12,1878127.6912416075
13,1792527.5759388108
14,1788440.2615559255
15,1740929.3020395227
16,1621431.6602664117
17,1621431.6602664117
18,1491784.8324638736
19,1491784.8324638736
20,1446054.0369304835
21,1446054.0369304835
22,1446054.0369304835
23,1435835.0662523373
24,1415587.8309343343
25,1341760.4591785476
26,1341760.4591785476
27,1336326.493800689
28,1309115.4702394141
29,1257086.4671239825
30,1257086.4671239825
31,1257086.4671239825
32,1249574.2739495207
33,1189059.4803310886
34,1189059.4803310886
35,1185800.400164029
36,1185800.400164029
37,1167934.8142478918
38,1162044.0623588813
39,1158559.3835528127
40,1153462.3735569268
41,1147465.3870360437
42,1144338.2175987067
43,1142144.570822311
44,1142144.570822311
45,1140664.3858888932
46,1140189.4129539684
47,1138806.6157713311
48,1138196.9344040814
49,1137787.8946171394
50,1137787.8946171394
51,1137787.8946171394
52,1137787.8946171394
53,1137787.8946171394
