,0
0,2004427.9150473187
1,1896476.8513333404
2,1811154.9923099717
3,1695707.095124483
4,1612678.9985177186
5,1594118.3435375574
6,1539396.216893204
7,1479664.8085625109
8,1460523.203796089
9,1330056.862226322
10,1325648.129283226
11,1266027.7294186947
12,1172149.6139844798
13,1139333.6647999985
14,1131974.6859192248
15,1054181.0045840365
16,1037492.3657085288
17,976757.6494805157
18,944534.5749628439
19,944534.5749628439
20,913628.8865905768
21,863386.4238803536
22,863386.4238803536
23,830007.6071551691
24,830007.6071551691
25,814148.7139517766
26,756915.3204259295
27,756915.3204259295
28,756915.3204259295
29,730550.3272215654
30,729778.6037614798
31,729778.6037614798
32,727199.8759002694
33,726121.6013640637
34,704143.9453490779
35,704143.9453490779
36,704143.9453490779
37,701700.9162501642
38,701341.2408851386
39,696378.1760097002
40,685044.7193282096
41,681570.0933251287
42,681570.0933251287
43,680923.2624140801
44,676901.394144122
45,676901.394144122
46,676901.394144122
47,675408.609053474
48,675408.609053474
49,675119.6512217757
50,675031.1675360178
51,674120.7186342435
52,674120.7186342435
53,673921.1934154849
54,673921.1934154849
55,673921.1934154849
56,673921.1934154849
57,673921.1934154849
