,0
0,2871009.7846962865
1,2679704.4246613244
2,2453694.6779660913
3,2453694.6779660913
4,2238923.1345469444
5,1943477.806227009
6,1926267.7489046021
7,1874595.4509895945
8,1836530.5551583192
9,1836530.5551583192
10,1765694.300777406
11,1628498.7050798056
12,1542714.6257245347
13,1542714.6257245347
14,1492858.3193231241
15,1417784.497980849
16,1417784.497980849
17,1354572.9446972464
18,1262870.3516151088
19,1262870.3516151088
20,1244805.6565924468
21,1207397.0847847152
22,1152364.2292041918
23,1135836.5556182507
24,1134821.7300034333
25,1075142.098084644
26,1075142.098084644
27,1040048.8299626849
28,1034042.8155181383
29,1006340.6443770324
30,1006115.157575097
31,975330.7706368231
32,974805.8979778407
33,974805.8979778407
34,972657.9126723649
35,952708.7141069999
36,952708.7141069999
37,951397.5790878453
38,946936.7397729524
39,942000.4356015602
40,942000.4356015602
41,940439.1953610136
42,935507.1934514659
43,934687.0751523421
44,933534.4225278952
45,931388.6384607492
46,930118.2495357022
47,929595.9479717894
48,929595.9479717894
49,927871.9974093771
50,926719.34478493
51,926719.34478493
52,925845.9387220863
53,925845.9387220863
54,925845.9387220863
55,925845.9387220863
56,925674.9596098616
57,925674.9596098616
58,925674.9596098616
59,925674.9596098616
60,925674.9596098616
