,0
0,3369252.103165122
1,3291002.5986555885
2,3191525.757173268
3,3068150.276636152
4,2888452.1159746414
5,2883499.977063461
6,2756475.589818253
7,2751517.6822178485
8,2694358.9051021617
9,2685914.457164167
10,2668023.947264635
11,2617045.4786140616
12,2548272.7147772387
13,2538505.295224568
14,2518221.89493943
15,2490890.2792678536
16,2440696.588211507
17,2436689.259612386
18,2339101.2635881267
19,2300701.2452441445
20,2300701.2452441445
21,2282731.547901
22,2253740.995385369
23,2253740.995385369
24,2253740.995385369
25,2239203.843527442
26,2200450.6403932134
27,2200450.6403932134
28,2194627.0613796413
29,2173043.163575443
30,2173043.163575443
31,2129759.651564935
32,2129759.651564935
33,2129759.651564935
34,2129759.651564935
35,2119927.0268875444
36,2096230.325929384
37,2093631.4667525208
38,2093631.4667525208
39,2080401.709907518
40,2079038.0550730203
41,2047306.7601589093
42,2047306.7601589093
43,2047306.7601589093
44,2047306.7601589093
45,2044647.5412935964
46,2044647.5412935964
47,2030656.4699055958
48,2030656.4699055958
49,2029273.9131035784
50,2023135.2726192218
51,2009332.6386841298
52,2009332.6386841298
53,2005143.875323853
54,2005143.875323853
55,2002555.0068948027
56,1998652.9707351848
57,1998652.9707351848
58,1998035.9407154135
59,1997405.6143736097
60,1997405.6143736097
61,1997384.9554719788
62,1997384.9554719788
63,1997384.9554719788
64,1997384.9554719788
65,1997384.9554719788
