,0
0,2618861.2995899655
1,2618861.2995899655
2,2571812.118215376
3,2554262.5770251043
4,2318353.1909493743
5,2318353.1909493743
6,2214916.184321708
7,2141875.4643842075
8,2088958.3345977708
9,1935448.1153687628
10,1935448.1153687628
11,1869049.0848304944
12,1839091.0215757692
13,1789116.9887487711
14,1706889.1123232795
15,1706345.61867769
16,1622582.1012066887
17,1576277.7327195231
18,1562868.3305939757
19,1495574.1658417233
20,1426351.5704352981
21,1426351.5704352981
22,1420267.846300017
23,1368976.1745601723
24,1327728.9481237696
25,1305231.3646408354
26,1300628.5337818952
27,1299328.7833873697
28,1258244.8538569177
29,1245286.150349518
30,1205577.9117143562
31,1201066.5569727018
32,1199154.5815890974
33,1178472.0057256706
34,1157810.6267622204
35,1134753.5185140704
36,1134753.5185140704
37,1127234.97597832
38,1125785.4744053346
39,1120592.5954129489
40,1116869.4793386145
41,1111622.3168229386
42,1106354.7806114175
43,1106354.7806114175
44,1105482.8742404932
45,1105450.103727273
46,1104067.3065446357
47,1104067.3065446357
48,1104067.3065446357
49,1104067.3065446357
50,1104067.3065446357
