,0
0,2673887.744546846
1,2673887.744546846
2,2581169.538189566
3,2495918.9308594824
4,2495918.9308594824
5,2244061.301082398
6,2101543.4186465526
7,2068213.0189384187
8,1932739.7357721764
9,1841262.5081782385
10,1785389.03078888
11,1710829.0696923924
12,1563805.8187126007
13,1549741.672163708
14,1519288.9973095355
15,1442113.3599403463
16,1407557.795179434
17,1365729.026058712
18,1240446.6823667793
19,1240446.6823667793
20,1224616.757648431
21,1135883.6229236028
22,1135883.6229236028
23,1129604.076422452
24,1125992.892372481
25,1081191.4671666715
26,1053326.6102335372
27,1034031.2088074218
28,1019384.3266488262
29,1018690.1169179077
30,1012918.4839827378
31,999376.1866646359
32,982392.4077812189
33,981659.2373286982
34,976064.3694254284
35,964925.6389800812
36,964925.6389800812
37,962824.4788553674
38,955845.6414814148
39,955845.6414814148
40,954354.3508636154
41,953775.7860853636
42,953775.7860853636
43,952492.8544870495
44,950113.0597228984
45,950113.0597228984
46,949575.1950830043
47,949469.1165730293
48,949298.1374608044
49,949131.3862106764
50,948422.5424585572
51,948422.5424585572
52,948422.5424585572
53,948422.5424585572
54,948422.5424585572
