,0
0,2038199.3877813607
1,1921714.2677689593
2,1879645.0183984288
3,1772458.3702872843
4,1690494.6125723266
5,1562100.9387476023
6,1520343.5896344923
7,1475280.4497883315
8,1444163.2205319076
9,1425143.6420029309
10,1354896.4265083624
11,1231541.8143076494
12,1192725.0670071656
13,1192725.0670071656
14,1122555.582679878
15,1054710.5535635047
16,1033308.9969336024
17,1010057.8219365894
18,948411.2227753266
19,937237.2790666635
20,931112.1112128859
21,896139.2727140664
22,870860.7103656812
23,842721.4012157134
24,829624.046588592
25,810140.8647272938
26,803895.352300366
27,768742.2448128348
28,757899.974202268
29,750029.5741570398
30,748730.6893341028
31,748730.6893341028
32,747068.3910568455
33,740013.5829635643
34,723179.7918536233
35,723179.7918536233
36,723179.7918536233
37,722130.3523812445
38,722130.3523812445
39,717457.8460759106
40,717457.8460759106
41,716863.711731555
42,716201.3430269809
43,716201.3430269809
44,714867.7999488031
45,714864.2657613271
46,714201.8970567529
47,714201.8970567529
48,714201.8970567529
49,714201.8970567529
50,714201.8970567529
