,0
0,3390250.153759052
1,3378334.6201199093
2,3168325.346430764
3,3062616.7249507345
4,3044089.2891088077
5,2866103.148137664
6,2866103.148137664
7,2757979.916079873
8,2752409.118305538
9,2695833.9771213755
10,2642709.492185064
11,2576898.074521068
12,2537523.4750513895
13,2475707.0142138298
14,2475707.0142138298
15,2438620.7579984036
16,2416532.807084717
17,2392193.2526588603
18,2392193.2526588603
19,2364942.1211695685
20,2344762.889096547
21,2314044.4299851866
22,2314044.4299851866
23,2297817.934448866
24,2278002.269371736
25,2250142.198110996
26,2236023.768530479
27,2235611.879329878
28,2202243.8457128303
29,2151321.5505981497
30,2151321.5505981497
31,2139840.974997997
32,2132572.038394411
33,2122835.066759324
34,2110674.217174482
35,2108856.477390215
36,2092808.7041424655
37,2079296.9625185868
38,2063253.7115968245
39,2047473.9577036228
40,2034914.6312481528
41,2030156.3358443207
42,2023085.259450503
43,2011480.8186855235
44,2004725.9248382188
45,2004123.2394366513
46,1983116.768632507
47,1971867.9265625302
48,1969771.199218447
49,1967235.097371274
50,1947775.7253686502
51,1947775.7253686502
52,1943325.2695477593
53,1934756.1842205138
54,1924693.7901572767
55,1924693.7901572767
56,1919766.6300502685
57,1910656.5986699217
58,1910433.3553189377
59,1905595.9901360103
60,1897604.2019528593
61,1897604.2019528593
62,1893585.1440820866
63,1893456.249417537
64,1887494.0693041927
65,1887494.0693041927
66,1887257.1037115355
67,1885119.2069458491
68,1885006.921103872
69,1885006.921103872
70,1884777.1311558702
71,1883963.2723273886
72,1883963.2723273886
73,1882558.8343552083
74,1882558.8343552083
75,1882558.8343552083
76,1882558.8343552083
77,1882558.8343552083
