,0
0,2725611.358027235
1,2725611.358027235
2,2725611.358027235
3,2676407.636261151
4,2374305.6745820176
5,2357580.521243479
6,2276500.183051686
7,2156293.2991699586
8,2096502.7389418508
9,2008218.5780611013
10,1918613.2598939496
11,1870552.6774856013
12,1787823.7978571705
13,1668000.857165635
14,1617242.092164126
15,1617242.092164126
16,1488338.005628631
17,1451726.135192708
18,1384773.0176860949
19,1293198.92728226
20,1213008.4873382302
21,1213008.4873382302
22,1213008.4873382302
23,1171963.2660882233
24,1171963.2660882233
25,1143565.5530187418
26,1143565.5530187418
27,1133991.5547912589
28,1120141.4797767082
29,1110203.5601402654
30,1088647.642925015
31,1087544.77256196
32,1072707.5816557093
33,1072707.5816557093
34,1059455.2108238542
35,1059455.2108238542
36,1052911.010054312
37,1047092.2238078743
38,1044451.0159997997
39,1043673.2043830116
40,1039025.4327972586
41,1037507.711228571
42,1036680.9548675631
43,1034598.4451195529
44,1032880.774209584
45,1031096.6692008293
46,1030644.860184102
47,1029788.1076685284
48,1028958.6224669038
49,1028124.6007325846
50,1028124.6007325846
51,1028124.6007325846
52,1027797.1319291146
53,1027756.7478677329
54,1027748.7172859431
55,1027748.7172859431
56,1027748.7172859431
57,1027748.7172859431
58,1027748.7172859431
