,0
0,3010196.343629126
1,2662555.0873875143
2,2520150.4843336446
3,2484962.001239207
4,2287709.376371339
5,2223913.809776854
6,2001446.5686665855
7,2001446.5686665855
8,1866538.4608515778
9,1817759.6673384646
10,1731339.3233324392
11,1680794.3943537676
12,1583110.9723917388
13,1547808.9947926914
14,1503182.4778427077
15,1453442.4143807339
16,1381772.5270504798
17,1316478.5946823712
18,1263923.7658218725
19,1263209.7204684685
20,1194498.9552670904
21,1194498.9552670904
22,1155678.9259553046
23,1074481.6296669843
24,1038483.8679014584
25,1038483.8679014584
26,1031478.9246497817
27,1030047.2317423202
28,1009603.6968626393
29,998701.2283798638
30,984018.0055859784
31,984018.0055859784
32,977322.9343780981
33,975121.8362386224
34,968268.5815606536
35,968006.4922728726
36,951526.028741449
37,951526.028741449
38,947758.9293491212
39,942906.8797737854
40,942906.8797737854
41,938909.2637278894
42,936085.5028075991
43,936085.5028075991
44,935966.617941429
45,935554.3808166402
46,935554.3808166402
47,935554.3808166402
48,935426.2601227864
49,935426.2601227864
50,935426.2601227864
51,935426.2601227864
52,935426.2601227864
