,0
0,2883652.5457389182
1,2883652.5457389182
2,2672706.041061797
3,2478533.731845212
4,2373539.922985362
5,2269327.220205141
6,2130406.486827466
7,2044706.527338973
8,1994388.6940604574
9,1994388.6940604574
10,1778024.8653897243
11,1715444.6240441373
12,1684859.0744483299
13,1651866.9002169918
14,1561771.1855870339
15,1503573.5430029244
16,1453733.2454364954
17,1371361.5159613355
18,1363215.676077087
19,1322806.8636650094
20,1263789.4317634453
21,1263789.4317634453
22,1214871.355007437
23,1147084.1339655558
24,1147084.1339655558
25,1147084.1339655558
26,1124384.1517158586
27,1124384.1517158586
28,1114541.9371107942
29,1094008.7622902915
30,1094008.7622902915
31,1094008.7622902915
32,1077391.4504326351
33,1077391.4504326351
34,1069629.4967457333
35,1068749.3205209135
36,1059364.824169381
37,1059364.824169381
38,1052231.042983281
39,1052231.042983281
40,1047918.4028363145
41,1047918.4028363145
42,1045069.0309365155
43,1044763.1554617552
44,1041806.7090584576
45,1041806.7090584576
46,1041806.7090584576
47,1041201.9192591488
48,1040964.6567423487
49,1038977.2588623104
50,1038977.2588623104
51,1038977.2588623104
52,1038969.2282805206
53,1038969.2282805206
54,1038729.7746220274
55,1038729.7746220274
56,1038671.3833875504
57,1038671.3833875504
58,1038671.3833875504
59,1038663.3528057606
60,1038663.3528057606
61,1038663.3528057606
62,1038663.3528057606
63,1038663.3528057606
