,0
0,2852459.907713265
1,2817665.131402174
2,2623057.201143671
3,2539420.165535009
4,2368561.613845505
5,2291186.4295967375
6,2291186.4295967375
7,2181750.621866237
8,2100598.0243425714
9,2100598.0243425714
10,2036661.0228532662
11,1931788.7140436727
12,1891889.6724703652
13,1746327.475846171
14,1744212.8759701657
15,1704455.226091938
16,1650359.9817121576
17,1641296.8616470415
18,1571120.9241075534
19,1571120.9241075534
20,1514902.4194964296
21,1465689.164452544
22,1465689.164452544
23,1423314.0481405468
24,1423314.0481405468
25,1410094.7464564212
26,1410094.7464564212
27,1388264.2627951666
28,1363830.9228908352
29,1316118.2116692758
30,1316118.2116692758
31,1316118.2116692758
32,1290151.5884482865
33,1290151.5884482865
34,1267415.528542999
35,1267415.528542999
36,1253284.1639480176
37,1249037.9914555664
38,1235813.7413568397
39,1232397.3287830686
40,1226539.8923750003
41,1215496.1225992118
42,1215496.1225992118
43,1209970.2060958054
44,1202602.833085441
45,1202602.833085441
46,1199725.435561179
47,1199697.7405535714
48,1195284.8653208155
49,1195284.8653208155
50,1195284.8653208155
51,1192980.8825931665
52,1188684.5802793887
53,1186380.5975517398
54,1186380.5975517398
55,1186380.5975517398
56,1186380.5975517398
57,1186380.5975517398
