,0
0,2866863.9964487837
1,2866863.9964487837
2,2711882.48365039
3,2614746.718551311
4,2491065.3909395183
5,2272431.770981358
6,2139422.073778165
7,2139422.073778165
8,2031232.6735062597
9,1854351.409525355
10,1771958.2638071394
11,1771958.2638071394
12,1683310.9776650933
13,1672987.362620139
14,1553881.7156380075
15,1510156.8865581027
16,1445641.3513018524
17,1393912.9583376609
18,1393912.9583376609
19,1357326.7701926427
20,1348329.3261364037
21,1322659.8024920023
22,1256365.4417536496
23,1234879.1760967786
24,1234879.1760967786
25,1204293.706742689
26,1189304.0873871318
27,1189304.0873871318
28,1164148.2641418043
29,1121918.2544200937
30,1121904.2181879738
31,1107529.583706862
32,1107529.583706862
33,1107529.583706862
34,1098713.3847470318
35,1091731.0612789716
36,1087006.9503458925
37,1078838.585021409
38,1065128.960082774
39,1065128.960082774
40,1065128.960082774
41,1065128.960082774
42,1063729.3855628052
43,1061478.8346228825
44,1060220.5791517233
45,1059669.7021109099
46,1059669.7021109099
47,1059363.8266361495
48,1059363.8266361495
49,1059363.8266361495
50,1059363.8266361495
51,1059363.8266361495
