,0
0,2913649.5879630595
1,2889130.456462409
2,2801641.296792821
3,2593698.6770528476
4,2542528.8041129247
5,2402822.9145222874
6,2402822.9145222874
7,2273011.51390109
8,2163112.368914322
9,2118720.2634648015
10,2003053.3834733781
11,1985860.2264853683
12,1958758.3664741137
13,1958758.3664741137
14,1880029.6524125347
15,1768472.7031825492
16,1733986.6772649703
17,1733986.6772649703
18,1733986.6772649703
19,1712934.5298855728
20,1660171.3592937845
21,1636999.0127835807
22,1605115.8537541588
23,1565642.2094383973
24,1553462.3122190472
25,1525567.540752548
26,1521718.6709581472
27,1469948.9395584231
28,1463295.5567466484
29,1429100.3604863957
30,1417261.6604451253
31,1400711.3123965533
32,1394099.9037418114
33,1392119.50695034
34,1376485.4397331849
35,1332732.8417854486
36,1325349.8184442974
37,1318322.5017347534
38,1308052.0171484584
39,1308041.3620574474
40,1288875.3414503918
41,1284024.681213613
42,1272654.2278144637
43,1272654.2278144637
44,1272611.1839252335
45,1259763.9518325685
46,1259763.9518325685
47,1259763.9518325685
48,1251186.9104055783
49,1249518.0044081265
50,1249150.2289700154
51,1248233.9907167775
52,1247799.538875927
53,1245020.364273103
54,1243736.350581754
55,1243736.350581754
56,1243736.350581754
57,1243559.9732625843
58,1243430.9272541818
59,1243430.9272541818
60,1243430.9272541818
61,1243430.9272541818
62,1243430.9272541818
