,0
0,2751792.4456110247
1,2751792.4456110247
2,2650981.9499312807
3,2524699.579313694
4,2242358.104021502
5,2242358.104021502
6,2224490.6831132285
7,2100929.793029353
8,1977262.3308904537
9,1969894.7718760276
10,1836398.9048094647
11,1630030.4524751792
12,1630030.4524751792
13,1520473.5051553575
14,1520473.5051553575
15,1495204.8256496598
16,1379366.1731940699
17,1268703.3832022964
18,1268703.3832022964
19,1262477.6383470811
20,1262477.6383470811
21,1262477.6383470811
22,1209398.9927491052
23,1190655.160019582
24,1117398.5816711732
25,1082682.900201882
26,1079662.907707436
27,1026403.8659561296
28,1026403.8659561296
29,1026403.8659561296
30,1004150.2663001835
31,995189.3351700732
32,983545.0701333687
33,983545.0701333687
34,966055.501297848
35,955695.6857694084
36,955695.6857694084
37,950568.8124994698
38,938990.9455538412
39,935181.3783291419
40,935181.3783291419
41,922976.8031872098
42,922976.8031872098
43,922976.8031872098
44,922543.4148530253
45,913099.9301992663
46,913099.9301992663
47,907307.5630719449
48,907307.5630719449
49,904875.5466966849
50,901829.4865112527
51,901829.4865112527
52,901829.4865112527
53,900609.6790705597
54,900609.6790705597
55,900609.6790705597
56,899402.6867638475
57,899402.6867638475
58,899402.6867638475
59,899402.6867638475
60,899402.6867638475
