,0
0,2880028.8638139055
1,2880028.8638139055
2,2603857.148801181
3,2603857.148801181
4,2231758.9662333224
5,2231758.9662333224
6,2231758.9662333224
7,2231758.9662333224
8,2079058.2266985378
9,2079058.2266985378
10,2055773.8409823093
11,1979609.3233313004
12,1947875.127224758
13,1909461.1869980285
14,1847822.493727551
15,1758039.5381935867
16,1708372.5105823437
17,1708372.5105823437
18,1637056.137227631
19,1533528.612399322
20,1533528.612399322
21,1533528.612399322
22,1503637.3298127234
23,1496886.341711236
24,1484612.0448485217
25,1406687.5341258887
26,1383949.5076144743
27,1308492.7374172763
28,1308492.7374172763
29,1283008.4416556805
30,1268979.464830698
31,1259120.03234558
32,1259120.03234558
33,1218470.6689046065
34,1203152.5432740862
35,1203152.5432740862
36,1188486.6942385468
37,1172483.7429770073
38,1169134.8647679412
39,1161303.673555215
40,1140643.7905847218
41,1140643.7905847218
42,1134110.6373215725
43,1130076.1531391728
44,1129659.9093039255
45,1125323.135803733
46,1125323.135803733
47,1121041.7658749276
48,1121041.7658749276
49,1121041.7658749276
50,1121041.7658749276
51,1121041.7658749276
