,0
0,2751704.309151026
1,2713622.600797082
2,2587099.907349593
3,2574370.7616831795
4,2417512.653790157
5,2319115.97615663
6,2316062.953027115
7,2196228.1757601127
8,2188864.5003405684
9,2114173.4559140014
10,2048828.2083932415
11,2000834.816035458
12,1874740.5351297385
13,1874740.5351297385
14,1841762.4366290998
15,1721191.7748787915
16,1721191.7748787915
17,1704872.9886603162
18,1699298.7251665846
19,1564040.825330464
20,1564040.825330464
21,1540377.315855748
22,1481583.9997949752
23,1481583.9997949752
24,1433128.6355814922
25,1424076.3578789623
26,1375862.6003831306
27,1375862.6003831306
28,1336155.4208392117
29,1307041.7243985184
30,1307041.7243985184
31,1303310.0354722056
32,1298438.9312216968
33,1280276.035777213
34,1260197.7902489668
35,1257616.557341545
36,1247685.9246440795
37,1244766.4290588186
38,1231893.8319755015
39,1230175.0262245724
40,1222715.9167468445
41,1221352.1975172188
42,1209792.7758490504
43,1205232.413182681
44,1201364.7281496273
45,1201342.18993458
46,1191411.896790614
47,1188756.6472857208
48,1188756.6472857208
49,1188756.6472857208
50,1188756.6472857208
51,1188756.6472857208
