,0
0,2044345.5146055825
1,1958803.5824527333
2,1833431.6334404638
3,1748682.4897677675
4,1649838.5032610255
5,1627467.3887418758
6,1548905.2624302271
7,1362408.9529296248
8,1353356.0262605606
9,1307954.9244374542
10,1204946.2166894015
11,1139974.2314322642
12,1139974.2314322642
13,1073993.186705176
14,1054314.021715133
15,1054314.021715133
16,949225.0221704553
17,949225.0221704553
18,909109.7117187706
19,894365.3604560054
20,814462.0893738397
21,803083.4767763234
22,803083.4767763234
23,787104.1927784998
24,778134.5305954275
25,774662.5063424492
26,759922.0629503723
27,759922.0629503723
28,756415.0777904048
29,744842.9225518984
30,741656.5408158659
31,741656.5408158659
32,737524.1560012732
33,733637.7110505855
34,722980.5792314021
35,722615.4363928232
36,720809.3924413691
37,720657.809710297
38,720657.809710297
39,718640.1645869054
40,717218.2488892903
41,713242.9770833727
42,713242.9770833727
43,713089.4354167313
44,713089.4354167313
45,713089.4354167313
46,713089.4354167313
47,713089.4354167313
