,0
0,2962894.30319731
1,2910463.4808382564
2,2868077.0575349294
3,2510614.094108753
4,2510614.094108753
5,2464830.1743157185
6,2346826.4985640575
7,2122039.498442291
8,2122039.498442291
9,1933702.510667444
10,1856569.2408487038
11,1789876.250460211
12,1774453.408465031
13,1655355.7640850896
14,1518062.5075750202
15,1518062.5075750202
16,1518062.5075750202
17,1431066.4043080064
18,1348861.3264461672
19,1268684.8994208842
20,1253108.657821749
21,1253108.657821749
22,1239851.7194746996
23,1212524.2943268954
24,1195239.8410798837
25,1167503.4687706798
26,1145719.1260597892
27,1145719.1260597892
28,1106051.8422637882
29,1106051.8422637882
30,1094878.468461773
31,1087234.1213115824
32,1082561.9995599764
33,1081935.7869505356
34,1078751.298706478
35,1070183.0132946153
36,1069302.895385094
37,1064215.7949295677
38,1062201.876650306
39,1060418.16296562
40,1056028.693098457
41,1056028.693098457
42,1055222.397706729
43,1053305.6559079688
44,1050875.531301475
45,1050875.531301475
46,1048343.5527742171
47,1048343.5527742171
48,1048343.5527742171
49,1048343.5527742171
50,1048343.5527742171
