,0
0,2617076.4464193103
1,2590280.977938702
2,2590280.977938702
3,2468502.3465108704
4,2221859.024556669
5,2167851.449859568
6,2167851.449859568
7,2163446.8556523025
8,2033532.9875654483
9,1936118.1385093983
10,1902668.7234004235
11,1779195.4379713477
12,1779195.4379713477
13,1779195.4379713477
14,1713183.4158674905
15,1713183.4158674905
16,1654373.0873631006
17,1590810.813806108
18,1570466.2285246672
19,1522049.3415998737
20,1482238.119217452
21,1468925.0845931855
22,1422793.4229414777
23,1363786.6782441356
24,1363786.6782441356
25,1276350.2338960348
26,1276350.2338960348
27,1276350.2338960348
28,1268026.66765242
29,1243393.3909764
30,1241421.1108008006
31,1211063.4421995804
32,1211063.4421995804
33,1192999.5658490523
34,1187738.5402480562
35,1187738.5402480562
36,1183813.792255397
37,1175895.2172123902
38,1172353.7883950346
39,1170190.5928188658
40,1168385.0664351443
41,1156496.8298965537
42,1156496.8298965537
43,1149172.8677260408
44,1146522.026104984
45,1142167.119606395
46,1141321.8043690599
47,1139879.645539613
48,1139879.645539613
49,1139879.645539613
50,1139879.645539613
51,1139879.645539613
