,0
0,2788557.0775493016
1,2788557.0775493016
2,2710533.5043549472
3,2585380.8068013904
4,2444827.374129255
5,2361107.5807143324
6,2163665.4203319717
7,2155644.5474656397
8,2021825.8235004197
9,1944807.197494958
10,1944807.197494958
11,1805088.4913949312
12,1667640.7316572058
13,1641789.3735127426
14,1513963.00349132
15,1513164.4284443164
16,1402797.3699378967
17,1373427.5144041781
18,1357214.2654726638
19,1351710.027444869
20,1280730.081865713
21,1271750.9478529221
22,1245454.0821854384
23,1218080.9858392088
24,1160847.92452115
25,1160847.92452115
26,1160847.92452115
27,1151453.833264735
28,1136167.1377759543
29,1134677.1610323237
30,1108859.976157965
31,1108859.976157965
32,1104320.675044363
33,1103228.8446989304
34,1089799.0609162627
35,1081045.5833151082
36,1079843.4064761414
37,1070544.063916338
38,1068222.9687763206
39,1066911.2110487067
40,1064308.3888643526
41,1062465.0390169425
42,1062012.8581627028
43,1060244.0577126679
44,1060244.0577126679
45,1059351.6447438719
46,1058975.7612972304
47,1058975.7612972304
48,1058975.7612972304
49,1058975.7612972304
50,1058975.7612972304
