,0
0,2835775.8398126476
1,2488413.1012726435
2,2488413.1012726435
3,2335953.2461987436
4,2335953.2461987436
5,2007431.7711217164
6,2007431.7711217164
7,2007431.7711217164
8,1793370.0383416025
9,1793370.0383416025
10,1681484.9993788733
11,1663254.0628849673
12,1457257.1012247417
13,1448858.0262321813
14,1365955.3653562288
15,1365955.3653562288
16,1302147.522969279
17,1302147.522969279
18,1302147.522969279
19,1190868.0713230595
20,1190868.0713230595
21,1134401.6641844166
22,1134401.6641844166
23,1121734.2813438945
24,1116664.7995612836
25,1069465.544294638
26,1049085.2410273328
27,1036466.6872756655
28,1021816.3155222526
29,1009141.9250367233
30,979423.9578247345
31,979423.9578247345
32,973170.5534393039
33,971610.661393042
34,966314.465420716
35,954053.1680421926
36,945284.5251202647
37,944364.82775247
38,938553.1607558203
39,935257.3016764414
40,930129.4730798275
41,927273.3777522461
42,927273.3777522461
43,926490.2687539379
44,918750.4914075665
45,918750.4914075665
46,917060.8437080095
47,917060.8437080095
48,914127.7294819881
49,914127.7294819881
50,914127.7294819881
51,914127.7294819881
52,914127.7294819881
