,0
0,2735355.6315139644
1,2735355.6315139644
2,2446694.4278395167
3,2446694.4278395167
4,2415405.723928735
5,2247755.7086813156
6,2185586.5083520645
7,1935840.7545785042
8,1935840.7545785042
9,1928302.4357903271
10,1882995.1431354468
11,1805419.6430710664
12,1702936.3571471681
13,1676922.1119357091
14,1570645.6279762154
15,1521554.3317993162
16,1459991.4692376594
17,1423057.1440783662
18,1362397.9589877313
19,1358022.973022256
20,1293436.1870507891
21,1231261.4181589175
22,1144271.271335596
23,1144271.271335596
24,1144271.271335596
25,1144271.271335596
26,1136948.9141042635
27,1103546.118542709
28,1097204.7971014765
29,1085737.7137573843
30,1085737.7137573843
31,1072831.415124558
32,1070308.029104427
33,1063909.3280586048
34,1061960.1769719613
35,1054956.2592327283
36,1054956.2592327283
37,1052742.5879079807
38,1047014.976797704
39,1047014.976797704
40,1044146.9392421966
41,1041509.369454119
42,1039669.667599239
43,1038622.9310227024
44,1037758.147925339
45,1036614.6645606455
46,1036606.6339788557
47,1036548.2427443786
48,1036548.2427443786
49,1036548.2427443786
50,1036548.2427443786
51,1036548.2427443786
