,0
0,2913824.1906631123
1,2859307.5140076447
2,2710714.2419991316
3,2479066.3686104566
4,2479066.3686104566
5,2335612.5228651487
6,2290344.301322481
7,2146598.5246550506
8,2113914.5616780426
9,2044410.892933849
10,2019895.027342562
11,1887951.1787896857
12,1829782.9379374383
13,1773701.2981115142
14,1773701.2981115142
15,1677164.3221155112
16,1632194.562246923
17,1581698.58110257
18,1574433.7590189807
19,1554582.224896425
20,1492815.9430741782
21,1492243.9059088058
22,1440818.4937106569
23,1397188.7397426448
24,1376250.514984075
25,1341223.4373471965
26,1322191.3556059322
27,1305221.3273464816
28,1268359.167317822
29,1264077.9797835266
30,1226960.4169572953
31,1192932.381571675
32,1192932.381571675
33,1184649.4116965716
34,1169786.9170832094
35,1149547.5177170823
36,1136202.1761136635
37,1135699.1568873911
38,1131940.5179792293
39,1111119.5042766638
40,1111119.5042766638
41,1110374.003417175
42,1105604.8321725237
43,1105604.8321725237
44,1103022.2209707338
45,1103022.2209707338
46,1103022.2209707338
47,1101363.1563273785
48,1101238.8778367653
49,1100073.2303451481
50,1100073.2303451481
51,1100073.2303451481
52,1100073.2303451481
53,1100073.2303451481
