,0
0,3292825.803023885
1,3233113.5540365656
2,3074579.064347066
3,3011371.7642043284
4,2961138.852131641
5,2925742.404337479
6,2849512.903775705
7,2778655.745444748
8,2729192.6320821387
9,2700527.852537636
10,2634301.869474926
11,2605764.176684689
12,2596408.3708782224
13,2566871.253305082
14,2566871.253305082
15,2531600.205210761
16,2469372.4753146768
17,2427118.4412138104
18,2427118.4412138104
19,2382707.283987696
20,2361903.7966045407
21,2361903.7966045407
22,2320090.582984338
23,2308947.333382559
24,2288277.1193310004
25,2269963.244331179
26,2230025.835061329
27,2230025.835061329
28,2212549.7453698725
29,2175998.362581532
30,2175998.362581532
31,2175998.362581532
32,2154934.1658991175
33,2142945.1224568835
34,2125867.872771803
35,2107884.7873348277
36,2095083.4566929964
37,2090794.4203054844
38,2074343.1804494439
39,2074343.1804494439
40,2048352.3263196961
41,2044607.7951897834
42,2038029.0830970788
43,2029842.4572237483
44,2019595.7097167424
45,2000807.141596931
46,2000099.3445433641
47,1992692.2437008854
48,1981332.3830351923
49,1980315.11909896
50,1972006.3477565849
51,1972006.3477565849
52,1965297.4080868463
53,1962245.1093821824
54,1957184.927363855
55,1955538.5402635236
56,1952848.8205062377
57,1943922.5641413722
58,1942516.9646652376
59,1940123.8450481559
60,1935968.2611117756
61,1934756.2728514527
62,1931571.982444999
63,1931164.9180875733
64,1928453.3042240785
65,1925966.513213383
66,1925293.493496437
67,1925293.493496437
68,1921265.385210503
69,1921265.385210503
70,1921265.385210503
71,1921265.385210503
72,1921265.385210503
73,1921225.951228911
74,1920259.0180455511
75,1920187.4399060053
76,1919679.825831091
77,1918929.9267857946
78,1918929.9267857946
79,1917603.5287936619
80,1917531.9506541155
81,1917531.9506541155
82,1916274.4375339048
83,1916274.4375339048
84,1916274.4375339048
85,1916274.4375339048
86,1916274.4375339048
