,0
0,2952918.9056009883
1,2767065.0954734283
2,2646214.896217078
3,2361875.5293047596
4,2361875.5293047596
5,2203395.291384074
6,2023341.8538252562
7,1948832.8286723914
8,1850974.379819393
9,1713677.6158637344
10,1713677.6158637344
11,1677879.9038659187
12,1660248.9463675714
13,1496764.708004616
14,1469116.6072628803
15,1401650.2323675253
16,1328725.1225856277
17,1309190.099238476
18,1261363.3500830943
19,1228814.2777947593
20,1213125.6896945082
21,1201489.0181967134
22,1180352.5316342497
23,1134924.3615783246
24,1100768.5363687165
25,1060400.9847986975
26,1032887.6584059396
27,1021219.7728702778
28,1021219.7728702778
29,996734.466394538
30,987858.8031547144
31,972517.6468930305
32,972517.6468930305
33,971810.1891445004
34,961372.749065009
35,953873.6341202299
36,953873.6341202299
37,950374.4481543758
38,948737.1733720294
39,944389.428276491
40,943511.9189417766
41,942549.2283189454
42,941243.2338717721
43,938643.268466594
44,937928.2920579108
45,936258.6811777639
46,936258.6811777639
47,935720.8165378695
48,935720.8165378695
49,935720.8165378695
50,935720.8165378695
51,935720.8165378695
