,0
0,1997383.2032388884
1,1920322.0136753444
2,1769920.8905960175
3,1769920.8905960175
4,1603731.8880246242
5,1600426.781317867
6,1527103.4933867087
7,1509251.6581657552
8,1381321.1050517582
9,1360906.4301830796
10,1299535.9254752337
11,1198929.571399125
12,1142694.0793765394
13,1083408.5839842998
14,993253.5692846114
15,993253.5692846114
16,967620.3916432752
17,922647.6445477797
18,905350.1832636112
19,863794.5372104238
20,863794.5372104238
21,839924.5880900488
22,823053.6156314162
23,792341.9180815016
24,782521.9040587023
25,766230.415419483
26,766230.415419483
27,740841.2733644126
28,731831.7074111659
29,731831.7074111659
30,731831.7074111659
31,719119.7712251802
32,719119.7712251802
33,707589.8920620248
34,707383.0579276943
35,698870.5275069245
36,696549.0705848925
37,696549.0705848925
38,689264.2364020932
39,689264.2364020932
40,685730.5475546287
41,684428.5496022564
42,681990.5318215854
43,681140.5501283966
44,676531.4918377011
45,676531.4918377011
46,676518.6678567824
47,676518.6678567824
48,675544.7966072656
49,675544.7966072656
50,675544.7966072656
51,675544.7966072656
52,675544.7966072656
