,0
0,2840665.8374615195
1,2657705.056233996
2,2657705.056233996
3,2475332.651437293
4,2276621.560105095
5,2139077.244756511
6,2139077.244756511
7,2028940.5559808519
8,1922286.1012852862
9,1824773.4159607359
10,1689621.6662950488
11,1689621.6662950488
12,1528353.7528811991
13,1518553.8452959887
14,1459293.6663971238
15,1393670.0734427655
16,1327198.293679323
17,1287676.1929689802
18,1201954.5048535084
19,1201954.5048535084
20,1151631.6312046458
21,1139014.8268114764
22,1127642.9468650685
23,1101065.732804272
24,1087974.6664349374
25,984711.0469959632
26,984711.0469959632
27,984711.0469959632
28,966439.9972253683
29,966439.9972253683
30,966439.9972253683
31,956814.3827086968
32,947245.8932055873
33,947245.8932055873
34,934555.820667115
35,934555.820667115
36,924241.8867635796
37,924241.8867635796
38,914499.9854397057
39,914499.9854397057
40,914499.9854397057
41,913960.7365638036
42,913960.7365638036
43,913960.7365638036
44,912116.3019192198
45,912116.3019192198
46,911242.8958563758
47,910713.7022319778
48,910713.7022319778
49,910713.7022319778
50,910713.7022319778
51,910376.5366818127
52,910367.3008541288
53,909836.1788631699
54,909836.1788631699
55,909836.1788631699
56,909836.1788631699
57,909836.1788631699
