,0
0,2981415.5193304997
1,2807228.8925226973
2,2655631.042507957
3,2655631.042507957
4,2516728.8568431865
5,2381669.285272778
6,2381669.285272778
7,2332250.7756194645
8,2234289.3103413447
9,2111339.6057519605
10,2111339.6057519605
11,2040008.544173279
12,1965399.2403367877
13,1929422.3715992807
14,1860667.7467837578
15,1836988.6142779826
16,1776858.7838513604
17,1754309.2013323377
18,1640031.024781516
19,1636246.9050844698
20,1636246.9050844698
21,1554874.1642809971
22,1519749.1742989107
23,1510868.374184906
24,1510868.374184906
25,1470567.755409224
26,1405375.3344319698
27,1344776.7138998979
28,1338805.7010927896
29,1338805.7010927896
30,1287546.581179512
31,1273479.6605523664
32,1273479.6605523664
33,1262056.7828956961
34,1243119.1003659486
35,1217286.5254344395
36,1170429.0983530637
37,1170429.0983530637
38,1170429.0983530637
39,1163559.1125609386
40,1146729.0010143714
41,1146729.0010143714
42,1146729.0010143714
43,1146729.0010143714
44,1142170.6102161112
45,1136861.0789698178
46,1134127.6309351264
47,1132100.1595453075
48,1129345.4333715045
49,1129068.9220336745
50,1126487.7068462
51,1126487.7068462
52,1126487.7068462
53,1126487.7068462
54,1126487.7068462
