,0
0,1910828.0538228354
1,1910828.0538228354
2,1870599.2057858317
3,1819976.9170765395
4,1714507.1511953687
5,1513791.4021676967
6,1513791.4021676967
7,1513791.4021676967
8,1369786.9582667248
9,1369786.9582667248
10,1242753.3920268768
11,1214068.4604238744
12,1073373.2518504155
13,1073373.2518504155
14,1048436.0086594301
15,985863.2198972843
16,967027.5624653212
17,946772.2301531826
18,920213.9696185713
19,891485.2588167457
20,882965.292151417
21,828738.9185888969
22,809318.7941910907
23,772517.4832563922
24,772517.4832563922
25,758996.3817222074
26,754631.3306599759
27,754631.3306599759
28,727189.949876429
29,727189.949876429
30,724520.410157654
31,724520.410157654
32,718014.1049474218
33,714014.0600604432
34,712851.3749164841
35,705954.2968837919
36,701523.0313774878
37,696456.7495643459
38,696162.2595337968
39,692101.0834823293
40,686140.6811120244
41,686140.6811120244
42,685793.2725235041
43,683831.2476552285
44,679473.6476469305
45,679473.6476469305
46,679473.6476469305
47,678329.0378414342
48,677495.8842776401
49,677463.6097306254
50,677342.3426109988
51,677142.8173922402
52,677142.8173922402
53,677142.8173922402
54,677142.8173922402
55,677019.7553891564
56,677019.7553891564
57,677019.7553891564
58,677019.7553891564
59,677019.7553891564
