,0
0,3275092.544076567
1,3215390.7641777406
2,3208537.8423686232
3,2889756.346950653
4,2889756.346950653
5,2862757.2463855185
6,2787699.4313782817
7,2787699.4313782817
8,2724548.9060707814
9,2666321.889831683
10,2648962.4202397116
11,2620226.837112453
12,2612507.2628130093
13,2523261.790150184
14,2523261.790150184
15,2500627.0220585885
16,2453470.3167964397
17,2433887.90936756
18,2396437.9276667624
19,2381757.5228640037
20,2341574.2747735833
21,2320168.127064879
22,2297972.3933617603
23,2288360.3606667314
24,2278794.491657787
25,2231368.3285988146
26,2214898.348798617
27,2214898.348798617
28,2186431.1468235822
29,2176104.552337003
30,2161166.548132786
31,2161166.548132786
32,2161166.548132786
33,2153204.7754080747
34,2149618.0657915412
35,2147862.2205518796
36,2136781.3694096147
37,2132469.475760742
38,2125166.938324188
39,2112690.0364921778
40,2112690.0364921778
41,2108955.27174302
42,2108955.27174302
43,2108955.27174302
44,2092953.2601322948
45,2092953.2601322948
46,2089521.215706454
47,2089521.215706454
48,2089521.215706454
49,2088657.5161350612
50,2084511.7437741088
51,2084511.7437741088
52,2079811.6961863905
53,2079811.6961863905
54,2077834.8362643658
55,2075786.0697617256
56,2075786.0697617256
57,2075786.0697617256
58,2074987.134189437
59,2074987.134189437
60,2072958.750797973
61,2072958.750797973
62,2072958.750797973
63,2072958.750797973
64,2071862.2297170565
65,2071862.2297170565
66,2070056.5568434035
67,2070056.5568434035
68,2070056.5568434035
69,2070056.5568434035
70,2070056.5568434035
