,0
0,2941799.959007488
1,2838808.8777488773
2,2670101.8921858706
3,2476010.910523791
4,2292678.8477403163
5,2213858.397472227
6,2036533.009378045
7,2036533.009378045
8,2036533.009378045
9,1979167.0728257517
10,1853056.093667883
11,1820222.992923407
12,1743656.198408079
13,1587112.8119923738
14,1517552.484875927
15,1479370.8810967
16,1410898.2018596993
17,1410898.2018596993
18,1311978.0591233429
19,1311978.0591233429
20,1262257.9836276898
21,1210450.0351293152
22,1210450.0351293152
23,1177287.2865292716
24,1177190.4729825708
25,1154600.3038534457
26,1154600.3038534457
27,1131306.199602341
28,1131306.199602341
29,1123507.7550585142
30,1112706.4605108676
31,1103585.7482038164
32,1100965.4197259492
33,1090641.194148755
34,1084477.4060082594
35,1083692.585912706
36,1067095.033606925
37,1067095.033606925
38,1067095.033606925
39,1067095.033606925
40,1067095.033606925
41,1060329.810935132
42,1055709.5843727828
43,1055709.5843727828
44,1054853.5425502337
45,1053271.0930013845
46,1053222.678358213
47,1053222.678358213
48,1053222.678358213
49,1053214.6477764233
50,1053214.6477764233
51,1053214.6477764233
52,1053214.6477764233
53,1053214.6477764233
