,0
0,2122995.6519917296
1,1982978.129353469
2,1865326.1119958018
3,1865326.1119958018
4,1793200.7785577746
5,1698688.8308071685
6,1689182.9105394986
7,1620134.0093144502
8,1541114.9079135638
9,1390323.439520348
10,1390323.439520348
11,1310016.6170705133
12,1271221.4118756258
13,1162097.5847314263
14,1162097.5847314263
15,1120785.880598903
16,1058638.9095346755
17,1058638.9095346755
18,949265.5657149255
19,949265.5657149255
20,949265.5657149255
21,903599.7508343316
22,903599.7508343316
23,877938.1367324259
24,789660.7537207408
25,789660.7537207408
26,789660.7537207408
27,789660.7537207408
28,781754.338509225
29,767363.5039532406
30,762904.4582459447
31,757328.8441435237
32,757328.8441435237
33,738294.0866588122
34,738294.0866588122
35,738294.0866588122
36,735194.9992672402
37,732965.5547185956
38,726418.4968362188
39,723651.3429538957
40,721084.8503799947
41,719777.7258776827
42,716522.2765578636
43,714077.0598343787
44,714077.0598343787
45,710444.825482154
46,710444.825482154
47,708815.5731373238
48,706258.6188684584
49,706258.6188684584
50,706258.6188684584
51,702634.103404639
52,702634.103404639
53,702634.103404639
54,702634.103404639
55,702634.103404639
