,0
0,2034285.1385636088
1,1912610.1439547255
2,1723140.432886549
3,1723140.432886549
4,1723140.432886549
5,1607723.3461282167
6,1579906.38175169
7,1525159.8973485134
8,1423860.9304037902
9,1423860.9304037902
10,1322323.6551020385
11,1312374.0753559603
12,1230570.3777453497
13,1214887.7666214616
14,1084943.6925909047
15,1076818.7727473665
16,947377.215973739
17,947377.215973739
18,947377.215973739
19,891256.4690263715
20,891256.4690263715
21,891256.4690263715
22,888289.9058705774
23,851605.5274846405
24,829567.4110666659
25,796207.8734052659
26,782604.0184725354
27,768791.1339811967
28,768791.1339811967
29,768791.1339811967
30,762025.6934879721
31,756290.5131978302
32,753690.8078173014
33,750169.381864869
34,736289.3193042224
35,735954.4903023615
36,719119.7244419731
37,719119.7244419731
38,716766.474956583
39,716766.474956583
40,715581.4965285275
41,708079.482205009
42,705342.8632627699
43,703469.3462619311
44,703469.3462619311
45,703469.3462619311
46,701536.184877551
47,697497.075332063
48,697497.075332063
49,696787.9810998052
50,696787.9810998052
51,696787.9810998052
52,696787.9810998052
53,696787.9810998052
