,0
0,3310692.640889982
1,3277780.3744663335
2,3204927.5018754248
3,2886429.280786799
4,2739058.0246110866
5,2739058.0246110866
6,2739058.0246110866
7,2739058.0246110866
8,2686020.979537095
9,2646589.7574655465
10,2592306.595645785
11,2592306.595645785
12,2592306.595645785
13,2577336.466180123
14,2533311.3086929102
15,2501590.4623486768
16,2439596.172505047
17,2433862.238894006
18,2415531.120705353
19,2407898.6082941466
20,2365830.503475907
21,2348922.3625177206
22,2334342.138778232
23,2307526.9498467757
24,2307526.9498467757
25,2282785.263739211
26,2275361.567837351
27,2275361.567837351
28,2261916.336133033
29,2244992.881386869
30,2226796.1165272677
31,2222332.489501182
32,2203307.951212692
33,2181594.5291353306
34,2181594.5291353306
35,2170442.3193380935
36,2156733.845360748
37,2149482.2823212827
38,2131855.0728667034
39,2122939.383724078
40,2113270.6039166595
41,2099899.762202886
42,2089975.6581206059
43,2080983.3926107585
44,2068537.6290380198
45,2068537.6290380198
46,2068370.7861884774
47,2066301.4815052152
48,2060083.2624707776
49,2060083.2624707776
50,2060083.2624707776
51,2055785.7633524886
52,2054596.526983514
53,2054368.1510126982
54,2053579.9690973575
55,2053008.7598980095
56,2052284.4424720074
57,2050275.1033726428
58,2050275.1033726428
59,2050123.820777668
60,2049236.038131978
61,2048708.937907375
62,2048199.0321179666
63,2047227.461078246
64,2047081.795455215
65,2046377.9757529653
66,2046232.3101299347
67,2046232.3101299347
68,2046232.3101299347
69,2046232.3101299347
70,2046232.3101299347
