,0
0,3316385.277487722
1,3316385.277487722
2,3178060.935746049
3,3159855.3605646947
4,3144793.259313898
5,3025046.918126603
6,2914529.6236472577
7,2914529.6236472577
8,2799353.9456435745
9,2735470.9489422855
10,2735470.9489422855
11,2655619.7280520876
12,2599383.214508836
13,2571464.440449202
14,2571464.440449202
15,2537350.1260665087
16,2537350.1260665087
17,2516623.1387288654
18,2437513.1542915967
19,2437513.1542915967
20,2414838.3613578314
21,2414838.3613578314
22,2353728.3347881613
23,2349045.5968527426
24,2314006.8485653135
25,2311725.228054953
26,2300014.897525358
27,2277544.6869600574
28,2251285.1751662996
29,2251285.1751662996
30,2237862.942878018
31,2226001.855818035
32,2226001.855818035
33,2207540.223500479
34,2205658.259950623
35,2195872.1877915272
36,2177203.676930987
37,2169170.8574176757
38,2166813.44698306
39,2150134.8912230814
40,2138827.6806711713
41,2138827.6806711713
42,2122969.179031836
43,2114657.731944434
44,2107680.4926821976
45,2107680.4926821976
46,2107680.4926821976
47,2107680.4926821976
48,2098377.559522718
49,2092920.9484104752
50,2090674.3751617873
51,2090047.2127155112
52,2077705.4172605504
53,2077705.4172605504
54,2077705.4172605504
55,2077705.4172605504
56,2077705.4172605504
57,2075588.2142422912
58,2075588.2142422912
59,2073978.3950863183
60,2073978.3950863183
61,2073978.3950863183
62,2073978.3950863183
63,2073978.3950863183
