,0
0,3040376.90315104
1,3040376.90315104
2,2984596.893709676
3,2974801.337418077
4,2808914.5325098163
5,2797174.7064441442
6,2732508.1090057823
7,2672767.24721817
8,2584358.3300050898
9,2584358.3300050898
10,2584358.3300050898
11,2555882.679455543
12,2472663.002247351
13,2462316.530567774
14,2454165.044123551
15,2420512.7357993675
16,2393747.6913507464
17,2393747.6913507464
18,2377543.7043931596
19,2336208.2848658226
20,2301571.7269810266
21,2265842.323182606
22,2259006.7841434698
23,2235556.1879559355
24,2211944.8143151263
25,2202281.333056089
26,2175216.6224421114
27,2153527.7358983615
28,2134984.290046228
29,2132925.006305201
30,2101461.219860631
31,2101461.219860631
32,2087958.6941703656
33,2085755.6121609695
34,2065688.9182386724
35,2054616.4089726626
36,2016628.1233972693
37,2016628.1233972693
38,2016628.1233972693
39,2010900.759461192
40,2004092.9182120867
41,1986973.1828264995
42,1986973.1828264995
43,1974581.7538481269
44,1967710.194564169
45,1967710.194564169
46,1963431.6547451653
47,1963431.6547451653
48,1959295.965505495
49,1948417.0257366127
50,1948417.0257366127
51,1943816.069436664
52,1943025.0863891053
53,1941127.0633370078
54,1941127.0633370078
55,1941127.0633370078
56,1937313.7679379
57,1934201.6462397997
58,1931901.903671476
59,1931901.903671476
60,1931459.277209982
61,1930004.8397152254
62,1929141.7757376644
63,1928939.1387147368
64,1928481.1647311973
65,1928481.1647311973
66,1927914.9364094883
67,1924454.5186948844
68,1924454.5186948844
69,1924454.5186948844
70,1924454.5186948844
71,1921399.0203229934
72,1921399.0203229934
73,1921399.0203229934
74,1921399.0203229934
75,1921007.977105751
76,1921007.977105751
77,1920771.08365135
78,1920771.08365135
79,1920771.08365135
80,1920771.08365135
81,1920771.08365135
