,0
0,2068854.0758514856
1,1945510.8794988228
2,1923594.0680484497
3,1893930.7260178246
4,1710063.4578430012
5,1622999.914103648
6,1457550.6299383738
7,1457550.6299383738
8,1337222.2376674921
9,1312957.8519870203
10,1253392.9002573132
11,1229049.490041682
12,1152892.0455473294
13,1117597.2649224692
14,1090834.359081185
15,1028204.4779769164
16,1009100.3139397667
17,970729.0436242449
18,912485.8728760722
19,910470.7241718493
20,890073.5333898925
21,875383.4512541938
22,827327.737289528
23,827327.737289528
24,826400.7456798635
25,806930.8195199297
26,797921.9244430093
27,778997.0657101435
28,773765.5299232766
29,767613.1485467204
30,742434.6917425693
31,742434.6917425693
32,742434.6917425693
33,740135.256249353
34,736091.9619087982
35,736091.9619087982
36,726216.5942143741
37,725118.8156474446
38,722276.0741670887
39,716656.2207591262
40,716656.2207591262
41,714409.8776816166
42,711105.5420245158
43,709907.0842182249
44,708136.2616368417
45,708136.2616368417
46,708115.60988633
47,706759.8875318534
48,706471.4261572593
49,706093.9846398032
50,706093.9846398032
51,706093.9846398032
52,706093.9846398032
53,706093.9846398032
