,0
0,2763243.1601801645
1,2763243.1601801645
2,2532622.5421605604
3,2426924.167584458
4,2292051.204050339
5,2133546.706852339
6,2133546.706852339
7,1995052.3794496483
8,1987669.68851546
9,1821187.4481782902
10,1747067.7086573082
11,1725848.0301886597
12,1640237.7549318224
13,1630913.1893413581
14,1470870.5125005087
15,1450839.214605949
16,1449210.5196722476
17,1370518.7901916702
18,1260438.8658396148
19,1241448.12962488
20,1189020.38722013
21,1163776.1747620364
22,1147752.958408801
23,1112853.588072458
24,1112853.588072458
25,1059030.4105745545
26,1048005.3751054496
27,1024835.4025320116
28,995573.3164007345
29,995573.3164007345
30,992151.9713232936
31,977687.0347118527
32,960874.8660759715
33,954252.5576940621
34,944797.0576624484
35,940073.6182038441
36,930807.4642896497
37,928334.8877205307
38,926634.7780642508
39,921963.8211123594
40,909968.5283401163
41,907617.2439505006
42,905719.9002417434
43,905424.7653975589
44,905424.7653975589
45,905424.7653975589
46,903699.3253449883
47,902702.9699521443
48,902702.9699521443
49,899287.3049147942
50,899067.2575975838
51,898303.7095427443
52,898303.7095427443
53,898294.4737150604
54,898294.4737150604
55,898294.4737150604
56,898294.4737150604
57,898294.4737150604
