,0
0,2583529.7152538956
1,2566375.9013072187
2,2566375.9013072187
3,2463049.3281078255
4,2355508.825716759
5,2316702.2487974544
6,2279582.154545134
7,2139763.367374319
8,1875398.9164635811
9,1875398.9164635811
10,1817930.078692358
11,1740427.3783219543
12,1603700.0316447578
13,1603700.0316447578
14,1533347.9720821013
15,1508990.0240951849
16,1508990.0240951849
17,1398654.2217081436
18,1372436.76210596
19,1310006.6364510173
20,1310006.6364510173
21,1230071.8946557413
22,1230071.8946557413
23,1190967.0431114687
24,1165615.9540179055
25,1139494.335364942
26,1135483.3837653752
27,1119885.4448314114
28,1119885.4448314114
29,1102376.8216831498
30,1102376.8216831498
31,1101499.9843332327
32,1093979.4947960908
33,1090551.1086456194
34,1083132.297193907
35,1077723.0723406747
36,1067996.617418392
37,1067996.617418392
38,1067996.617418392
39,1067525.008964879
40,1061405.1664565254
41,1061405.1664565254
42,1058283.8731012514
43,1056457.359234411
44,1054716.7859438905
45,1052355.3498001883
46,1051672.750799989
47,1051672.750799989
48,1049842.363408265
49,1048667.810714589
50,1046684.8490460214
51,1046684.8490460214
52,1046684.8490460214
53,1046684.8490460214
54,1045985.2084692376
55,1045926.8172347605
56,1045926.8172347605
57,1045926.8172347605
58,1045926.8172347605
59,1045926.8172347605
