,0
0,3425177.2192937853
1,3337622.777249531
2,3200020.0546530294
3,3114846.575072345
4,3016199.9685212714
5,2889982.19128009
6,2870525.2460284363
7,2794247.758721334
8,2788158.1522334465
9,2772365.0044097896
10,2690997.148766367
11,2657418.4757696013
12,2624139.3059146446
13,2579035.167174315
14,2570607.6118461797
15,2455019.853661618
16,2455019.853661618
17,2439069.8342081825
18,2400506.8893092
19,2395741.334960492
20,2390592.759282868
21,2353956.5108653028
22,2353956.5108653028
23,2328878.0397988195
24,2303918.9928162764
25,2267768.087663035
26,2267768.087663035
27,2251387.0597516685
28,2217019.9892189396
29,2217019.9892189396
30,2196883.195321222
31,2196883.195321222
32,2180260.0283982614
33,2171140.13569934
34,2168517.54775653
35,2139944.571897205
36,2139944.571897205
37,2120770.8779223757
38,2120770.8779223757
39,2120770.8779223757
40,2118462.0619536377
41,2109719.6640492463
42,2101093.71165122
43,2101093.71165122
44,2101093.71165122
45,2094363.0884864489
46,2093712.896105834
47,2082617.6254474001
48,2082617.6254474001
49,2082617.6254474001
50,2082617.6254474001
51,2081927.6225896298
52,2081927.6225896298
53,2078746.4665769248
54,2077701.0659227076
55,2075024.5317840127
56,2075024.5317840127
57,2070164.362356663
58,2070164.362356663
59,2070164.362356663
60,2069986.7212665214
61,2069986.7212665214
62,2069462.6070700095
63,2069462.6070700095
64,2049293.2378139126
65,2049293.2378139126
66,2049293.2378139126
67,2049293.2378139126
68,2049220.8554421256
69,2047722.0340381444
70,2047722.0340381444
71,2047722.0340381444
72,2047722.0340381444
73,2047722.0340381444
