,0
0,2723156.0080845263
1,2686026.4102359787
2,2475458.7757442966
3,2363706.248964677
4,2210116.5786715695
5,2113444.9589224225
6,1973159.6153728818
7,1896497.2708205944
8,1717340.1425123825
9,1717340.1425123825
10,1691704.5049424956
11,1487207.9194327919
12,1487207.9194327919
13,1471241.9489765277
14,1425429.3038188156
15,1307581.7095879652
16,1297711.5752014222
17,1236330.7723993897
18,1194067.3578372246
19,1173049.4799865019
20,1141399.044681505
21,1119927.5190855418
22,1112838.9513561903
23,1074968.5354142392
24,1061408.297983615
25,1056577.0951066532
26,1034067.5433739102
27,1012362.2904026737
28,1011224.0073064147
29,992858.6477012623
30,992858.6477012623
31,980636.0000264372
32,980636.0000264372
33,979552.1432841506
34,978933.5708811653
35,974815.1717106793
36,973916.7181243205
37,968078.6949663004
38,968078.6949663004
39,965132.2802073085
40,964836.9630419747
41,960975.0467728656
42,960975.0467728656
43,960965.8109451816
44,960911.7042046748
45,960437.1821329715
46,960427.9463052875
47,960427.9463052875
48,960427.9463052875
49,960427.9463052875
50,960427.9463052875
