,0
0,2954405.079097242
1,2874694.3159825164
2,2637039.979972915
3,2619818.707110135
4,2467968.0542821507
5,2457882.9501152695
6,2374057.4222063962
7,2319545.555190006
8,2169244.7556926734
9,2135211.7991473507
10,2029614.5341918727
11,1997400.8940947333
12,1936309.6340801397
13,1907770.8827513033
14,1872356.187811658
15,1837792.4877543726
16,1759881.1183972608
17,1642691.897485205
18,1613177.1782014929
19,1577718.1405724816
20,1543335.909435606
21,1518293.0606535755
22,1491892.6144424053
23,1472558.7105804002
24,1453063.714661102
25,1357699.870797145
26,1346210.5175521087
27,1346210.5175521087
28,1336393.8455026005
29,1336393.8455026005
30,1291562.6112778613
31,1286585.2661238657
32,1265315.9870110883
33,1248071.309321949
34,1246993.2444152378
35,1223001.528113206
36,1223001.528113206
37,1218817.7831918218
38,1196787.6378941038
39,1195621.9904024869
40,1194052.3059707556
41,1189297.3804191619
42,1186758.266299925
43,1186758.266299925
44,1186758.266299925
45,1185592.618808308
46,1185412.6413902782
47,1183125.1673234962
48,1183125.1673234962
49,1183125.1673234962
50,1183125.1673234962
51,1183125.1673234962
