,0
0,2885187.68483854
1,2723234.242618789
2,2676094.910682993
3,2513941.923696662
4,2414028.1676925686
5,2248836.396794265
6,2248836.396794265
7,2207626.544938981
8,2124973.416599566
9,1950961.6691460295
10,1937356.6576322373
11,1937356.6576322373
12,1892912.099760641
13,1831557.0404256599
14,1800423.7226242628
15,1772843.19361054
16,1652822.9322185842
17,1627625.8158560458
18,1616672.6709999258
19,1616425.501260643
20,1549910.1422253116
21,1549910.1422253116
22,1522484.2355677874
23,1501418.5493668723
24,1459728.78229861
25,1438353.286829166
26,1429957.0593717033
27,1358175.681469022
28,1345241.1773620867
29,1345241.1773620867
30,1327388.2794818396
31,1324607.84993849
32,1324607.84993849
33,1300397.118719364
34,1293983.610933321
35,1277478.6530856416
36,1268030.322407357
37,1259059.011237708
38,1259059.011237708
39,1247518.5968142687
40,1244535.0874548755
41,1244535.0874548755
42,1234191.7134829247
43,1229926.672225658
44,1229926.672225658
45,1228200.2471596678
46,1224278.8713741212
47,1224246.190518921
48,1222495.5282401524
49,1222495.5282401524
50,1221329.8807485353
51,1221329.8807485353
52,1221329.8807485353
53,1221329.8807485353
54,1221329.8807485353
