,0
0,2599082.9702078574
1,2599082.9702078574
2,2552939.035606652
3,2552939.035606652
4,2405402.109943928
5,2319729.5736822225
6,2262690.491454869
7,2073810.7213590047
8,2067124.1249943234
9,2067124.1249943234
10,1873923.5071561437
11,1873923.5071561437
12,1853657.0360520626
13,1827799.7488907995
14,1725935.91538653
15,1725935.91538653
16,1661062.736792062
17,1604549.1262967102
18,1604549.1262967102
19,1565805.6834369327
20,1551703.5660114558
21,1500775.7114271403
22,1445683.6869557719
23,1445683.6869557719
24,1381791.4784970605
25,1381791.4784970605
26,1375593.0207326766
27,1340258.9567505072
28,1299439.139704332
29,1280235.070430926
30,1265807.5908318262
31,1232064.0839096194
32,1232064.0839096194
33,1201039.9380919975
34,1201039.9380919975
35,1201039.9380919975
36,1174662.0600655687
37,1166030.0891739961
38,1166030.0891739961
39,1147590.0797016893
40,1147590.0797016893
41,1142848.539980498
42,1142848.539980498
43,1136826.8555666865
44,1131884.360507943
45,1131884.360507943
46,1123962.3018892526
47,1123962.3018892526
48,1121971.8422863379
49,1115964.6654096234
50,1113677.1913428414
51,1113677.1913428414
52,1112511.5438512242
53,1112511.5438512242
54,1112511.5438512242
55,1112511.5438512242
56,1112511.5438512242
