,0
0,2759907.2718692343
1,2715729.640435744
2,2514275.576337993
3,2477770.2175302324
4,2296823.745724412
5,2180402.803985787
6,1942663.6197073525
7,1847530.5733935344
8,1847530.5733935344
9,1847530.5733935344
10,1758881.1491292438
11,1753209.8299226966
12,1607047.7530995996
13,1489627.7930709913
14,1489627.7930709913
15,1489627.7930709913
16,1427678.7322734953
17,1417394.1822802136
18,1376669.1850799574
19,1272310.4738657624
20,1272310.4738657624
21,1218777.9034108405
22,1161789.2556845455
23,1157836.8288341335
24,1114097.2411110261
25,1077045.3702108166
26,1077045.3702108166
27,1071662.4496305948
28,1057463.7093701402
29,1016722.679926537
30,994814.3078193924
31,994814.3078193924
32,994814.3078193924
33,993466.529525578
34,977036.3889568951
35,970596.1340230755
36,962652.3587491935
37,955202.3694919782
38,953411.9743330203
39,945594.2915033262
40,941265.3751707546
41,939786.7140450295
42,938976.8835667156
43,938014.0447125667
44,935449.2225099731
45,931029.5672089808
46,930552.5421366858
47,928469.1935134638
48,926751.1129295185
49,925133.1946584914
50,925133.1946584914
51,923635.1613917566
52,922197.1529007495
53,922197.1529007495
54,922197.1529007495
55,922197.1529007495
56,922197.1529007495
