,0
0,2843747.363330702
1,2612834.1558341198
2,2612834.1558341198
3,2379503.3272372223
4,2309272.387808779
5,2309272.387808779
6,2258167.365681294
7,2214377.5625703987
8,2181089.2133586304
9,1890129.5012788633
10,1890129.5012788633
11,1890129.5012788633
12,1844305.3506774064
13,1813591.0211823469
14,1813591.0211823469
15,1813591.0211823469
16,1750301.5314746564
17,1698307.6645557354
18,1698307.6645557354
19,1679070.5435013957
20,1628440.8749999222
21,1592269.5484862186
22,1565132.5527837966
23,1565132.5527837966
24,1565132.5527837966
25,1524130.3046395313
26,1490412.0123092174
27,1489837.0011377481
28,1482197.8388968864
29,1468016.2873316652
30,1420019.936785711
31,1411459.2247974172
32,1400849.1960078601
33,1393298.229887125
34,1370758.6743958972
35,1364153.5351426518
36,1343098.6481432375
37,1338254.8166491655
38,1331955.0633032958
39,1320575.271785499
40,1315863.2923410684
41,1312630.9582077307
42,1306784.8253716887
43,1297910.2193313492
44,1295622.7452645672
45,1288238.1100110423
46,1284817.6693078435
47,1281216.8883229815
48,1281216.8883229815
49,1281216.8883229815
50,1279590.7678990692
51,1279590.7678990692
52,1279590.7678990692
53,1279590.7678990692
54,1279590.7678990692
