,0
0,2744640.086860222
1,2713305.552973084
2,2663285.7714730273
3,2559114.845884227
4,2428153.2711366625
5,2258997.3816834134
6,2194801.9470851985
7,2016505.1389969052
8,2016505.1389969052
9,1856595.6553115186
10,1783194.7829792995
11,1627576.1124722036
12,1627576.1124722036
13,1619974.6573949226
14,1549290.0579319089
15,1397356.4030434394
16,1397356.4030434394
17,1336483.178085544
18,1336483.178085544
19,1275703.511185747
20,1224247.2430786162
21,1171726.1100292143
22,1171726.1100292143
23,1151617.6543278517
24,1151617.6543278517
25,1148266.740962052
26,1127592.1608508867
27,1101759.3367845363
28,1101759.3367845363
29,1101759.3367845363
30,1086280.2867898662
31,1084192.928732134
32,1078304.7393162507
33,1066075.1881268772
34,1066075.1881268772
35,1065041.0834862778
36,1057794.9583590366
37,1050195.099376667
38,1042043.4217156038
39,1039233.865990681
40,1037752.8052360817
41,1034415.236444794
42,1034415.236444794
43,1034339.2465217357
44,1031797.0396025499
45,1028839.9792997079
46,1028839.9792997079
47,1028839.9792997079
48,1028839.9792997079
49,1028839.9792997079
