,0
0,2967034.1339571737
1,2747541.6502357735
2,2747541.6502357735
3,2599541.2254735804
4,2395108.4937695633
5,2248444.675584574
6,2203356.542668727
7,2098029.5170342117
8,2041266.7324829083
9,1903637.3566978415
10,1777947.6354337025
11,1748528.9475322962
12,1694837.0650309601
13,1501883.455036937
14,1501883.455036937
15,1431192.4386674461
16,1431192.4386674461
17,1314636.047262265
18,1314636.047262265
19,1292829.9797881204
20,1227340.4119312535
21,1227340.4119312535
22,1206202.280775511
23,1162816.694870342
24,1162816.694870342
25,1158474.3220808203
26,1141151.0081560635
27,1125100.560137993
28,1122439.5652999214
29,1112963.9056703232
30,1103194.7753608557
31,1092203.728190309
32,1092203.728190309
33,1085189.9086458401
34,1078273.6440905072
35,1075479.4758525202
36,1065011.3114735058
37,1060857.019740844
38,1059714.4691289589
39,1053643.4155418351
40,1053643.4155418351
41,1049272.9350085196
42,1049272.9350085196
43,1049272.9350085196
44,1049272.9350085196
45,1047807.2906277137
46,1046950.5381121399
47,1046644.6626373796
48,1046644.6626373796
49,1046644.6626373796
50,1046644.6626373796
51,1046644.6626373796
