,0
0,2085756.3518858815
1,2000197.764908194
2,1801540.4612378723
3,1673345.1410732942
4,1649564.960572961
5,1637953.0891441905
6,1504456.9503219966
7,1422427.0331125073
8,1386755.0020062379
9,1358185.8624339893
10,1238853.2852101284
11,1238853.2852101284
12,1184404.3387782038
13,1091101.2019510418
14,1091101.2019510418
15,1004888.1659094521
16,986082.3313327775
17,977226.1270421338
18,916775.8130930931
19,916775.8130930931
20,848790.2646553398
21,848790.2646553398
22,848790.2646553398
23,831091.1054819289
24,797505.8979595535
25,774816.6851984933
26,774816.6851984933
27,762030.955214262
28,758725.6277998354
29,758225.5833644343
30,755255.1577380503
31,740560.1969223574
32,726610.4707694695
33,722528.4814100711
34,722528.4814100711
35,718427.3750510721
36,710320.669240557
37,695124.040881635
38,695124.040881635
39,693549.0010369265
40,693549.0010369265
41,690206.3381793329
42,682909.775780494
43,682909.775780494
44,679366.642150581
45,677857.5785362532
46,676483.2779566876
47,675683.9952512704
48,674533.3852769063
49,671583.9768977304
50,670436.9791042634
51,670436.9791042634
52,669174.6464801524
53,669174.6464801524
54,669009.0799515081
55,669009.0799515081
56,669009.0799515081
57,669009.0799515081
58,669009.0799515081
