,0
0,2814367.76739422
1,2610879.0800917144
2,2591565.1896167225
3,2376152.024731851
4,2376152.024731851
5,2370344.9652833375
6,2204364.4920956367
7,2204364.4920956367
8,2176437.751932617
9,2086141.6956240495
10,2009056.7900520558
11,1927270.922136257
12,1882592.7623317805
13,1840725.8559593128
14,1840725.8559593128
15,1797584.4977917185
16,1712902.1257834788
17,1712902.1257834788
18,1671484.849944861
19,1641705.711216781
20,1614170.7919472365
21,1589336.098227894
22,1565321.1767454715
23,1553247.2632654875
24,1531476.4899426992
25,1505394.4225194692
26,1459401.1603792445
27,1447807.7781545455
28,1430927.0091031226
29,1390683.5955301549
30,1376706.179006114
31,1372564.6585328095
32,1358033.2191596385
33,1350783.9370282074
34,1322523.5453452074
35,1311978.9085479875
36,1286011.2281579643
37,1286011.2281579643
38,1282372.7328570427
39,1272733.7726112495
40,1258805.3700764328
41,1251424.2158162086
42,1249450.6585929808
43,1248322.6712527913
44,1244322.9320855679
45,1244322.9320855679
46,1243318.717834654
47,1238251.0176493924
48,1238251.0176493924
49,1238251.0176493924
50,1238251.0176493924
51,1238251.0176493924
