,0
0,2708122.1076481347
1,2514895.837152387
2,2339620.05871837
3,2339620.05871837
4,2154313.8007039647
5,2154313.8007039647
6,1923125.5726987047
7,1923125.5726987047
8,1876482.3780995095
9,1699944.3941656875
10,1628853.9468790009
11,1614292.3306362224
12,1550450.5512675531
13,1515499.6577754135
14,1400744.1453746588
15,1351754.9292820515
16,1286386.7538614557
17,1252514.1150220665
18,1225611.65142885
19,1150706.960533542
20,1113746.9485236425
21,1100175.242421953
22,1078707.8305437258
23,999734.1000716169
24,999734.1000716169
25,999734.1000716169
26,985646.8602491715
27,965828.2929962676
28,953706.8366018361
29,953706.8366018361
30,953226.0930261922
31,947218.7619044867
32,945771.4277990013
33,933717.1984454866
34,925899.0493975289
35,914457.3852312964
36,914457.3852312964
37,908930.4027686944
38,905324.788627555
39,905324.788627555
40,905324.788627555
41,904783.5900956591
42,901345.731736486
43,900416.223744809
44,897553.3033167206
45,897425.1826228666
46,896887.3179829725
47,896887.3179829725
48,896342.9826542222
49,895250.9324069364
50,895029.9098918046
51,894492.0452519105
52,893960.9232609518
53,893960.9232609518
54,893960.9232609518
55,893960.9232609518
56,893960.9232609518
