,0
0,3278823.1211271686
1,3273394.1892162724
2,3100994.426334452
3,3100994.426334452
4,2882360.106174419
5,2842909.193159367
6,2842909.193159367
7,2771175.261784968
8,2639533.6749636643
9,2639533.6749636643
10,2639533.6749636643
11,2602232.93596953
12,2588115.360357003
13,2559363.7971570026
14,2519729.366895175
15,2485862.6999669434
16,2442601.812882853
17,2424246.3057908444
18,2413420.712129737
19,2333951.124188513
20,2275066.9911087537
21,2275066.9911087537
22,2275066.9911087537
23,2275066.9911087537
24,2275066.9911087537
25,2233171.791433825
26,2210815.603378179
27,2210815.603378179
28,2204849.4654096775
29,2182353.3362670876
30,2167087.065085708
31,2145721.973920383
32,2143034.533402447
33,2143034.533402447
34,2119138.149003577
35,2098637.4820127725
36,2098637.4820127725
37,2095423.7961837016
38,2061920.6166680052
39,2061920.6166680052
40,2043954.0898783652
41,2037990.6835239572
42,2036425.3428803838
43,2028899.341195301
44,2022307.682513425
45,2016536.9734685363
46,2011309.1989976324
47,2006781.9101934577
48,1995328.3951888331
49,1972779.1618316586
50,1972779.1618316586
51,1972779.1618316586
52,1972779.1618316586
53,1972779.1618316586
