,0
0,1894641.0408132551
1,1868773.745194345
2,1809567.0535442897
3,1751055.712739819
4,1687208.995403006
5,1613200.2257211362
6,1489331.2885937253
7,1436043.1127865836
8,1386748.553325299
9,1282661.5278899258
10,1242850.5288601005
11,1178318.2671930396
12,1178318.2671930396
13,1130404.2133994647
14,1098742.5474482067
15,1052099.867069284
16,1035723.25284829
17,1000075.7630901654
18,929549.0498597035
19,929549.0498597035
20,822376.820518628
21,822376.820518628
22,822376.820518628
23,822376.820518628
24,822376.820518628
25,803263.1094807214
26,791741.3528428543
27,777928.8020598077
28,767416.0582475116
29,754870.3213514162
30,744286.616052554
31,736671.938678791
32,736671.938678791
33,731717.498445057
34,727490.5886818744
35,727490.5886818744
36,723843.8630472455
37,722490.0979060847
38,718138.7893963531
39,717785.7748459992
40,715296.4687835963
41,714632.7286729811
42,712324.0679370293
43,711714.3957991481
44,710068.6323005673
45,710068.6323005673
46,710068.6323005673
47,709579.2093533691
48,709579.2093533691
49,709579.2093533691
50,709579.2093533691
51,709413.6428247248
52,709413.6428247248
53,709413.6428247248
54,709413.6428247248
55,709413.6428247248
