,0
0,2733905.079158325
1,2733905.079158325
2,2733905.079158325
3,2689739.614931045
4,2529473.152102011
5,2425030.6046612826
6,2361406.829996215
7,2144276.2711302745
8,2144276.2711302745
9,2138082.499131368
10,2003524.846396951
11,1947807.3329527914
12,1831716.6899138442
13,1705419.86862459
14,1693844.4355191712
15,1515829.4097960705
16,1515829.4097960705
17,1515829.4097960705
18,1461014.4790378406
19,1454572.9783073573
20,1421871.828886456
21,1359782.1540641466
22,1328303.019022716
23,1328303.019022716
24,1274803.4066559898
25,1263498.602858961
26,1261674.2916237193
27,1234961.5105514212
28,1186062.0015488002
29,1160455.441667624
30,1136579.643597055
31,1136579.643597055
32,1136317.5000768336
33,1128484.5264705867
34,1123362.8441567705
35,1118807.367008641
36,1109351.4306969217
37,1105699.0138749233
38,1099929.773707919
39,1099929.773707919
40,1099929.773707919
41,1096682.0986538301
42,1096682.0986538301
43,1093731.8112098638
44,1090414.6240561649
45,1088767.2976875422
46,1088767.2976875422
47,1086802.9362610646
48,1086802.9362610646
49,1085715.013311476
50,1085005.3961433864
51,1084898.5902657378
52,1084898.5902657378
53,1084898.5902657378
54,1084898.5902657378
55,1084898.5902657378
