,0
0,2994381.6429337966
1,2757534.2093774327
2,2673740.130977485
3,2579598.1704368787
4,2579598.1704368787
5,2465541.2574129053
6,2289566.370521184
7,2289566.370521184
8,1935582.9562265356
9,1935582.9562265356
10,1935582.9562265356
11,1892231.4419623336
12,1892231.4419623336
13,1686277.1296364784
14,1566598.45616249
15,1566598.45616249
16,1554043.0298202734
17,1505782.524321445
18,1383023.0103488003
19,1298075.8998949756
20,1298075.8998949756
21,1217596.0670983146
22,1217596.0670983146
23,1167771.4704850703
24,1151217.0509860516
25,1151217.0509860516
26,1148216.6495187173
27,1148216.6495187173
28,1124405.0067973896
29,1124376.3592395433
30,1115217.205891076
31,1105713.1410727256
32,1098541.970720616
33,1089956.391363832
34,1089956.391363832
35,1087525.0840098588
36,1082794.7367983658
37,1075690.017812564
38,1075690.017812564
39,1072780.3245086058
40,1072263.180641764
41,1070940.1516229827
42,1067435.4606181597
43,1065735.7241387991
44,1065735.7241387991
45,1063708.194008994
46,1062541.237313698
47,1062310.0668796832
48,1062310.0668796832
49,1062310.0668796832
50,1061346.5084864611
51,1061346.5084864611
52,1061346.5084864611
53,1061346.5084864611
54,1061346.5084864611
