,0
0,2753441.6734056664
1,2753441.6734056664
2,2476173.0085740816
3,2287897.781579761
4,2287897.781579761
5,2225167.4906426785
6,2159085.7635833984
7,2017619.8172194257
8,1980982.698659246
9,1915103.0624384491
10,1785056.8515497164
11,1694347.0572985087
12,1640420.4592354808
13,1552498.029752435
14,1516562.0277057716
15,1419674.1321499813
16,1355544.4717608213
17,1355544.4717608213
18,1209152.2165132014
19,1209152.2165132014
20,1132073.8174409522
21,1132073.8174409522
22,1132073.8174409522
23,1098569.3214078303
24,1073462.6293866883
25,1041027.5843631087
26,1041027.5843631087
27,1018928.0119156359
28,1002427.9182451118
29,1002427.9182451118
30,988548.2799214704
31,967498.7903842228
32,967498.7903842228
33,955484.6432418304
34,950920.8129216959
35,943417.5095163985
36,937113.1851184322
37,931639.7856135671
38,927460.2270235255
39,921045.9119580983
40,918695.7838336169
41,904076.5634275427
42,904076.5634275427
43,904076.5634275427
44,903702.6882569481
45,897109.2454833286
46,897109.2454833286
47,895289.9546211271
48,895289.9546211271
49,893521.6513321972
50,893047.1292604939
51,893047.1292604939
52,892240.8780138963
53,892240.8780138963
54,891894.476636047
55,891879.5013567321
56,891879.5013567321
57,891879.5013567321
58,891879.5013567321
59,891879.5013567321
