,0
0,2617622.607300355
1,2617622.607300355
2,2554993.1580906976
3,2523279.1611721315
4,2433252.2642835076
5,2246206.0620298595
6,2167573.446345673
7,2091564.2154344292
8,2045516.9262665787
9,1903128.9944235384
10,1818470.068281592
11,1779130.0588984203
12,1695829.5864882125
13,1613381.6585634565
14,1613381.6585634565
15,1449754.8585395387
16,1449754.8585395387
17,1383159.4202773713
18,1339246.090647172
19,1339246.090647172
20,1248700.0983420245
21,1248700.0983420245
22,1238443.4986730092
23,1207676.1013999355
24,1186781.9789007313
25,1171246.7886910972
26,1153932.661702482
27,1148287.502920533
28,1134397.347951136
29,1114644.5163423186
30,1114644.5163423186
31,1103498.2473869878
32,1100037.7327113436
33,1077916.6742788479
34,1077916.6742788479
35,1075408.6968572417
36,1074315.6704144545
37,1068687.080117443
38,1068687.080117443
39,1059928.5176804368
40,1057099.2502261596
41,1051459.4250390977
42,1051459.4250390977
43,1051459.4250390977
44,1050440.6801574067
45,1048629.9609067861
46,1046335.9529634668
47,1043716.9870284873
48,1042054.5832397225
49,1042054.5832397225
50,1041928.1740749488
51,1041197.830724149
52,1041197.830724149
53,1041197.830724149
54,1041197.830724149
55,1041197.830724149
