,0
0,2798792.3246419057
1,2617166.1281351554
2,2567290.9404486953
3,2255920.7373455674
4,2255920.7373455674
5,2129548.5097835935
6,2058252.9586772267
7,1843648.7970263443
8,1837910.6764390862
9,1786522.365436426
10,1726558.720988894
11,1548440.9003372905
12,1482473.3928069181
13,1482473.3928069181
14,1463418.6868903025
15,1336853.1559085748
16,1336853.1559085748
17,1288038.502383589
18,1288038.502383589
19,1188108.746311875
20,1161393.6016478282
21,1141944.3574486452
22,1131807.4466422237
23,1087480.0021006307
24,1073786.8196105997
25,1066374.7840221173
26,1014248.020336984
27,1014248.020336984
28,1011618.5143006884
29,1008981.9402912956
30,1003880.6565998704
31,1001524.5751075943
32,992041.3667294235
33,979814.6572863817
34,970365.9341941968
35,961332.5881349555
36,957578.4007409782
37,953246.3291244301
38,944818.835279597
39,943945.429216753
40,943945.429216753
41,943945.429216753
42,943310.0018557676
43,941115.8352229908
44,940224.1664742973
45,940224.1664742973
46,940182.8976595106
47,939547.4702985252
48,939419.3496046711
49,939419.3496046711
50,939419.3496046711
51,939419.3496046711
52,939419.3496046711
