,0
0,1971365.0373159382
1,1861355.3096647176
2,1679336.108851282
3,1679336.108851282
4,1679336.108851282
5,1515690.3976701787
6,1484472.023653213
7,1387439.4279657807
8,1221862.0584414778
9,1221862.0584414778
10,1221862.0584414778
11,1158482.1966141616
12,1158482.1966141616
13,1125702.1692978574
14,1078584.0494517253
15,1048649.037876749
16,938761.740013049
17,938761.740013049
18,935541.259080328
19,933563.1229906179
20,859406.2960076377
21,858977.0083310264
22,833822.6453249172
23,816788.5448996034
24,811367.0878815011
25,774803.4965506451
26,774803.4965506451
27,774803.4965506451
28,760898.6949155023
29,747180.8195325668
30,738394.1154150635
31,738394.1154150635
32,731314.8471767325
33,728300.1688763623
34,717592.5430629988
35,716906.7546675422
36,709757.046993837
37,708664.8069371898
38,702603.3692480428
39,699696.2139250357
40,688024.3136927924
41,687935.8887675888
42,687456.0068713304
43,687456.0068713304
44,683377.052124147
45,680798.495033199
46,680141.0995136768
47,678287.4073382859
48,677699.5802256546
49,677699.5802256546
50,677236.2666325319
51,676786.9584316913
52,676786.9584316913
53,676575.0834428794
54,676575.0834428794
55,676575.0834428794
56,676335.4434777631
57,676169.8769491188
58,676169.8769491188
59,676169.8769491188
60,676169.8769491188
61,676169.8769491188
