,0
0,3369172.7412655815
1,3165487.8825599807
2,3063099.6493451837
3,3025311.537573164
4,2940852.352084697
5,2927969.3260734654
6,2835875.1907525347
7,2827929.848685211
8,2762577.923830264
9,2677923.7549182475
10,2630837.831184488
11,2630837.831184488
12,2587964.2496808413
13,2541270.408577749
14,2534775.2992598377
15,2500943.739518062
16,2443590.9808614855
17,2403604.216188171
18,2396703.5257527637
19,2360583.4924748535
20,2358602.9876766484
21,2307082.275852764
22,2285309.133609354
23,2285309.133609354
24,2232451.0038954187
25,2232451.0038954187
26,2227248.6866413937
27,2198785.2447670167
28,2176990.7287326804
29,2166080.661516702
30,2155173.943669755
31,2122940.5881785653
32,2120808.5396069377
33,2120196.6828757348
34,2106988.0990870623
35,2089187.5599001248
36,2072721.913971944
37,2057675.08253997
38,2057675.08253997
39,2053032.8317006652
40,2043787.7709680176
41,2019890.6835800372
42,2019890.6835800372
43,2012617.8857447344
44,2011012.4056283876
45,2004301.9440339657
46,2001377.605332235
47,1993021.1564538945
48,1990596.3761735538
49,1982082.4499748943
50,1981637.9393680685
51,1981637.9393680685
52,1978320.12143648
53,1976756.2058789365
54,1972560.1112319038
55,1967847.0891629062
56,1965402.5310399435
57,1963647.0533665204
58,1961465.447330624
59,1961465.447330624
60,1959170.4242115163
61,1958554.4448384123
62,1958303.672689728
63,1958303.672689728
64,1957522.8026500985
65,1957272.030501414
66,1957272.030501414
67,1957272.030501414
68,1957272.030501414
69,1957272.030501414
