,0
0,1878436.5639854472
1,1878436.5639854472
2,1878436.5639854472
3,1878436.5639854472
4,1802617.4083115766
5,1751811.7893634553
6,1621867.1185774852
7,1595532.2074051748
8,1517315.1934780914
9,1371409.4282270928
10,1371409.4282270928
11,1357312.3769020129
12,1260366.97218472
13,1260366.97218472
14,1193195.566714423
15,1156784.4830733582
16,1097589.462006169
17,1097589.462006169
18,1059329.7172409208
19,1008500.517921815
20,944925.3438204014
21,944925.3438204014
22,925775.4640193249
23,885070.6457689673
24,838853.1685379096
25,838853.1685379096
26,801941.7462062757
27,801941.7462062757
28,801941.7462062757
29,794635.8452134432
30,785741.7819296053
31,766375.5775945467
32,757178.7512044524
33,749505.334568164
34,749296.8163612983
35,739008.4001222346
36,725152.6985133605
37,720720.4656219077
38,720720.4656219077
39,719252.8141238356
40,697551.7020126635
41,697551.7020126635
42,697551.7020126635
43,697551.7020126635
44,691026.2147161949
45,691026.2147161949
46,689891.6603291053
47,689266.5476693733
48,687824.0742627208
49,685824.6282924928
50,685162.2595879186
51,685162.2595879186
52,685162.2595879186
53,685162.2595879186
54,685162.2595879186
