,0
0,1884990.01079707
1,1884990.01079707
2,1851554.4547215332
3,1710146.0392178271
4,1549268.1710262883
5,1549268.1710262883
6,1515865.8614117259
7,1509273.2191562303
8,1387611.7520488065
9,1333324.7617868532
10,1195134.2635385098
11,1150617.7578640531
12,1125713.4491784438
13,1093254.9833913066
14,1081240.4314429427
15,1050938.5794642628
16,953292.0237055768
17,948086.1213462516
18,938007.8801850084
19,916528.7238149978
20,895131.8688551888
21,864956.1582651978
22,864956.1582651978
23,821021.6487216329
24,821021.6487216329
25,796622.8865562547
26,773204.6987543934
27,759521.4155373219
28,748889.3836690969
29,727303.1304841408
30,727303.1304841408
31,727303.1304841408
32,727303.1304841408
33,722865.5287085776
34,722865.5287085776
35,716735.6935948888
36,710777.230396094
37,704961.869073269
38,699970.0998984311
39,699970.0998984311
40,697236.6861081561
41,697140.1674393383
42,692544.2706753274
43,691091.9894820305
44,691091.9894820305
45,689504.9575672525
46,689140.2400533856
47,686353.9618098445
48,686353.9618098445
49,685041.3974877332
50,685041.3974877332
51,685041.3974877332
52,685041.3974877332
53,685041.3974877332
54,684667.6573148872
55,684502.0907862429
56,684379.0287831591
57,684379.0287831591
58,684379.0287831591
59,684379.0287831591
60,684379.0287831591
