,0
0,3354390.525923048
1,3234475.067846687
2,3166466.0223883046
3,3040411.934608604
4,3007431.5419429867
5,2908487.985374052
6,2824488.4766490655
7,2719968.747024777
8,2708191.6936938833
9,2633709.2809411995
10,2545587.1093271854
11,2526012.265264867
12,2526012.265264867
13,2498623.0402616262
14,2438673.1194483913
15,2438673.1194483913
16,2380466.0627851156
17,2372697.0206131903
18,2339955.186617142
19,2322714.2066322505
20,2285704.747476581
21,2285704.747476581
22,2250733.5917264456
23,2249265.95222562
24,2225596.9041893487
25,2225596.9041893487
26,2184025.1673651566
27,2184025.1673651566
28,2179664.992283465
29,2156536.763473991
30,2135196.4018478906
31,2123080.07491991
32,2090968.4782333877
33,2083145.3953759717
34,2069535.9891866185
35,2069535.9891866185
36,2063974.115542645
37,2063974.115542645
38,2046112.4916650248
39,2037918.6102745351
40,2037918.6102745351
41,2032771.4353378038
42,2022816.9470065557
43,2010023.7144575662
44,2004331.3695602976
45,2004058.2074704748
46,1997239.3436546165
47,1996038.5338573474
48,1991863.3799837485
49,1978698.235912348
50,1978698.235912348
51,1977185.1028869243
52,1977185.1028869243
53,1974987.8427208252
54,1972514.5564642441
55,1972264.1143432867
56,1972105.3690164734
57,1970852.5010077239
58,1968687.7386868813
59,1968305.8429194703
60,1966844.9088977017
61,1966844.9088977017
62,1966844.9088977017
63,1966227.7208073735
64,1966227.7208073735
65,1966227.7208073735
66,1966227.7208073735
67,1965619.671030612
68,1965619.671030612
69,1965619.671030612
70,1965619.671030612
71,1965619.671030612
