,0
0,3041709.0043265466
1,3041709.0043265466
2,3041709.0043265466
3,2974439.800717822
4,2956877.9257901367
5,2912505.617203576
6,2796364.6903795777
7,2730792.2835987345
8,2730792.2835987345
9,2658681.632792743
10,2607055.142319667
11,2571407.147992243
12,2564212.0827731825
13,2516192.3320395043
14,2482576.076120776
15,2435989.590294319
16,2426351.499444453
17,2387790.9272870147
18,2368712.309154434
19,2368712.309154434
20,2334903.924081626
21,2306753.312823853
22,2286019.5743428944
23,2281092.1955795535
24,2221136.7223699256
25,2205597.661646936
26,2205597.661646936
27,2144360.1468405793
28,2144360.1468405793
29,2130637.565117555
30,2127237.25683289
31,2099863.578417758
32,2099532.752063298
33,2075354.6251913006
34,2067424.9809280117
35,2061993.8721642278
36,2061993.8721642278
37,2041612.3347764686
38,2034382.6958154247
39,2008461.5869904454
40,2008461.5869904454
41,1999998.9023347918
42,1999998.9023347918
43,1999998.9023347918
44,1996904.077367605
45,1985429.5135595684
46,1985429.5135595684
47,1975142.9297553343
48,1968347.5728374242
49,1966218.904855481
50,1958861.7759658704
51,1958861.7759658704
52,1952012.3921645596
53,1952012.3921645596
54,1952012.3921645596
55,1947868.251261004
56,1945083.7283521092
57,1936318.794864798
58,1933479.7215786485
59,1932910.4448231584
60,1928554.6393842485
61,1927525.1960432746
62,1918573.6388183373
63,1918042.505602008
64,1916576.3421365598
65,1914203.1233649973
66,1914203.1233649973
67,1913551.8535539287
68,1911800.8401292877
69,1910683.5463293209
70,1908508.610846564
71,1905652.8218630406
72,1905652.8218630406
73,1905652.8218630406
74,1905652.8218630406
75,1903921.0816574127
76,1903921.0816574127
77,1901556.44484016
78,1901556.44484016
79,1901556.44484016
80,1901556.44484016
81,1901556.44484016
