,0
0,2774774.7418922125
1,2724827.5187007566
2,2629061.8506729025
3,2236791.360124923
4,2236791.360124923
5,2193990.198069863
6,2096438.5019237748
7,1894919.6246706028
8,1894919.6246706028
9,1809647.9921073562
10,1739688.407539013
11,1709811.573900446
12,1536294.737612024
13,1536294.737612024
14,1408953.2398743127
15,1408953.2398743127
16,1361247.120483877
17,1326232.6268559098
18,1285890.3921554496
19,1243149.4550859642
20,1223502.9774761114
21,1174405.4140744598
22,1110465.7054258808
23,1088778.9548317932
24,1070669.904669827
25,1070669.904669827
26,1038834.9384650675
27,1011578.7521512177
28,1011578.7521512177
29,1003208.0445633096
30,964588.3008695049
31,962293.1163023983
32,943608.6104239754
33,943608.6104239754
34,937015.3114946709
35,937015.3114946709
36,930614.3651111529
37,923041.4412143683
38,922911.6034191203
39,922098.4681956052
40,920475.0274916765
41,919627.9406817099
42,917744.7391379289
43,915347.9482974889
44,910605.8627442354
45,910605.8627442354
46,908401.674967279
47,905909.0817561741
48,905909.0817561741
49,905902.3391072387
50,905371.21711628
51,905028.933044395
52,904218.5644918329
53,903876.2804199478
54,903345.1584289891
55,903345.1584289891
56,903345.1584289891
57,902998.7570511398
58,902998.7570511398
59,902998.7570511398
60,902998.7570511398
61,902998.7570511398
