,0
0,2984958.3743563644
1,2969310.539522661
2,2704825.961565207
3,2651918.96833185
4,2565637.4632319715
5,2446379.6128804497
6,2352263.0497936835
7,2237687.7475741915
8,2222915.7659846595
9,2024782.5621559166
10,2024782.5621559166
11,1973070.4966530113
12,1886567.9109389072
13,1785698.8316369678
14,1732803.6846938943
15,1680341.2506919377
16,1497950.588364235
17,1497950.588364235
18,1431080.05971315
19,1429903.437325748
20,1349563.879164235
21,1306863.9568566955
22,1296490.4682705556
23,1241902.7930172046
24,1208389.2697874303
25,1208389.2697874303
26,1173677.0208302313
27,1164177.8117366496
28,1135145.8122685512
29,1135145.8122685512
30,1129710.310725861
31,1129710.310725861
32,1118676.1930934761
33,1117377.5090542904
34,1110750.9025719434
35,1110750.9025719434
36,1101432.6731471438
37,1099126.8823465994
38,1098246.3796643582
39,1092845.6674059369
40,1092845.6674059369
41,1088278.471024605
42,1088278.471024605
43,1084960.8854061991
44,1084960.8854061991
45,1084960.8854061991
46,1082475.282158637
47,1082475.282158637
48,1082475.282158637
49,1082475.282158637
50,1082475.282158637
