,0
0,3416267.4357128544
1,3204346.082286191
2,3204346.082286191
3,3085354.1877505844
4,2923684.272058126
5,2894453.1291055726
6,2759532.662645025
7,2747067.7329035527
8,2683874.4275099733
9,2678814.989665532
10,2615539.5158005776
11,2615539.5158005776
12,2545732.29856576
13,2545732.29856576
14,2543414.2192713683
15,2502529.5350521486
16,2467678.4619882037
17,2450453.8214585413
18,2422997.2280166326
19,2417787.6247841706
20,2393800.0374362315
21,2351825.43907499
22,2351825.43907499
23,2327574.1838770104
24,2287417.731993751
25,2287417.731993751
26,2275711.099963061
27,2255525.2970488444
28,2212381.113081087
29,2212381.113081087
30,2212381.113081087
31,2204624.7948102113
32,2192928.647676235
33,2175005.065059369
34,2175005.065059369
35,2169536.612295123
36,2159406.9133942346
37,2148666.594183662
38,2127050.6715605254
39,2124970.13933233
40,2120310.0941665405
41,2116434.5591397705
42,2105664.168039893
43,2100267.380581155
44,2096168.6571330708
45,2088585.4481547747
46,2087313.6648697096
47,2084891.9286442369
48,2080743.8575141018
49,2079626.9878696904
50,2072310.2480888737
51,2072310.2480888737
52,2067488.9432279181
53,2065454.5484707726
54,2062770.2452800435
55,2062770.2452800435
56,2062770.2452800435
57,2062770.2452800435
58,2062770.2452800435
59,2062209.373383031
60,2062209.373383031
61,2062209.373383031
62,2062209.373383031
63,2062188.1003977142
64,2062062.6256111334
65,2062062.6256111334
66,2062041.3526258166
67,2062041.3526258166
68,2062041.3526258166
69,2062041.3526258166
70,2062041.3526258166
