,0
0,3021587.5931638735
1,2731053.436003883
2,2638759.2847883846
3,2603362.5852948544
4,2481823.5520766526
5,2450103.2279454204
6,2374813.8436176325
7,2227486.9159030016
8,2086231.6246199661
9,2086231.6246199661
10,1865338.2453686846
11,1865338.2453686846
12,1807456.5555384948
13,1759758.3854743256
14,1674100.8313746566
15,1543570.7709874737
16,1530334.3190148054
17,1526389.0552719873
18,1428801.344083452
19,1428801.344083452
20,1393069.8150119788
21,1283606.1670148554
22,1283606.1670148554
23,1263905.4775019917
24,1221638.6682446608
25,1221638.6682446608
26,1191463.2617451302
27,1191463.2617451302
28,1138349.7403418897
29,1138349.7403418897
30,1129790.7214327948
31,1129790.7214327948
32,1112627.7958798734
33,1112627.7958798734
34,1105240.6449840756
35,1104658.5898230777
36,1104658.5898230777
37,1095217.3917761925
38,1093209.0407917409
39,1086064.248373847
40,1083370.0803259332
41,1078333.7115130923
42,1078333.7115130923
43,1076573.331339812
44,1075585.826620919
45,1073505.9809684127
46,1071123.1219293475
47,1069780.89791
48,1069026.4434594642
49,1067801.0019090709
50,1067801.0019090709
51,1067742.6106745938
52,1067742.6106745938
53,1067742.6106745938
54,1067742.6106745938
55,1067742.6106745938
