,0
0,2753510.2060179785
1,2753510.2060179785
2,2591957.8680353756
3,2402652.49632671
4,2277043.179525642
5,2180124.531453926
6,2061170.2402151667
7,1787763.109543743
8,1787763.109543743
9,1742693.2862755095
10,1547764.0219837509
11,1528020.056582187
12,1470164.628315565
13,1330801.7815932625
14,1330801.7815932625
15,1330801.7815932625
16,1221369.509514656
17,1213602.7595651052
18,1178817.6766739832
19,1159183.5910409933
20,1112699.43100909
21,1054380.3669975747
22,1054380.3669975747
23,1049335.2694602213
24,1011618.1324906184
25,1001856.7223503919
26,976123.7611768787
27,976123.7611768787
28,976123.7611768787
29,970741.5071696438
30,960859.3536998926
31,960859.3536998926
32,955113.7163096236
33,934851.4487398182
34,934798.8164287764
35,923999.0606223658
36,923999.0606223658
37,922533.6682686639
38,918124.5104136721
39,918124.5104136721
40,913597.1318574077
41,913539.464702386
42,912710.8101558355
43,912710.8101558355
44,910859.6999629519
45,910844.724683637
46,910844.724683637
47,910844.724683637
48,910844.724683637
49,910844.724683637
