,0
0,1892889.9751298795
1,1892889.9751298795
2,1887341.0774069557
3,1776089.2740447721
4,1707140.251876117
5,1616061.5135887126
6,1396143.4056161596
7,1396143.4056161596
8,1396143.4056161596
9,1290815.9233550737
10,1290815.9233550737
11,1238141.4232593002
12,1079339.936056008
13,1079339.936056008
14,1079339.936056008
15,1022059.6901352521
16,1015713.6370651785
17,948364.7287104574
18,948364.7287104574
19,932337.4814344308
20,892087.4576095125
21,881486.2519755451
22,862979.5142548418
23,831581.143510829
24,824327.43694573
25,791160.3172694439
26,779441.554972793
27,768526.5430772937
28,766850.1257204778
29,751893.1120614753
30,735545.9231015989
31,735231.5616921341
32,734287.8489907006
33,732154.9784545501
34,724674.1373235204
35,723577.7942986831
36,718657.5611957666
37,713925.9174608011
38,713925.9174608011
39,709599.5374557696
40,702336.6049872861
41,700756.5344600476
42,700756.5344600476
43,692944.7646264711
44,692944.7646264711
45,692944.7646264711
46,688622.5579876107
47,688622.5579876107
48,687234.8581122729
49,684448.6123540873
50,684448.6123540873
51,683938.0928520738
52,682587.4269468295
53,682587.4269468295
54,682234.3600614296
55,682234.3600614296
56,682234.3600614296
57,682234.3600614296
58,682234.3600614296
