,0
0,2694393.951594343
1,2653000.008316568
2,2474202.433349279
3,2474202.433349279
4,2420282.4170267917
5,2146007.286874299
6,2068616.5387127441
7,1926857.1976053528
8,1805711.126971033
9,1805711.126971033
10,1799790.2648723891
11,1669897.9938112234
12,1669897.9938112234
13,1509002.3169125384
14,1509002.3169125384
15,1461397.7441832803
16,1298456.5525848651
17,1298456.5525848651
18,1298456.5525848651
19,1277566.1325778482
20,1245075.2794497611
21,1157226.4263452045
22,1117780.4010222175
23,1076496.2367920328
24,1074033.653757971
25,1023361.6383484016
26,1018190.8064708996
27,1018190.8064708996
28,992955.876382417
29,992955.876382417
30,984512.5905773848
31,964133.5408659056
32,964133.5408659056
33,953861.7535223691
34,945403.5673617093
35,939195.9295740004
36,932914.0774132239
37,932914.0774132239
38,929279.9812732401
39,924669.9631006641
40,921224.7621279871
41,919852.2817307736
42,912464.652193133
43,912464.652193133
44,908912.8992587499
45,908154.5835209268
46,907980.9172509548
47,907201.0268503935
48,907201.0268503935
49,905564.07273271
50,905564.07273271
51,905564.07273271
52,905564.07273271
53,905211.9319032298
54,905202.6960755459
55,905202.6960755459
56,905202.6960755459
57,905202.6960755459
58,905202.6960755459
