,0
0,2989340.165319605
1,2849229.5564633515
2,2771827.7087204484
3,2554850.73429999
4,2554850.73429999
5,2445006.5435086596
6,2339649.366004767
7,2237229.704949685
8,2045165.7396729926
9,2045165.7396729926
10,1937274.7434302522
11,1779410.2831490026
12,1753639.955831851
13,1714200.1557087828
14,1621859.4561796037
15,1537409.3857580991
16,1503060.4681326377
17,1483678.4343158435
18,1405027.1750241197
19,1388550.0538065266
20,1326732.4019540937
21,1326732.4019540937
22,1270714.1240584743
23,1228047.0553183805
24,1198487.1100849211
25,1177401.3761234721
26,1165569.183064339
27,1126037.3540022208
28,1118464.05785586
29,1114244.23821005
30,1095833.010487529
31,1079516.672119144
32,1078574.7511074783
33,1078574.7511074783
34,1074328.7417655122
35,1074328.7417655122
36,1062002.504210423
37,1053727.3375326386
38,1053727.3375326386
39,1048760.2706132145
40,1043661.5896026742
41,1042798.447680212
42,1041690.1834325715
43,1039343.0244009538
44,1039343.0244009538
45,1035219.999782608
46,1030504.5272748688
47,1030504.5272748688
48,1030504.5272748688
49,1029058.093271824
50,1029050.0626900342
51,1027477.9267607193
52,1026469.3362466475
53,1026469.3362466475
54,1026412.8910216863
55,1026412.8910216863
56,1026412.8910216863
57,1026412.8910216863
58,1026412.8910216863
