,0
0,1819596.8804563715
1,1819596.8804563715
2,1819596.8804563715
3,1717769.4453786223
4,1711344.265945655
5,1592945.8506629819
6,1590071.3335200273
7,1489686.2826424052
8,1364581.8304174899
9,1275008.5072571428
10,1275008.5072571428
11,1222981.878613464
12,1188077.4846424027
13,1137685.0941176943
14,1114913.5199392084
15,1066540.6076009977
16,1059514.916475579
17,1016003.1597871837
18,909641.271221415
19,902226.5490608928
20,873010.3484766189
21,873010.3484766189
22,867093.3680058528
23,818108.4824120164
24,818108.4824120164
25,815764.0427410475
26,804546.9444355399
27,797160.5473365026
28,786779.7578240548
29,780582.8155639605
30,772588.2964156729
31,763072.6761679512
32,760413.8898828614
33,756991.5772711309
34,749638.3249578942
35,738171.8294031546
36,726847.327035724
37,719728.6869805969
38,718466.9754436926
39,715324.2146787477
40,708827.280758525
41,708827.280758525
42,708402.7471872778
43,708402.7471872778
44,704641.0741448295
45,704641.0741448295
46,704382.1071022265
47,704382.1071022265
48,704382.1071022265
49,704382.1071022265
50,704182.5818834679
51,704182.5818834679
52,704182.5818834679
53,704182.5818834679
54,704182.5818834679
