,0
0,1900779.9515839675
1,1900779.9515839675
2,1900779.9515839675
3,1851175.695472632
4,1761591.4057811294
5,1670009.457121835
6,1586747.6766400454
7,1525419.0141478747
8,1444171.6436430588
9,1365490.8775892947
10,1307091.8221265292
11,1307091.8221265292
12,1257292.4986587218
13,1139260.9258042632
14,1105855.3842215056
15,1095651.2006798862
16,1075672.8607989894
17,1047635.8309028
18,991420.3271311828
19,933390.5789014045
20,927407.0839640897
21,900783.6311770198
22,843564.0251158794
23,843564.0251158794
24,833860.6907137692
25,829436.1086895898
26,801579.8072483209
27,797831.4527860491
28,785703.8213767858
29,761470.1608110042
30,761004.322536151
31,755997.8395453899
32,742052.9923648867
33,739736.198315052
34,731648.9608579605
35,715779.0392353879
36,715779.0392353879
37,705275.373886969
38,704518.612812647
39,703038.9647969828
40,694870.217013524
41,694870.217013524
42,694474.1754389352
43,688434.8958451608
44,687158.8545043038
45,685843.7099970927
46,682909.1243680837
47,677924.8605924797
48,677924.8605924797
49,677634.5408445332
50,676639.522955082
51,673093.8378185034
52,672087.1177516556
53,672087.1177516556
54,671066.7116203599
55,671066.7116203599
56,671066.7116203599
57,671066.7116203599
58,671066.7116203599
