,0
0,2844687.8653005767
1,2832507.9521336895
2,2832507.9521336895
3,2618547.4201734387
4,2614689.3694748674
5,2485731.617782448
6,2233552.146195932
7,2228411.9637104603
8,2157660.876195543
9,2157660.876195543
10,1978930.1043164325
11,1957071.0450787428
12,1957071.0450787428
13,1835121.6145283664
14,1835121.6145283664
15,1754624.6975511746
16,1736103.1992347902
17,1697552.5860436705
18,1660527.8611944402
19,1660527.8611944402
20,1616173.0855226694
21,1606899.6688227686
22,1572571.7424124777
23,1532569.3049064453
24,1517309.7462583343
25,1489123.6845365784
26,1457509.4419806066
27,1416869.7940868177
28,1416869.7940868177
29,1410328.7220239725
30,1404548.9760173578
31,1389777.4476538028
32,1369442.5198029848
33,1342286.6706848517
34,1326565.6515335075
35,1326565.6515335075
36,1307324.6689881939
37,1305648.0385738262
38,1285854.0016005724
39,1284973.3931027874
40,1276739.2306526927
41,1263000.4838454034
42,1263000.4838454034
43,1261617.6866627664
44,1261315.9194658124
45,1261315.9194658124
46,1258997.8429696308
47,1253479.2853695888
48,1251388.0076338006
49,1251388.0076338006
50,1249637.4350130525
51,1249637.4350130525
52,1249637.4350130525
53,1249637.4350130525
54,1249637.4350130525
