,0
0,2040956.3676892295
1,1976414.69947663
2,1842251.2430956208
3,1842251.2430956208
4,1720160.6445875878
5,1645111.7293811364
6,1624071.9874693644
7,1528563.7263333474
8,1444449.4144889817
9,1345736.2760437834
10,1345736.2760437834
11,1305934.0322480842
12,1186095.6457436618
13,1166042.6394827003
14,1114748.2478045719
15,1084993.8702734269
16,1033758.0729606508
17,1033758.0729606508
18,1033758.0729606508
19,976184.446162444
20,974275.3307196484
21,921410.4513905952
22,913676.4997157932
23,899419.3233851859
24,857540.7184955892
25,848524.5484095259
26,842935.4430890008
27,825280.8929462436
28,825280.8929462436
29,819299.0969638439
30,796241.0028682757
31,779763.7116264439
32,778565.2515369548
33,776345.3309864247
34,759147.9877828722
35,755836.2965368979
36,755836.2965368979
37,748151.0443956138
38,734530.391573046
39,733643.6789695123
40,733643.6789695123
41,733181.7516955971
42,731539.3123139945
43,728658.309847629
44,727015.4313176882
45,727015.4313176882
46,726672.5140913251
47,726615.7403128874
48,725433.287217049
49,724145.3967978185
50,724145.3967978185
51,724145.3967978185
52,723788.6070308741
53,723788.6070308741
54,723635.0653642328
55,723635.0653642328
56,723635.0653642328
57,723635.0653642328
58,723635.0653642328
