,0
0,2542264.5779930013
1,2542264.5779930013
2,2542264.5779930013
3,2510305.3734374326
4,2318507.519221489
5,2105177.70314014
6,2069521.18976217
7,2005040.7620931799
8,1897802.5424565265
9,1744926.2692460923
10,1668106.1125666355
11,1668106.1125666355
12,1549813.1603016471
13,1511070.8530495008
14,1399158.5988399072
15,1375412.658138664
16,1275231.6826688445
17,1275231.6826688445
18,1247439.3715734982
19,1193083.1204201002
20,1193083.1204201002
21,1163013.1869981205
22,1144262.9211565116
23,1107663.688862981
24,1087237.0934750428
25,1070206.8852474669
26,1041688.289809817
27,1027180.0721277434
28,1016931.1024954737
29,1011384.105627027
30,1000704.2542650574
31,991650.2312929708
32,986634.5959888926
33,975388.1757001431
34,975006.9584180937
35,972097.4859464671
36,963560.717495618
37,963560.717495618
38,960293.4381625593
39,956193.8470190682
40,949227.1440201129
41,948077.1843181856
42,943251.1936771036
43,943251.1936771036
44,943251.1936771036
45,940568.2573040791
46,940568.2573040791
47,940568.2573040791
48,940568.2573040791
49,940568.2573040791
