,0
0,2005420.0797546792
1,1999228.7410566276
2,1898895.3363270117
3,1785166.2186252733
4,1667122.740268419
5,1590160.491455123
6,1556501.643702797
7,1499076.8052480104
8,1492854.6992086887
9,1377651.0751848076
10,1253304.724674679
11,1253304.724674679
12,1189497.6885535764
13,1112388.4161396418
14,1044085.5951289501
15,1044085.5951289501
16,1014024.3550547976
17,1000511.5236776226
18,849999.2869622916
19,827483.8021446394
20,827483.8021446394
21,800847.8366179008
22,794822.6293463866
23,794822.6293463866
24,785313.0915303688
25,760762.8519071034
26,749030.5483932801
27,749030.5483932801
28,736768.9093812944
29,730508.1771686197
30,720702.5480091003
31,716307.6808559769
32,716307.6808559769
33,709576.1123688145
34,709155.8097152906
35,703648.0042099752
36,700132.5013880339
37,699462.8029711061
38,693202.6999542692
39,691035.7876046451
40,683942.3254734419
41,683942.3254734419
42,683942.3254734419
43,681211.5627134088
44,681211.5627134088
45,678480.485171541
46,677593.4746405857
47,677593.4746405857
48,677436.4539473875
49,677270.8874187432
50,677270.8874187432
51,677270.8874187432
52,677270.8874187432
53,677270.8874187432
