,0
0,2861583.2340110354
1,2830683.9018695867
2,2774041.4731816933
3,2482177.421823716
4,2482177.421823716
5,2441636.222832759
6,2119495.3798470404
7,2094415.8591144932
8,2094415.8591144932
9,1938694.5044116294
10,1857414.4775854368
11,1814566.1716451577
12,1719537.8788348576
13,1719537.8788348576
14,1666259.0570451785
15,1644981.9289191235
16,1600290.9941881937
17,1450881.0261503302
18,1376046.562070395
19,1359757.4611621613
20,1354790.3948806957
21,1267898.9442876438
22,1267870.5782900483
23,1251357.3043853359
24,1241468.068109226
25,1216373.1134601748
26,1191294.7937102872
27,1151651.9865391077
28,1115543.1870134962
29,1115543.1870134962
30,1115543.1870134962
31,1115543.1870134962
32,1112044.3798796397
33,1101215.4329585521
34,1101215.4329585521
35,1095236.900146624
36,1091290.4467149016
37,1081854.9750943845
38,1081854.9750943845
39,1081854.9750943845
40,1080662.6686020053
41,1080662.6686020053
42,1079152.2678179613
43,1079152.2678179613
44,1079093.8765834842
45,1078666.7963141876
46,1077810.0437986138
47,1077810.0437986138
48,1077810.0437986138
49,1077810.0437986138
50,1077434.1603519723
51,1077434.1603519723
52,1077434.1603519723
53,1077434.1603519723
54,1077434.1603519723
