,0
0,3012323.617245772
1,2908554.517592952
2,2725712.9170279475
3,2725712.9170279475
4,2636591.107291085
5,2496667.7262182278
6,2474222.770905594
7,2354123.8100012736
8,2207357.4065647605
9,2089800.0067411757
10,2063125.0797450708
11,1978457.1804094797
12,1822458.6729853943
13,1722643.9686519084
14,1722643.9686519084
15,1642946.4202345535
16,1609261.3607925582
17,1465650.14940249
18,1465650.14940249
19,1465650.14940249
20,1447237.5690479733
21,1325475.4198770977
22,1325475.4198770977
23,1325475.4198770977
24,1273490.6963391902
25,1273490.6963391902
26,1222595.2892989442
27,1222595.2892989442
28,1202674.448688173
29,1200819.5258066268
30,1187583.7560168912
31,1154103.42497343
32,1154103.42497343
33,1149230.2735442063
34,1140873.9491673799
35,1129719.9801870591
36,1120180.1855274306
37,1113606.7158186957
38,1105115.5303963628
39,1105115.5303963628
40,1105115.5303963628
41,1102655.6189176668
42,1098993.5766594228
43,1091141.0864777286
44,1090390.7826696767
45,1090009.9111861042
46,1085034.8074176365
47,1085034.8074176365
48,1082967.1399775776
49,1081361.1982829215
50,1081361.1982829215
51,1078214.153213498
52,1078214.153213498
53,1077738.080337018
54,1076998.5236311813
55,1074683.0772984244
56,1074634.6626552532
57,1074634.6626552532
58,1074634.6626552532
59,1074634.6626552532
60,1074634.6626552532
