,0
0,2988578.6405105903
1,2697234.4962336146
2,2670399.897991116
3,2645452.9018442943
4,2400107.014093625
5,2297862.2826712164
6,2278105.6470599403
7,2212640.2838556855
8,2088460.1957628368
9,2079010.3377219306
10,2026932.7103357858
11,1802181.7698452873
12,1778572.7799593238
13,1726325.7857393823
14,1726325.7857393823
15,1685889.9220010915
16,1620170.3407399843
17,1620170.3407399843
18,1587442.1140905044
19,1556515.3158949548
20,1542539.9806912378
21,1531209.757166161
22,1510869.6104495514
23,1481739.1681614693
24,1418915.3650081824
25,1418915.3650081824
26,1397379.9184610238
27,1384173.9412499168
28,1366840.3602233706
29,1356192.3161121465
30,1347750.9011903882
31,1309768.44220648
32,1299897.8657599308
33,1294333.7917082757
34,1289836.14508137
35,1277530.989728205
36,1263008.2893737883
37,1263008.2893737883
38,1261453.7549316403
39,1250771.8782369755
40,1250771.8782369755
41,1249389.0810543385
42,1246385.7172479322
43,1245457.036240223
44,1244074.239057586
45,1244074.239057586
46,1241070.8752511798
47,1239688.0780685428
48,1239688.0780685428
49,1239688.0780685428
50,1239688.0780685428
51,1239688.0780685428
