,0
0,1955708.2996801308
1,1955708.2996801308
2,1945456.265189557
3,1844794.6827179552
4,1672148.0358701153
5,1572492.2989141254
6,1572492.2989141254
7,1519186.8132169608
8,1451993.3430842436
9,1416526.7393741482
10,1373542.496832834
11,1365613.9142685684
12,1290280.162887543
13,1228479.4486685423
14,1157646.2154349152
15,1122746.0800515623
16,1049433.45347945
17,1049433.45347945
18,991131.4239792568
19,932430.5641572601
20,911963.840385198
21,911963.840385198
22,868685.2722879492
23,861234.5613502696
24,857381.878141136
25,830425.2462177466
26,783559.0493676913
27,783559.0493676913
28,771689.0202955481
29,770460.9727075344
30,754722.4436276886
31,727901.7885431462
32,727901.7885431462
33,727901.7885431462
34,722667.0320980818
35,722667.0320980818
36,719670.8891013333
37,712852.3292699708
38,712852.3292699708
39,709767.1416160394
40,704423.5984890059
41,704423.5984890059
42,702350.7046117724
43,699507.6753678772
44,696079.8000584595
45,696079.8000584595
46,692867.1587862272
47,689070.3105072323
48,689070.3105072323
49,689070.3105072323
50,689070.3105072323
51,689070.3105072323
52,688327.885808886
53,688327.885808886
54,687583.003435756
55,687417.4369071117
56,687417.4369071117
57,687417.4369071117
58,687417.4369071117
59,687417.4369071117
