,0
0,2819037.2688100175
1,2819037.2688100175
2,2709333.868389123
3,2617405.455343185
4,2520415.5026761536
5,2520415.5026761536
6,2438175.307341129
7,2295380.085014806
8,2165726.724822064
9,2165726.724822064
10,2112542.8666539206
11,2005509.4696018999
12,1884698.401706815
13,1673400.4261524957
14,1673400.4261524957
15,1618786.7001589555
16,1618786.7001589555
17,1472045.8316363571
18,1472045.8316363571
19,1341786.4787849118
20,1341786.4787849118
21,1341786.4787849118
22,1314732.3460546238
23,1286700.9516567006
24,1278467.8169874195
25,1213115.5556696472
26,1171068.3502135566
27,1171068.3502135566
28,1160870.235771818
29,1143970.7310712296
30,1113785.8439532875
31,1105250.9337661508
32,1078620.5406404273
33,1078620.5406404273
34,1078620.5406404273
35,1078115.8348076798
36,1073225.5404146456
37,1071782.9345638093
38,1067165.49529409
39,1066534.313291877
40,1061902.3848039233
41,1061493.459919888
42,1061493.459919888
43,1061493.459919888
44,1060735.4281086274
45,1060704.2136415248
46,1060005.0847578275
47,1060005.0847578275
48,1060005.0847578275
49,1060005.0847578275
50,1060005.0847578275
