,0
0,2866437.3770418554
1,2690170.686887615
2,2631025.21272425
3,2481218.0699529313
4,2414699.6288916836
5,2338273.9777786294
6,2144283.35364465
7,2022394.978620319
8,2022394.978620319
9,1855954.0737448093
10,1853539.9140202526
11,1744075.0108075808
12,1687015.8062888307
13,1595481.074263958
14,1489106.8319695503
15,1483865.7896409628
16,1438857.2376634134
17,1381669.2023154385
18,1381669.2023154385
19,1298828.7305386276
20,1199832.1511633394
21,1199832.1511633394
22,1155507.2328426428
23,1123989.4400264395
24,1123989.4400264395
25,1104618.0319663784
26,1069795.4532057133
27,1059248.9739365475
28,1018542.0849488185
29,999613.0099644134
30,999613.0099644134
31,998074.08354633
32,974956.2707798756
33,974956.2707798756
34,962290.2979038003
35,959542.6393484086
36,958112.4970429486
37,956961.3435680979
38,947270.3135786444
39,947270.3135786444
40,933171.8199172308
41,932879.4491972463
42,932879.4491972463
43,929204.734257372
44,929204.734257372
45,924417.7986106161
46,921266.65615568
47,919521.8300058193
48,913381.9984402052
49,913381.9984402052
50,912432.6276192561
51,912432.6276192561
52,909605.9121034866
53,909605.9121034866
54,909554.5002816344
55,908039.7829186256
56,908030.5470909417
57,908030.5470909417
58,908030.5470909417
59,908030.5470909417
60,908030.5470909417
