,0
0,2562382.6821195423
1,2520233.726148182
2,2316287.4758921997
3,2264138.001026016
4,2264138.001026016
5,2213111.3591991053
6,2138119.641062061
7,2101699.1176470043
8,1955273.1794446583
9,1859904.3378497043
10,1706740.7905727904
11,1706740.7905727904
12,1542533.619048421
13,1542533.619048421
14,1523252.7504382997
15,1490840.3412844166
16,1342968.2547963858
17,1342968.2547963858
18,1337196.5572531668
19,1225858.8341002462
20,1225858.8341002462
21,1208114.5026320599
22,1162701.8209103895
23,1138719.0534083513
24,1096364.8086344616
25,1073389.6956455298
26,1073389.6956455298
27,1041165.5760118128
28,1010976.4696828306
29,989267.7506911888
30,989267.7506911888
31,989267.7506911888
32,984340.273755125
33,972090.5738139183
34,966380.4423332576
35,947196.7247519896
36,947196.7247519896
37,944980.7307688929
38,939021.3472138755
39,933265.8465905278
40,929208.3295264782
41,919313.448737849
42,919313.448737849
43,919313.448737849
44,915485.9971013459
45,915485.9971013459
46,915485.9971013459
47,915485.9971013459
48,910536.1936135967
49,910536.1936135967
50,909366.8102857133
51,909265.2663725789
52,908344.3247866633
53,907970.5963267807
54,906708.8253153309
55,906693.850036016
56,906693.850036016
57,906580.704621477
58,906565.7293421619
59,906565.7293421619
60,906565.7293421619
61,906565.7293421619
62,906565.7293421619
