,0
0,2685646.0498286383
1,2685646.0498286383
2,2605008.991862661
3,2566576.5769770937
4,2491814.385816522
5,2446375.360412654
6,2295590.9071852895
7,2172512.030315922
8,2150386.369628884
9,2070428.614159149
10,2014407.8284247713
11,1923688.1060218394
12,1883557.277869728
13,1835236.1927495461
14,1785227.8237099894
15,1785227.8237099894
16,1696206.8067512712
17,1687990.9629965422
18,1638301.671976007
19,1570722.7596218984
20,1570722.7596218984
21,1550945.7797536594
22,1527452.5289726749
23,1477898.7847115658
24,1416509.0597404097
25,1395941.6810461213
26,1373693.06228676
27,1343088.0093226791
28,1343088.0093226791
29,1262685.4952167084
30,1262685.4952167084
31,1262685.4952167084
32,1255934.854116922
33,1229377.754922428
34,1223926.2225521002
35,1204504.0073132147
36,1195568.2595934658
37,1188579.96521634
38,1181603.219980137
39,1167770.8801459796
40,1150807.2570792015
41,1150807.2570792015
42,1147332.804376981
43,1146046.9568767075
44,1146046.9568767075
45,1141955.2931841372
46,1141955.2931841372
47,1140035.5945554664
48,1140035.5945554664
49,1139667.8191173554
50,1139667.8191173554
51,1139667.8191173554
52,1139667.8191173554
53,1139667.8191173554
