,0
0,2777525.4175389963
1,2694308.089738218
2,2677040.730079048
3,2524909.8254558886
4,2467067.7090491564
5,2292482.1819894733
6,2062609.9675410704
7,2062609.9675410704
8,2062609.9675410704
9,1969914.3167237847
10,1969914.3167237847
11,1929528.6469614983
12,1884742.965565336
13,1884742.965565336
14,1720291.8460805938
15,1673499.6225379263
16,1673499.6225379263
17,1659726.2928894593
18,1647442.4884843833
19,1529258.0222635067
20,1529258.0222635067
21,1506541.764281546
22,1492746.7341187382
23,1428749.9247814654
24,1427837.7066525314
25,1379077.5086234051
26,1374526.7095800382
27,1336503.7546808636
28,1314685.0390893682
29,1279435.234705327
30,1257123.8646117074
31,1236493.7326008496
32,1234024.5503678522
33,1199017.869630529
34,1199017.869630529
35,1186041.5477846127
36,1172414.1554735086
37,1172414.1554735086
38,1172414.1554735086
39,1163260.7424576317
40,1152167.6405427328
41,1141719.7189267676
42,1139267.0656037752
43,1139267.0656037752
44,1132030.7787590034
45,1130345.1229820587
46,1130345.1229820587
47,1130036.8828969798
48,1128719.0025581461
49,1128719.0025581461
50,1128719.0025581461
51,1128719.0025581461
52,1128719.0025581461
