,0
0,3316628.136445964
1,3275195.4094230775
2,3222476.3061067797
3,3096545.647401389
4,3015524.9338777997
5,2988524.54499732
6,2848532.016677739
7,2835530.5105169546
8,2677198.5643625353
9,2677198.5643625353
10,2677198.5643625353
11,2615455.638951784
12,2566329.9486436965
13,2516027.4218567605
14,2516027.4218567605
15,2506249.264207429
16,2503793.0742705488
17,2456889.7289605513
18,2416702.5185399503
19,2402112.5976381144
20,2363196.409992362
21,2363196.409992362
22,2317698.4083458623
23,2299118.5693934276
24,2285033.2420479185
25,2252308.994156795
26,2240344.884899323
27,2225515.9653973444
28,2168149.4467503475
29,2154504.759998929
30,2154504.759998929
31,2154504.759998929
32,2140125.7783505293
33,2126038.7340172776
34,2101757.9488610094
35,2078745.2001523203
36,2078745.2001523203
37,2078745.2001523203
38,2071288.4286419062
39,2050487.6184553397
40,2050487.6184553397
41,2028479.2106636649
42,2028479.2106636649
43,2028479.2106636649
44,2019879.204476771
45,2010228.1126242706
46,2010228.1126242706
47,2007571.2629050158
48,1993983.5027464656
49,1993983.5027464656
50,1993109.5377285364
51,1981394.7220872678
52,1978117.0076240278
53,1973995.8722755117
54,1970053.863053771
55,1968442.5225099414
56,1968442.5225099414
57,1968442.5225099414
58,1966886.51903071
59,1963717.514136937
60,1959329.5193507054
61,1956581.7207395765
62,1956581.7207395765
63,1951955.1200938073
64,1951955.1200938073
65,1951955.1200938073
66,1951955.1200938073
67,1951955.1200938073
68,1951809.962806742
69,1949351.5198921247
70,1949351.5198921247
71,1949351.5198921247
72,1949351.5198921247
73,1949351.5198921247
