,0
0,2097687.8430831577
1,1863731.1195702218
2,1825747.2122504245
3,1809071.2278349374
4,1557703.468245672
5,1557703.468245672
6,1511903.1113355034
7,1476033.0742576623
8,1462444.4351111078
9,1371599.7861388659
10,1329400.102659724
11,1212073.8458241369
12,1141811.3843244486
13,1141811.3843244486
14,1125555.4028092122
15,1031504.7523134251
16,996102.5308725946
17,965986.6353034897
18,935701.286292385
19,881153.4244567642
20,881153.4244567642
21,856784.0398173265
22,818758.2337659175
23,796111.794643938
24,796111.794643938
25,795108.1788084554
26,776798.9892731883
27,776798.9892731883
28,766709.5008828804
29,766709.5008828804
30,756023.9654171208
31,755423.5993643285
32,745900.3656022422
33,745900.3656022422
34,745361.909271566
35,730921.7879445882
36,723120.2868936273
37,720868.7659552464
38,720868.7659552464
39,718529.0484544759
40,715385.2933610684
41,714895.8704138701
42,714895.8704138701
43,714895.8704138701
44,714895.8704138701
45,714249.0395028215
46,714249.0395028215
47,714249.0395028215
48,714249.0395028215
49,714249.0395028215
