,0
0,3236463.6050933865
1,3236463.6050933865
2,3201512.50347059
3,3110190.5721104527
4,2870581.4466884136
5,2825856.999132783
6,2775734.588336088
7,2775734.588336088
8,2712228.0666601616
9,2605743.4133904576
10,2605743.4133904576
11,2605743.4133904576
12,2605743.4133904576
13,2537614.619606182
14,2526148.8925393643
15,2483373.1709179245
16,2483373.1709179245
17,2425319.4727492374
18,2375963.9994025854
19,2375963.9994025854
20,2375963.9994025854
21,2359101.527635626
22,2339583.511635426
23,2296060.086005712
24,2271525.322786664
25,2271525.322786664
26,2265146.1363643776
27,2243346.1837192923
28,2219941.477977641
29,2197151.277060282
30,2194829.621187841
31,2191321.730359882
32,2166840.1736236964
33,2143929.655536144
34,2142145.7619645637
35,2140517.8946103845
36,2112341.2023948384
37,2109768.313674679
38,2109768.313674679
39,2093242.429093085
40,2093242.429093085
41,2061169.4150307649
42,2061169.4150307649
43,2051225.282185512
44,2051225.282185512
45,2050412.2763854857
46,2042785.7744865506
47,2042785.7744865506
48,2040511.0587740582
49,2035067.8688043077
50,2033666.721571457
51,2023667.7706632288
52,2023667.7706632288
53,2023667.7706632288
54,2023667.7706632288
55,2017836.8174909938
56,2017122.5630628332
57,2017122.5630628332
58,2016147.6323086855
59,2014403.5813902104
60,2014089.1272968145
61,2011221.2486077773
62,2011221.2486077773
63,2009214.7157932618
64,2009214.7157932618
65,2007994.1435056296
66,2005874.9112054058
67,2005874.9112054058
68,2005874.9112054058
69,2005874.9112054058
70,2005874.9112054058
