,0
0,2913986.3225539667
1,2843334.007408475
2,2751616.3095602407
3,2629069.6421611095
4,2476206.909573431
5,2301060.4041750035
6,2177283.6687630108
7,2177283.6687630108
8,2138242.3707136195
9,2051601.0472593838
10,1936297.912938821
11,1846514.255515221
12,1772417.4426477882
13,1738207.241772107
14,1571111.4033638083
15,1541239.1461516416
16,1541239.1461516416
17,1475291.397974086
18,1459160.996269988
19,1396559.0987625096
20,1372146.4087208484
21,1271117.2740230372
22,1217628.5930506266
23,1217628.5930506266
24,1217628.5930506266
25,1126714.881881822
26,1126714.881881822
27,1126714.881881822
28,1126714.881881822
29,1126714.881881822
30,1118448.4514240273
31,1106162.467964177
32,1101907.9372010897
33,1086359.2743754394
34,1073985.6880081021
35,1073985.6880081021
36,1073985.6880081021
37,1063116.358301199
38,1060048.1602819883
39,1053638.793599224
40,1052793.4785022982
41,1049594.4895981164
42,1046708.1978719559
43,1046708.1978719559
44,1043359.5850571607
45,1041346.4590046293
46,1038990.5396464319
47,1038990.5396464319
48,1037677.5928800862
49,1036937.2729379804
50,1036179.2411267197
51,1036067.5321614105
52,1035288.7741674393
53,1035288.7741674393
54,1035288.7741674393
55,1035288.7741674393
56,1035288.7741674393
