,0
0,2864508.063841978
1,2763891.2800299283
2,2630985.400784472
3,2488752.413769166
4,2423194.422501401
5,2357888.879074069
6,2117173.8644139837
7,2108527.3980016946
8,2036999.5007923283
9,2036999.5007923283
10,1856135.0835497486
11,1851899.948971412
12,1851899.948971412
13,1663075.8330995482
14,1663075.8330995482
15,1642414.598431181
16,1574100.9778114648
17,1574100.9778114648
18,1503009.454474687
19,1503009.454474687
20,1503009.454474687
21,1444787.5391433164
22,1444787.5391433164
23,1389226.2289667092
24,1389226.2289667092
25,1315432.4482538102
26,1315432.4482538102
27,1301777.0754370987
28,1300165.2943898162
29,1273840.925507516
30,1216184.5269570684
31,1216184.5269570684
32,1187260.507782092
33,1187260.507782092
34,1184171.9387699752
35,1175842.5121194958
36,1162092.0444168036
37,1153595.2329263538
38,1147363.0778862885
39,1140732.132228615
40,1132345.9584319536
41,1118491.764035294
42,1118491.764035294
43,1118491.764035294
44,1114889.112901387
45,1114736.8800541705
46,1114736.8800541705
47,1114736.8800541705
48,1112612.8251813457
49,1111662.720280623
50,1111294.944842512
51,1111294.944842512
52,1111294.944842512
53,1111294.944842512
54,1111294.944842512
