,0
0,1946790.8460773968
1,1888055.5020628425
2,1753044.5585082432
3,1669887.1844031562
4,1632934.6261975744
5,1600422.3731111058
6,1534890.0804901533
7,1414196.127533995
8,1360825.0965802765
9,1294273.7856377598
10,1204467.945754725
11,1147839.9930280617
12,1141844.3605902237
13,1060724.1180915718
14,1042641.5401820726
15,992978.1203137368
16,894827.5543649789
17,833370.0093257988
18,833370.0093257988
19,833370.0093257988
20,830157.418108278
21,822038.696510894
22,822038.696510894
23,786196.3569829552
24,769018.0331583616
25,769018.0331583616
26,760862.5684730166
27,748698.2190286724
28,746723.6037631719
29,742862.0429005612
30,734593.5533527702
31,734593.5533527702
32,731044.8884851411
33,729845.7122026264
34,727114.2697447904
35,721241.4005620227
36,721241.4005620227
37,721241.4005620227
38,717643.2308423333
39,717224.4853420792
40,716934.6497334264
41,716274.1978999467
42,713067.5442937252
43,713067.5442937252
44,712868.0190749664
45,711496.387915491
46,711296.8626967323
47,711296.8626967323
48,709809.5556252559
49,709809.5556252559
50,709809.5556252559
51,709809.5556252559
52,709809.5556252559
