,0
0,3428739.854353644
1,3289100.5502499533
2,3145114.770424053
3,2977556.698440832
4,2977556.698440832
5,2977556.698440832
6,2907295.4625041913
7,2864675.9983246136
8,2756223.2243355485
9,2756223.2243355485
10,2705605.6338464627
11,2580656.7409062786
12,2580656.7409062786
13,2580656.7409062786
14,2560820.4095406015
15,2493863.967372674
16,2493863.967372674
17,2458393.0691912556
18,2425567.852337708
19,2408552.568497329
20,2360715.7780445283
21,2360715.7780445283
22,2352626.6830438827
23,2326807.8435432888
24,2322750.913474953
25,2295303.2615984217
26,2270838.8561630016
27,2230014.1847309386
28,2225062.380385305
29,2217869.024853203
30,2189728.6298206216
31,2144031.2485817866
32,2142601.2162290365
33,2131485.7398640676
34,2121751.892606034
35,2108571.442960521
36,2083256.5109819607
37,2083256.5109819607
38,2064632.8216831428
39,2053561.253939007
40,2038192.9583153264
41,2030137.2552148693
42,1996726.097297043
43,1996726.097297043
44,1996726.097297043
45,1996726.097297043
46,1996726.097297043
47,1993944.9661667221
48,1975587.0137149727
49,1975587.0137149727
50,1966049.0886357552
51,1958477.7594957603
52,1956628.178089155
53,1956628.178089155
54,1956574.089854435
55,1952546.9056722552
56,1945660.620029344
57,1945660.620029344
58,1945536.4846700374
59,1938645.2136522443
60,1938645.2136522443
61,1938645.2136522443
62,1938645.2136522443
63,1938645.2136522443
