,0
0,2778926.0748685473
1,2717756.932228653
2,2359647.9640639746
3,2349994.757257046
4,2297199.8448217995
5,2222812.4846264096
6,1864549.5589745175
7,1864549.5589745175
8,1864549.5589745175
9,1833182.2373926768
10,1735059.634327966
11,1611280.1109568025
12,1555615.695219746
13,1514298.036875874
14,1449219.075455492
15,1340151.4461173615
16,1328879.8522532783
17,1299305.9487948
18,1258401.3599947016
19,1234013.1481315042
20,1215887.3648404817
21,1145356.819892838
22,1078532.4033701618
23,1070680.3352997038
24,1070680.3352997038
25,1069040.717736271
26,1032467.8326332925
27,1012143.987853654
28,983560.5404678518
29,983560.5404678518
30,983560.5404678518
31,983560.5404678518
32,971478.8593252931
33,964211.0570421527
34,949078.2438533256
35,949078.2438533256
36,949078.2438533256
37,937341.5918159422
38,937341.5918159422
39,932820.3646203331
40,922461.3701927636
41,922461.3701927636
42,922461.3701927636
43,918616.6223668379
44,918616.6223668379
45,918616.6223668379
46,916285.0676160381
47,915843.5641520596
48,913410.7218241249
49,912689.137340042
50,912006.1937703223
51,912006.1937703223
52,911242.6457154828
53,911242.6457154828
54,911242.6457154828
55,911071.6666032581
56,911071.6666032581
57,911071.6666032581
58,911071.6666032581
59,911071.6666032581
