,0
0,1948113.334321266
1,1948113.334321266
2,1884963.1096671706
3,1610090.3913246894
4,1610090.3913246894
5,1557968.1723971323
6,1499589.1129406022
7,1448933.0232589825
8,1303806.7483053366
9,1279046.025910764
10,1172301.8205441707
11,1137894.4369421215
12,1137894.4369421215
13,1052622.6235666666
14,1052622.6235666666
15,987454.6534756526
16,948854.8890141186
17,928868.099776583
18,851627.4459513715
19,851627.4459513715
20,843078.3963073901
21,843078.3963073901
22,834156.1598147623
23,822871.0234676603
24,798944.9522115377
25,798944.9522115377
26,788506.6766421393
27,778323.6741460275
28,766361.1920521907
29,753300.0906156446
30,742231.2829109477
31,742231.2829109477
32,742231.2829109477
33,738468.2541430481
34,733324.4512883624
35,729519.760093105
36,723056.3985688643
37,722652.8405332215
38,722652.8405332215
39,721575.5943995628
40,719933.697198191
41,717408.418192908
42,717408.418192908
43,716365.0737834017
44,716365.0737834017
45,716211.5321167604
46,716211.5321167604
47,716211.5321167604
48,716211.5321167604
49,716211.5321167604
