,0
0,2873546.9012248884
1,2736997.981274236
2,2650923.712864593
3,2456728.5825189166
4,2456728.5825189166
5,2165396.3064658516
6,2165396.3064658516
7,2032529.8030687596
8,1973126.3619405983
9,1973126.3619405983
10,1852461.2801606655
11,1816134.999605602
12,1763821.7347133355
13,1613995.1958379287
14,1609692.0819108128
15,1442843.5609778855
16,1358186.6537005322
17,1273430.2326074815
18,1273430.2326074815
19,1273430.2326074815
20,1258284.2342013682
21,1248145.7794752019
22,1239333.129194622
23,1218530.7095558764
24,1202127.4561981068
25,1172367.515099877
26,1155728.990379604
27,1155728.990379604
28,1155728.990379604
29,1151681.463639331
30,1136863.9013775687
31,1122624.0165533514
32,1102240.2311536053
33,1102240.2311536053
34,1102240.2311536053
35,1101824.2334258074
36,1094107.8502390047
37,1094107.8502390047
38,1091252.0485142628
39,1086912.3707304765
40,1079747.1370027657
41,1079747.1370027657
42,1079747.1370027657
43,1079140.4707662102
44,1076474.011567231
45,1075386.0886176424
46,1075386.0886176424
47,1075386.0886176424
48,1075386.0886176424
49,1075386.0886176424
