,0
0,3571583.6996453144
1,3436800.2975615994
2,3377280.545129038
3,3167294.884172255
4,3052111.5252516232
5,2907448.4654130144
6,2907448.4654130144
7,2845632.437535461
8,2735005.8813061966
9,2704926.3468045276
10,2702559.2188648335
11,2642587.251940202
12,2568138.3725966867
13,2567423.70611878
14,2554525.1211103117
15,2545559.0920375097
16,2473960.213328739
17,2473960.213328739
18,2409868.0325923567
19,2409868.0325923567
20,2381471.851471292
21,2381471.851471292
22,2349583.1487314478
23,2342439.9995415485
24,2309006.2631542296
25,2272167.4634298617
26,2254016.2043636134
27,2240084.5200338033
28,2227571.3475083155
29,2210006.1530786743
30,2186511.8758384907
31,2164934.4888537284
32,2149309.0371434926
33,2149309.0371434926
34,2118162.3237158624
35,2118162.3237158624
36,2116473.394328737
37,2113328.644516556
38,2090626.0490974938
39,2081084.033829125
40,2075668.8630532103
41,2075668.8630532103
42,2075668.8630532103
43,2075668.8630532103
44,2075668.8630532103
45,2065002.7349935314
46,2058464.902412134
47,2058464.902412134
48,2058464.902412134
49,2057215.5141630026
50,2056775.3377134553
51,2052978.771206002
52,2052978.771206002
53,2052978.771206002
54,2050559.6247362478
55,2050559.6247362478
56,2048028.621182668
57,2047643.015272239
58,2046098.2664179017
59,2046098.2664179017
60,2046098.2664179017
61,2046098.2664179017
62,2046098.2664179017
63,2044089.3943377489
64,2044089.3943377489
65,2044089.3943377489
66,2044089.3943377489
67,2044089.3943377489
