,0
0,2709116.1566951657
1,2681033.091132545
2,2441644.563294381
3,2181864.6088509196
4,2152494.908581581
5,2152494.908581581
6,2067469.274526592
7,1988643.3316519174
8,1884734.9553928399
9,1774234.5795719726
10,1604746.4189129446
11,1546596.912289436
12,1546596.912289436
13,1546596.912289436
14,1506038.5197828992
15,1421230.9185758887
16,1409971.2621576025
17,1289054.6946352336
18,1233164.092436658
19,1162916.2086328622
20,1162916.2086328622
21,1119482.6890667782
22,1096586.2406669639
23,1057585.8567145453
24,1057585.8567145453
25,1050947.6277988849
26,1047631.791280108
27,1043551.4564889583
28,1020018.7748332671
29,1009875.8616282832
30,1009875.8616282832
31,992085.8959176807
32,990639.4174950451
33,973871.521292022
34,973871.521292022
35,969436.7344199121
36,960686.9715412804
37,952814.7415134972
38,949672.3297159856
39,944871.7574295357
40,935519.6905790493
41,935519.6905790493
42,935519.6905790493
43,932663.2151564073
44,932663.2151564073
45,931025.9403740608
46,931025.9403740608
47,931016.7045463768
48,930110.5707404602
49,930110.5707404602
50,930110.5707404602
51,930110.5707404602
52,930101.3349127762
53,930101.3349127762
54,930101.3349127762
55,930101.3349127762
56,930101.3349127762
