,0
0,1969652.6220167053
1,1898187.0671019494
2,1898187.0671019494
3,1766934.4564416597
4,1547531.065154547
5,1547531.065154547
6,1533457.6371611971
7,1471264.4304209242
8,1328229.2609082921
9,1238751.163089909
10,1201186.7614488385
11,1122050.6375244502
12,1122050.6375244502
13,1071461.161726493
14,1052743.533928744
15,1011544.8730149453
16,966150.9716730721
17,965566.527337021
18,899755.8572645164
19,865477.336294441
20,865443.9038462691
21,817094.2578425845
22,817094.2578425845
23,807352.7392530617
24,785744.7396088837
25,781669.1285999039
26,754812.172713963
27,744374.5548273218
28,744374.5548273218
29,725916.2120550211
30,725916.2120550211
31,724373.4771728468
32,715140.5423240063
33,713972.0259697996
34,702122.4810218216
35,698145.1220517302
36,692488.2821462926
37,692488.2821462926
38,685374.596062
39,685374.596062
40,683221.6176506671
41,681388.4850148651
42,678643.2646650177
43,677107.2477466025
44,674014.0910250912
45,672840.0736098182
46,670980.0068606946
47,670233.0728252641
48,670233.0728252641
49,670199.8765552363
50,669677.5202596475
51,669677.5202596475
52,669677.5202596475
53,669647.04059609
54,669523.9785930063
55,669523.9785930063
56,669523.9785930063
57,669523.9785930063
58,669523.9785930063
