,0
0,2801584.1718514063
1,2648487.884332665
2,2634415.867512664
3,2599762.918836169
4,2521002.156676739
5,2365797.4461967787
6,2329648.2994135455
7,2268541.2486139466
8,2158881.651521773
9,2103937.682977643
10,2015462.9439458984
11,1924713.2587873011
12,1924713.2587873011
13,1875982.8841087478
14,1850585.5547713789
15,1766647.5422877888
16,1693142.8274143562
17,1693142.8274143562
18,1616051.3051134564
19,1607351.6756656456
20,1576324.6923609697
21,1559913.288502173
22,1515659.962321547
23,1451415.276027439
24,1423777.5615875868
25,1384955.0777895662
26,1347434.0369498855
27,1347434.0369498855
28,1311095.2507844144
29,1311095.2507844144
30,1291479.7264294978
31,1226706.169443736
32,1225332.6822588327
33,1193832.1029985955
34,1181686.786069744
35,1181686.786069744
36,1158258.4809093392
37,1151277.2373685248
38,1140266.2595821123
39,1135131.849140774
40,1135131.849140774
41,1127257.5763273463
42,1127049.1873042204
43,1117923.785982268
44,1117556.010544157
45,1112585.5067468002
46,1111419.859255183
47,1111419.859255183
48,1111052.083817072
49,1111052.083817072
50,1111052.083817072
51,1111052.083817072
52,1111052.083817072
