,0
0,2774064.821022633
1,2774064.821022633
2,2651489.565600116
3,2638629.0234979987
4,2534249.904026793
5,2343249.9144256264
6,2343249.9144256264
7,2242469.1462302716
8,2126492.6285973126
9,2126492.6285973126
10,2083490.792399446
11,2048091.4162408458
12,1803537.685446225
13,1803537.685446225
14,1803537.685446225
15,1786757.2044910514
16,1689723.0461391525
17,1689723.0461391525
18,1689345.555710327
19,1615032.9873360437
20,1541848.5865936682
21,1541848.5865936682
22,1444337.1067741532
23,1444337.1067741532
24,1444337.1067741532
25,1375327.5111933944
26,1375327.5111933944
27,1353403.9101114683
28,1315857.7685102865
29,1293207.0324398438
30,1270847.556840199
31,1250687.3979196886
32,1242048.1739133564
33,1237075.3434362842
34,1204137.556048777
35,1193839.7889175408
36,1192850.4345370613
37,1180911.086091076
38,1175057.259155106
39,1150939.8434771572
40,1150939.8434771572
41,1147891.9998550664
42,1144982.0182580545
43,1134404.029762523
44,1131624.185499333
45,1130513.5452709089
46,1130513.5452709089
47,1129380.578634492
48,1128214.9311428748
49,1127367.0754235184
50,1126325.7064225145
51,1126201.4279319013
52,1126201.4279319013
53,1126201.4279319013
54,1126201.4279319013
55,1126201.4279319013
