,0
0,2896795.7405139585
1,2736780.3718483723
2,2725433.511823946
3,2595245.3432025206
4,2083639.3253375583
5,2083639.3253375583
6,2044368.3984320664
7,2004005.176475171
8,1858978.4373721487
9,1719805.6499357284
10,1714904.8949374226
11,1694888.9026331655
12,1670540.5327283104
13,1642407.6221413228
14,1556746.3081383535
15,1531486.8962395578
16,1462563.6169012615
17,1390416.114847769
18,1390416.114847769
19,1328717.340328061
20,1328717.340328061
21,1297080.0880586817
22,1251004.297196422
23,1238361.9032916592
24,1199450.008462329
25,1195738.9988602793
26,1167367.7797576683
27,1167367.7797576683
28,1158935.2798879752
29,1131139.9579871583
30,1127024.714704265
31,1127024.714704265
32,1118479.161905875
33,1118479.161905875
34,1113522.2169723785
35,1112489.5196079863
36,1101207.8814085694
37,1097102.349344598
38,1086316.6240695254
39,1082625.0736808756
40,1082625.0736808756
41,1082020.8920187245
42,1080962.6698921109
43,1077674.4943842907
44,1077666.4638025009
45,1077666.4638025009
46,1077666.4638025009
47,1077666.4638025009
48,1077666.4638025009
