,0
0,2759810.9836570336
1,2741862.6577841323
2,2541832.7715735645
3,2426905.5441385685
4,2340279.8910336527
5,2340279.8910336527
6,2279946.058138192
7,2071151.8148207408
8,2071151.8148207408
9,1941688.414393572
10,1936001.395697261
11,1887309.0158038177
12,1871694.8286273223
13,1818061.8362629854
14,1700028.3124259678
15,1700028.3124259678
16,1689532.277183069
17,1629839.078545154
18,1573698.8557248912
19,1548251.8672415086
20,1537199.260736185
21,1503564.9000129534
22,1462913.3046389609
23,1462913.3046389609
24,1435957.877410251
25,1405061.944117674
26,1400061.8869290082
27,1359164.37934015
28,1298560.8015347659
29,1261162.274377033
30,1242813.157280393
31,1242813.157280393
32,1242813.157280393
33,1215775.136260013
34,1201784.14454015
35,1194721.2639308139
36,1180985.6267420922
37,1156812.7753361247
38,1146638.626858291
39,1146638.626858291
40,1141268.0780434534
41,1122086.222648884
42,1121270.4670538749
43,1119842.937772174
44,1114958.8437310685
45,1114958.8437310685
46,1114958.8437310685
47,1113576.0465484315
48,1113110.5837532964
49,1113110.5837532964
50,1112958.3509060799
51,1111792.7034144627
52,1111792.7034144627
53,1111792.7034144627
54,1111792.7034144627
55,1111792.7034144627
