,0
0,1932959.3348942292
1,1785578.108716944
2,1785578.108716944
3,1785578.108716944
4,1667161.2785390832
5,1470167.9265218333
6,1308603.867407878
7,1308603.867407878
8,1270002.0119341915
9,1270002.0119341915
10,1232184.681629591
11,1059881.037199563
12,1059881.037199563
13,1059881.037199563
14,1043406.6558283878
15,1024458.574483041
16,934913.5984617019
17,934913.5984617019
18,850209.5692075709
19,831273.7423522461
20,831273.7423522461
21,824295.2214342246
22,773481.2414413326
23,773481.2414413326
24,746075.2501597374
25,746075.2501597374
26,736041.9390512864
27,736041.9390512864
28,736041.9390512864
29,725822.0316748336
30,718532.8052027575
31,717766.4627386671
32,714196.5003446295
33,713479.9914459353
34,703181.6577092423
35,703181.6577092423
36,695954.9281131341
37,684044.8022567064
38,683217.6681634311
39,683217.6681634311
40,678710.370846807
41,677832.2217717989
42,677832.2217717989
43,675911.8678541606
44,673285.304775539
45,671468.872268806
46,671468.872268806
47,671198.0361507861
48,670290.6783224354
49,669584.6606840275
50,669385.1354652689
51,669385.1354652689
52,669385.1354652689
53,669385.1354652689
54,669385.1354652689
