,0
0,1979800.3855846159
1,1833007.8511079687
2,1833007.8511079687
3,1796600.1227439914
4,1573150.8798455552
5,1536709.5349779527
6,1517906.7013181236
7,1517906.7013181236
8,1462126.0474977144
9,1366554.7940845643
10,1314313.2115897157
11,1207876.5530030099
12,1161817.2851273336
13,1151961.281284288
14,1085991.6692405874
15,1078676.612893544
16,1030652.1799013843
17,1001674.3696748551
18,948711.8351362278
19,948711.8351362278
20,935878.6199709589
21,928609.0180462208
22,882097.4904774806
23,878795.3492243615
24,854626.969400402
25,831765.63591798
26,824546.1864450842
27,808238.8722946242
28,808238.8722946242
29,792785.1541331963
30,780281.2617813052
31,761570.2116535233
32,760488.7649942491
33,755062.7087779759
34,749116.2047872319
35,744707.4598352314
36,742698.7159068916
37,736019.8937212965
38,736019.8937212965
39,734229.3375870414
40,729058.0242862247
41,726578.4382980601
42,723495.2418901164
43,721648.4023448996
44,721648.4023448996
45,721648.4023448996
46,720742.8594877331
47,720742.8594877331
48,720742.8594877331
49,720742.8594877331
50,720742.8594877331
