,0
0,2868861.677722203
1,2851371.2391767423
2,2763677.187954527
3,2466018.7002641326
4,2419722.1155298688
5,2289198.2467554132
6,2171319.857628181
7,2171319.857628181
8,2042847.5847464316
9,1907918.4206595682
10,1842597.6000393264
11,1804820.9480230494
12,1673297.0223446486
13,1527507.9547741816
14,1527507.9547741816
15,1513986.8465882528
16,1386466.6970377932
17,1386466.6970377932
18,1324666.0877785676
19,1324666.0877785676
20,1324666.0877785676
21,1308573.3975935753
22,1297340.9316572545
23,1247622.948176276
24,1212969.345332503
25,1212969.345332503
26,1199170.6719877992
27,1186312.9203815695
28,1180992.7785810062
29,1176556.719925054
30,1150898.36452807
31,1149215.6032204924
32,1141887.4793685824
33,1128108.220185542
34,1124445.7030547576
35,1124445.7030547576
36,1119650.7215969139
37,1119650.7215969139
38,1116150.6341388298
39,1114699.7314656049
40,1109149.9530529843
41,1109149.9530529843
42,1107991.60318036
43,1107983.5725985703
44,1107135.5613578109
45,1107127.530776021
46,1107127.530776021
47,1107037.9250744414
48,1107037.9250744414
49,1107037.9250744414
50,1107037.9250744414
51,1107037.9250744414
