,0
0,2871015.788338844
1,2871015.788338844
2,2739764.520004536
3,2505720.959779142
4,2434286.7590843723
5,2434286.7590843723
6,2237361.7761941855
7,2190922.9733705902
8,2121475.9631059184
9,2069811.0668587922
10,1883304.648468946
11,1790173.306659304
12,1780566.0066004952
13,1646827.5759920692
14,1638144.6288087524
15,1602411.9679245807
16,1497711.306763212
17,1390335.7080541484
18,1390335.7080541484
19,1380763.3969143985
20,1299720.1235751964
21,1227109.3134474861
22,1227109.3134474861
23,1199588.1743499995
24,1199588.1743499995
25,1149657.677330301
26,1146075.9922391616
27,1146075.9922391616
28,1106625.674176829
29,1106625.674176829
30,1102058.5067755526
31,1083305.3388107023
32,1079058.3074633225
33,1076196.9732123604
34,1073993.7881426108
35,1067099.840108746
36,1066566.6676620157
37,1061283.5274731228
38,1056406.077931345
39,1047963.2547083182
40,1043857.7280246579
41,1034449.7879825901
42,1034449.7879825901
43,1034360.0619947248
44,1032175.975108327
45,1030480.5319899964
46,1030480.5319899964
47,1027807.3946053066
48,1027085.0818362966
49,1026013.1439684856
50,1026013.1439684856
51,1026013.1439684856
52,1026013.1439684856
53,1026013.1439684856
