,0
0,2977685.433043101
1,2883222.9025349207
2,2612959.7639988647
3,2561818.930212452
4,2511402.8518821574
5,2405185.370558266
6,2311062.065619165
7,2186141.163784236
8,2121609.6590899364
9,2121609.6590899364
10,2013822.9238478485
11,1911971.604184979
12,1911971.604184979
13,1911971.604184979
14,1865186.0356485143
15,1806648.789947891
16,1763544.445724596
17,1681326.813797447
18,1670358.5751023693
19,1633942.9441754501
20,1602285.8442262006
21,1590561.2537718664
22,1530664.7821850334
23,1492171.6863842946
24,1445968.747995761
25,1435458.7760250277
26,1376621.011058026
27,1376621.011058026
28,1376621.011058026
29,1343795.475051305
30,1319912.7826973333
31,1291472.0422207266
32,1261059.3341826212
33,1256314.5100989642
34,1251817.409976255
35,1201352.1077278156
36,1201352.1077278156
37,1195768.0249951791
38,1178887.7878136318
39,1174795.7776037413
40,1161918.1673489555
41,1158874.696998708
42,1151749.3552825889
43,1141723.5705441767
44,1122450.6387328932
45,1122450.6387328932
46,1122450.6387328932
47,1122450.6387328932
48,1122450.6387328932
