,0
0,2816541.8721201266
1,2738675.02193065
2,2704483.6823361283
3,2427011.529689014
4,2427011.529689014
5,2384155.540133023
6,2300756.8496785862
7,2182108.6081016366
8,1969534.370917083
9,1893870.4241808415
10,1747517.3502521128
11,1747517.3502521128
12,1747517.3502521128
13,1639311.8146978186
14,1606356.1008275172
15,1441467.9179371095
16,1408805.8405682002
17,1363883.8832603553
18,1359319.6212053187
19,1331735.128508395
20,1248285.5140746448
21,1211790.6989402457
22,1193205.0068420407
23,1175660.7126716338
24,1175367.4122946798
25,1121165.0314828355
26,1106126.1471832856
27,1106126.1471832856
28,1106126.1471832856
29,1097956.1057313837
30,1084696.093692925
31,1084696.093692925
32,1083948.8466113836
33,1069645.2508546647
34,1067197.451163553
35,1062735.740220027
36,1061305.4301317758
37,1060821.5319799008
38,1047544.0813380417
39,1047544.0813380417
40,1044351.795769464
41,1041535.2694987194
42,1041535.2694987194
43,1038492.3963527031
44,1034333.2823208283
45,1032500.272099254
46,1032086.5591626993
47,1030730.4380997379
48,1030354.5546530966
49,1030354.5546530966
50,1030346.5240713068
51,1030346.5240713068
52,1030346.5240713068
53,1030346.5240713068
54,1030346.5240713068
