,0
0,2847718.432508418
1,2820171.6561582335
2,2746608.128235044
3,2533177.1682613543
4,2533177.1682613543
5,2533177.1682613543
6,2284974.5883850073
7,2019987.1012723346
8,2019987.1012723346
9,2019987.1012723346
10,1974603.9784804333
11,1890904.5355787608
12,1746783.0120101224
13,1746783.0120101224
14,1712125.9300109616
15,1586441.4934850542
16,1586441.4934850542
17,1520227.6935905367
18,1451639.4212015786
19,1378233.3330668297
20,1337096.3770799297
21,1337096.3770799297
22,1308811.3453140277
23,1280220.4632469667
24,1217271.0214107146
25,1217271.0214107146
26,1217271.0214107146
27,1198332.6040461424
28,1160786.1509977805
29,1160786.1509977805
30,1141976.401166162
31,1141926.4061560163
32,1137864.0125564255
33,1115187.2127978904
34,1115187.2127978904
35,1111357.5245472847
36,1103058.6789047343
37,1099697.725889341
38,1082829.4668162041
39,1082147.5293892047
40,1082147.5293892047
41,1076336.2552786923
42,1076336.2552786923
43,1073829.9514556115
44,1071483.1801331653
45,1071483.1801331653
46,1069853.9107798114
47,1068475.5212071126
48,1068253.4991640295
49,1067229.5920785232
50,1065777.7756906934
51,1065137.0380414731
52,1065137.0380414731
53,1065129.0074596833
54,1065129.0074596833
55,1065129.0074596833
56,1065129.0074596833
57,1065129.0074596833
