,0
0,2922306.281840584
1,2766072.2572459523
2,2766072.2572459523
3,2502780.567035378
4,2475032.2623022767
5,2286574.960636186
6,2286574.960636186
7,2215343.6346204365
8,2062131.035976425
9,2031358.376588855
10,2031358.376588855
11,1985819.2647206897
12,1866433.5365137556
13,1839324.1446167566
14,1647232.8925153776
15,1643916.21749028
16,1643916.21749028
17,1643916.21749028
18,1613144.4678233543
19,1543674.3444995878
20,1512281.7452537636
21,1495699.8778669252
22,1473234.630783189
23,1472190.8137556564
24,1405178.407912504
25,1405178.407912504
26,1404304.8454467813
27,1364332.0442838639
28,1362928.3353314572
29,1355427.3075854634
30,1319893.1637635238
31,1309288.798603232
32,1293371.4396367937
33,1283340.6372679467
34,1276086.0242054828
35,1267065.9472158102
36,1265427.0343455668
37,1252052.3345859991
38,1248532.6972520053
39,1237232.6066302205
40,1237232.6066302205
41,1237232.6066302205
42,1237232.6066302205
43,1235479.4901606294
44,1235479.4901606294
45,1234177.6861674348
46,1233012.0386758177
47,1233012.0386758177
48,1233012.0386758177
49,1233012.0386758177
50,1233012.0386758177
