,0
0,3346846.9687172268
1,3346846.9687172268
2,3267502.354819837
3,3097662.8322993997
4,3069271.8309769
5,2851315.357702322
6,2851315.357702322
7,2831813.609028111
8,2831199.2265951233
9,2717360.544949223
10,2695606.373183816
11,2619417.6854804894
12,2619417.6854804894
13,2605352.4114893684
14,2584178.3848667317
15,2541216.0924684335
16,2541216.0924684335
17,2526739.4847438675
18,2450963.2273053424
19,2450963.2273053424
20,2434276.992383838
21,2402347.3063294403
22,2402347.3063294403
23,2386817.988183982
24,2334614.1500551947
25,2305510.7424439164
26,2284065.9118155222
27,2284065.9118155222
28,2284065.9118155222
29,2246427.525529618
30,2246427.525529618
31,2232760.297915283
32,2232760.297915283
33,2201417.912139054
34,2189135.608115864
35,2179266.5163377565
36,2167349.8789166743
37,2162228.4642129843
38,2158212.5388891697
39,2154747.9843107583
40,2139638.1685768184
41,2127520.201008894
42,2127520.201008894
43,2127520.201008894
44,2126573.6222913736
45,2119482.3193828813
46,2119482.3193828813
47,2115632.173029285
48,2115632.173029285
49,2112108.9006634215
50,2112108.9006634215
51,2111090.119644182
52,2111090.119644182
53,2107647.9601728986
54,2107372.347300743
55,2106823.418270388
56,2106823.418270388
57,2106823.418270388
58,2106757.794648498
59,2106548.73821889
60,2106548.73821889
61,2106548.73821889
62,2106548.73821889
63,2106548.73821889
64,2106483.1145969993
65,2106483.1145969993
66,2106483.1145969993
67,2106483.1145969993
68,2106483.1145969993
