,0
0,3352335.2173675173
1,3352335.2173675173
2,3118532.073550286
3,3088385.373656507
4,3088385.373656507
5,2986981.164639055
6,2986981.164639055
7,2979023.728996609
8,2902462.1013029716
9,2825184.1349793794
10,2775249.0065014455
11,2711316.4025249677
12,2672363.7412867374
13,2663560.451938042
14,2648159.8439735644
15,2581548.3776727263
16,2554915.829892027
17,2517877.1078148913
18,2478974.3548160465
19,2476773.275403591
20,2404718.12404091
21,2404718.12404091
22,2404718.12404091
23,2357698.597428103
24,2333410.9652588936
25,2333410.9652588936
26,2307264.0929114805
27,2287341.3957608948
28,2270426.009666591
29,2259911.7256750455
30,2240251.532542486
31,2240251.532542486
32,2218347.4632541914
33,2193299.0488319867
34,2193299.0488319867
35,2176362.5296864794
36,2176362.5296864794
37,2150567.6664699274
38,2147062.2860944523
39,2147062.2860944523
40,2147062.2860944523
41,2131865.063800084
42,2131865.063800084
43,2115343.0066685304
44,2115343.0066685304
45,2115343.0066685304
46,2110923.2396568297
47,2106852.5985851283
48,2106225.6271613208
49,2097567.7486310913
50,2094988.7369736077
51,2091936.5178000417
52,2091936.5178000417
53,2090442.5630074686
54,2087272.1512026342
55,2084811.5821686285
56,2080258.196106279
57,2079419.981739837
58,2079419.981739837
59,2079252.2444535973
60,2079252.2444535973
61,2079252.2444535973
62,2078414.0300871548
63,2078414.0300871548
64,2078250.7170457682
65,2078250.7170457682
66,2078250.7170457682
67,2078250.7170457682
68,2078250.7170457682
