,0
0,3232471.2403148985
1,3232471.2403148985
2,3035093.926087763
3,2964813.4702318422
4,2964813.4702318422
5,2879753.6721133245
6,2821321.559505477
7,2750142.615835592
8,2699443.2385720634
9,2699443.2385720634
10,2615649.1543848063
11,2615649.1543848063
12,2595199.68784453
13,2575069.013219611
14,2502620.522225137
15,2502620.522225137
16,2460421.070566265
17,2457154.630371477
18,2433571.075663679
19,2403390.7508642725
20,2345032.308398351
21,2345032.308398351
22,2322649.4654405583
23,2292552.932112376
24,2235685.4293797393
25,2235685.4293797393
26,2221947.6254365877
27,2221947.6254365877
28,2165911.0598367364
29,2165911.0598367364
30,2165911.0598367364
31,2141600.780580258
32,2139515.5456032725
33,2108848.541812933
34,2107805.059133148
35,2085123.503611125
36,2083311.5898398894
37,2066102.22978542
38,2044385.6500493858
39,2039460.4529278423
40,2029037.6079632256
41,2029037.6079632256
42,2023253.704657533
43,2013696.7336634144
44,1989585.5263556922
45,1989585.5263556922
46,1989585.5263556922
47,1989585.5263556922
48,1985990.631673901
49,1979135.531877635
50,1973787.274223113
51,1973787.274223113
52,1959962.9496997893
53,1958930.632386456
54,1955981.014717063
55,1943216.9040456244
56,1943216.9040456244
57,1943216.9040456244
58,1941745.0386654944
59,1940308.7078695926
60,1940308.7078695926
61,1938670.8616659783
62,1938322.6561520586
63,1938322.6561520586
64,1937476.7696534856
65,1937146.69987235
66,1937146.69987235
67,1937146.69987235
68,1937146.69987235
69,1937146.69987235
70,1937069.4346339912
71,1937069.4346339912
72,1936762.8927645166
73,1936762.8927645166
74,1936762.8927645166
75,1936687.6910201088
76,1936687.6910201088
77,1936687.6910201088
78,1936687.6910201088
79,1936687.6910201088
