,0
0,1955456.5983853627
1,1917749.346171127
2,1803371.8843798025
3,1755972.464739063
4,1612258.8113022544
5,1581485.7439377483
6,1487063.5943314785
7,1418592.877279634
8,1340668.7278372648
9,1269690.7409863966
10,1229016.9444228355
11,1187959.252814977
12,1154743.9000933524
13,1101672.2752817236
14,1044457.7716108726
15,965756.6129716558
16,965756.6129716558
17,936744.1404724126
18,896015.8204976672
19,866976.2393122558
20,853888.2698391231
21,822114.9886572815
22,818225.8289290433
23,758336.1391070326
24,758336.1391070326
25,750132.043106978
26,750132.043106978
27,742756.3447281086
28,735335.3063453801
29,725676.5546717093
30,722212.3271166346
31,715926.6233459827
32,713779.6289667928
33,701988.5596467304
34,699049.2536296054
35,697590.2312025417
36,692260.3738849789
37,687848.63112882
38,686533.9279030367
39,678301.5228005481
40,678301.5228005481
41,676604.7680859388
42,673713.6593471126
43,673713.6593471126
44,673188.8295693366
45,671049.6379285188
46,671019.7766691888
47,670524.5228932799
48,670324.9976745212
49,669281.6532650149
50,669281.6532650149
51,669042.0132998985
52,669042.0132998985
53,668924.8634980704
54,668685.2235329541
55,668685.2235329541
56,668685.2235329541
57,668685.2235329541
58,668685.2235329541
