,0
0,2946547.910343935
1,2851207.408537021
2,2833103.312628891
3,2594877.502763735
4,2594877.502763735
5,2543188.315101495
6,2382691.1062547206
7,2279446.650871152
8,2221097.9938707263
9,2166135.294806213
10,2095155.186934848
11,2001838.294267875
12,1956386.8668660887
13,1956386.8668660887
14,1886140.4670419851
15,1841966.8755895619
16,1667727.8978180776
17,1667727.8978180776
18,1667727.8978180776
19,1642411.098538575
20,1556975.3607234003
21,1556975.3607234003
22,1521574.357731884
23,1513504.9502922504
24,1441466.895993073
25,1441466.895993073
26,1441466.895993073
27,1439722.4157154984
28,1398832.7686530338
29,1377344.9726662368
30,1375759.388915019
31,1344743.2347443323
32,1338813.6324222533
33,1287348.7556341358
34,1287348.7556341358
35,1266497.6726734699
36,1266497.6726734699
37,1246883.644967368
38,1224438.7267068303
39,1224438.7267068303
40,1224438.7267068303
41,1221057.320207287
42,1221057.320207287
43,1219200.9011753155
44,1214436.6974931352
45,1214436.6974931352
46,1214436.6974931352
47,1214436.6974931352
48,1214436.6974931352
