,0
0,1972385.7324396719
1,1841994.3434775886
2,1757270.6601365772
3,1709427.9279950554
4,1685730.2931027715
5,1513998.7805478708
6,1432923.2333504201
7,1426978.2022575294
8,1288994.6282119139
9,1288994.6282119139
10,1264455.5369752701
11,1184554.4046072594
12,1173527.673361903
13,1065218.7635679117
14,1065218.7635679117
15,1031400.1685658498
16,1009566.0668412921
17,956207.756130524
18,901338.4265256828
19,888135.8968830109
20,842369.6789550656
21,842369.6789550656
22,793741.9955980978
23,793741.9955980978
24,790422.9907664063
25,768006.1641683105
26,736456.1431694312
27,736456.1431694312
28,736456.1431694312
29,736456.1431694312
30,728475.1372889742
31,726035.101303626
32,722405.8385705199
33,714330.8400065944
34,712990.6476583969
35,704821.1494033406
36,699042.9263086544
37,699042.9263086544
38,691752.9314861204
39,688188.3005863946
40,686948.5731611183
41,681781.0327323084
42,681781.0327323084
43,681504.9851975993
44,680065.6223038787
45,677005.604583183
46,675860.2909328155
47,675539.4985944303
48,675539.4985944303
49,675539.4985944303
50,675539.4985944303
51,675539.4985944303
