,0
0,3297643.5984321223
1,3209412.154046708
2,3209412.154046708
3,3140558.5897203446
4,2955411.0559023633
5,2917782.9416496656
6,2772147.766160449
7,2772147.766160449
8,2772147.766160449
9,2772147.766160449
10,2748945.1585948984
11,2685591.649125077
12,2631979.8670850014
13,2576831.598630327
14,2552210.8415139145
15,2501998.994353723
16,2476627.071194692
17,2470787.318999071
18,2431429.4188066307
19,2405325.3512186743
20,2404211.634406265
21,2404211.634406265
22,2381235.067323453
23,2350460.7913409527
24,2344265.699381411
25,2313523.222501363
26,2299063.055340012
27,2275048.247272478
28,2243623.55270645
29,2241067.2212766367
30,2241067.2212766367
31,2223882.3728981665
32,2175766.878852607
33,2175766.878852607
34,2175766.878852607
35,2173385.636227088
36,2173385.636227088
37,2163325.2005250775
38,2162363.820321331
39,2158632.7468666174
40,2154732.412544181
41,2149692.93868391
42,2147785.7012840724
43,2145766.0960875754
44,2142489.000527022
45,2138241.377314302
46,2138218.569981347
47,2131643.2449552435
48,2131643.2449552435
49,2126722.80103936
50,2126722.80103936
51,2123509.681404144
52,2123509.681404144
53,2121630.360042204
54,2116257.9844946666
55,2116257.9844946666
56,2116257.9844946666
57,2111790.4717386155
58,2111790.4717386155
59,2111488.5824070065
60,2104834.7206072686
61,2088599.2444973232
62,2088599.2444973232
63,2083939.6496701643
64,2083107.1496554224
65,2079014.946904002
66,2077594.1946117617
67,2077531.3552136521
68,2076219.4353851224
69,2076219.4353851224
70,2076219.4353851224
71,2075957.348014063
72,2075957.348014063
73,2075957.348014063
74,2075957.348014063
75,2075957.348014063
