,0
0,3483731.038575546
1,3416213.8239862258
2,3077301.83800509
3,3053337.296817845
4,3053337.296817845
5,2975308.1423200644
6,2871674.502788594
7,2727888.9188132007
8,2727888.9188132007
9,2675361.9463887583
10,2675361.9463887583
11,2675361.9463887583
12,2654249.5293801813
13,2649038.206878643
14,2538425.0313148806
15,2538425.0313148806
16,2516355.718080552
17,2480900.501759488
18,2409338.2949395385
19,2409338.2949395385
20,2409338.2949395385
21,2399145.542922923
22,2376486.531348106
23,2333274.603356346
24,2333082.1745970873
25,2305013.4810876274
26,2305013.4810876274
27,2291285.0751757193
28,2269957.588561457
29,2269957.588561457
30,2259891.868318461
31,2259891.868318461
32,2233125.7770840046
33,2233125.7770840046
34,2188697.9386259266
35,2188697.9386259266
36,2188697.9386259266
37,2169349.2161184154
38,2169349.2161184154
39,2169349.2161184154
40,2159400.184436461
41,2156295.4179456397
42,2135359.2739984384
43,2129374.676673411
44,2127175.214770597
45,2126741.0172003843
46,2122485.688235916
47,2122485.688235916
48,2121412.57934423
49,2120354.1157477894
50,2113375.0248286454
51,2113375.0248286454
52,2113064.8979939455
53,2112803.3364784447
54,2108345.9479090944
55,2108345.9479090944
56,2107774.0951922867
57,2107774.0951922867
58,2107365.528986748
59,2107365.528986748
60,2107365.528986748
61,2107365.528986748
62,2107365.528986748
