,0
0,2905830.864146917
1,2810600.3811219963
2,2615101.7560224263
3,2577452.2726883395
4,2440839.5932205077
5,2362137.618864646
6,2341945.707470172
7,2081580.9220562452
8,2081580.9220562452
9,1985378.4324492104
10,1926674.5166140588
11,1879741.8308458123
12,1870348.7262821207
13,1830078.9686485028
14,1719682.8273980878
15,1601499.8523471912
16,1601499.8523471912
17,1568111.3307006962
18,1568111.3307006962
19,1511147.2868969243
20,1511147.2868969243
21,1471105.614155352
22,1460019.534182464
23,1419973.4117756058
24,1382238.92894893
25,1372658.8763572935
26,1335645.3712803444
27,1306874.174792212
28,1281188.8490676454
29,1281188.8490676454
30,1242394.3916879492
31,1236147.4879267022
32,1217395.3632877418
33,1208835.5629903458
34,1195250.721581166
35,1187008.667574387
36,1168263.2758642687
37,1147011.0748108386
38,1132857.957531163
39,1132857.957531163
40,1127624.4792305713
41,1127624.4792305713
42,1117409.787599885
43,1112848.8047137647
44,1111898.699813042
45,1109894.4885693819
46,1106467.6540532608
47,1106467.6540532608
48,1106467.6540532608
49,1106099.8786151498
50,1106099.8786151498
51,1106099.8786151498
52,1106099.8786151498
53,1106099.8786151498
