,0
0,2817349.406272509
1,2817349.406272509
2,2540917.06985382
3,2410741.6708155163
4,2225170.0910168733
5,2225170.0910168733
6,2071111.152648803
7,1973761.013903164
8,1973761.013903164
9,1894821.3757336342
10,1739335.071412018
11,1590401.4378795538
12,1590401.4378795538
13,1520964.844976875
14,1511576.6687398416
15,1432939.2837668825
16,1348178.0114904523
17,1329263.8359420628
18,1320461.9232121252
19,1237232.9342296422
20,1237232.9342296422
21,1210871.6700272756
22,1168600.7269644886
23,1129402.3917757499
24,1108408.0471151788
25,1100040.8700246848
26,1052403.4652037309
27,1046276.0220347211
28,1009621.922884505
29,997078.0992372682
30,997078.0992372682
31,985709.153606091
32,983775.7026000802
33,975988.16101629
34,973574.0885392382
35,964020.9046550799
36,964020.9046550799
37,964020.9046550799
38,956910.249713997
39,953476.1727474075
40,951652.9035739739
41,948915.7221888843
42,943971.8726237033
43,942295.6185664368
44,942295.6185664368
45,942295.6185664368
46,942167.4978725828
47,942167.4978725828
48,941362.6810029567
49,941362.6810029567
50,941362.6810029567
51,941362.6810029567
52,941362.6810029567
