,0
0,2714365.4144450375
1,2687925.647003307
2,2687925.647003307
3,2629242.35757355
4,2422494.4294854216
5,2309932.131822376
6,2184524.0116085825
7,2184524.0116085825
8,2081388.8020090943
9,2039978.9615847536
10,1937681.008839168
11,1819498.3371477372
12,1794144.0489407391
13,1620444.0973748106
14,1612310.924135789
15,1564964.703705916
16,1516706.5484834416
17,1454738.7604399347
18,1387411.886678416
19,1387411.886678416
20,1293887.3660683276
21,1227237.9754683764
22,1227237.9754683764
23,1226604.1392429369
24,1194526.61219523
25,1168866.7280725075
26,1127916.5592382357
27,1123307.9477825179
28,1082930.673302444
29,1082930.673302444
30,1074473.8426895163
31,1074473.8426895163
32,1074473.8426895163
33,1071851.1431325234
34,1052849.7899839121
35,1044475.9827097206
36,1044475.9827097206
37,1044475.9827097206
38,1044475.9827097206
39,1044268.791172993
40,1040612.963779468
41,1039582.8311625171
42,1033189.9167263078
43,1033189.9167263078
44,1032538.715135805
45,1031450.7921862163
46,1031074.9087395748
47,1030344.5653887751
48,1030344.5653887751
49,1030344.5653887751
50,1030296.1507456036
51,1030296.1507456036
52,1030296.1507456036
53,1030296.1507456036
54,1030296.1507456036
55,1030288.1201638138
56,1030288.1201638138
57,1030288.1201638138
58,1030288.1201638138
59,1030288.1201638138
