,0
0,3165928.373823191
1,3165928.373823191
2,3112706.484030861
3,3112015.9000601727
4,2975187.943664843
5,2840771.4656541967
6,2808387.7181091052
7,2753138.602909603
8,2748820.9137691646
9,2708347.902881893
10,2591899.7437647036
11,2559266.6849486525
12,2559266.6849486525
13,2460618.573062809
14,2460618.573062809
15,2417584.071270756
16,2417584.071270756
17,2397064.1247279514
18,2387887.7510534925
19,2343618.994991521
20,2304866.3237931216
21,2304866.3237931216
22,2256881.6275746506
23,2248660.887519962
24,2218963.8174681473
25,2218963.8174681473
26,2218963.8174681473
27,2199763.370872468
28,2183799.130983711
29,2153597.2310539433
30,2130094.4719917905
31,2099850.6909382
32,2080158.2497089559
33,2080158.2497089559
34,2074034.1681116256
35,2063398.456554555
36,2055865.4371023718
37,2047990.5212094518
38,2024730.7589897052
39,2020630.9399566427
40,1992631.1497670314
41,1992631.1497670314
42,1970965.5097962704
43,1970965.5097962704
44,1953398.8598348247
45,1945578.5913858134
46,1945578.5913858134
47,1945578.5913858134
48,1942846.943048696
49,1934659.6596976072
50,1934659.6596976072
51,1922252.307976739
52,1922252.307976739
53,1920953.8973543725
54,1910610.3644598876
55,1904728.2112003558
56,1904728.2112003558
57,1902822.383289595
58,1894516.8881552643
59,1888582.7013903994
60,1888582.7013903994
61,1886730.7593796921
62,1886730.7593796921
63,1882735.568646546
64,1880493.391403077
65,1878628.6969948644
66,1876932.6729365115
67,1876502.3784367482
68,1875070.7076008208
69,1873571.8861968394
70,1873571.8861968394
71,1872754.3597233214
72,1872152.309570342
73,1871850.506875223
74,1871850.506875223
75,1871850.506875223
76,1871850.506875223
77,1871850.506875223
