,0
0,3296741.9867938575
1,3296741.9867938575
2,3262199.568705903
3,3098788.9715480027
4,2993408.550659208
5,2959294.732061434
6,2889371.750225521
7,2870881.0207187696
8,2778779.5340868086
9,2683271.3039805754
10,2683271.3039805754
11,2683271.3039805754
12,2658781.756722071
13,2571595.082977962
14,2546602.621653227
15,2541024.156173842
16,2525864.570970355
17,2462202.781322503
18,2407293.5451273574
19,2407293.5451273574
20,2402694.1796702202
21,2382284.9000712372
22,2348151.7560301735
23,2302353.7113373745
24,2302353.7113373745
25,2287959.527367487
26,2266961.196694033
27,2250273.5828200975
28,2230963.446987582
29,2230963.446987582
30,2227492.8986254274
31,2207524.3107619327
32,2207524.3107619327
33,2187179.5521447198
34,2174244.5720570474
35,2157012.4016549904
36,2157012.4016549904
37,2144240.3844143446
38,2141162.468482535
39,2134832.59811336
40,2126146.1794601777
41,2108244.4173522554
42,2108244.4173522554
43,2108007.311929057
44,2086501.5714603048
45,2082440.4892981257
46,2082440.4892981257
47,2052882.2455735344
48,2048063.5624138408
49,2048063.5624138408
50,2048063.5624138408
51,2047692.6065624421
52,2046954.2570889026
53,2043637.2457266464
54,2043637.2457266464
55,2042167.7261519644
56,2037676.7822709347
57,2037676.7822709347
58,2036811.0780951076
59,2036274.2431665892
60,2036274.2431665892
61,2035194.78449221
62,2029336.543366593
63,2029336.543366593
64,2029336.543366593
65,2029082.857883574
66,2028863.1606485948
67,2028795.8716816292
68,2027402.6005945606
69,2027402.6005945606
70,2027402.6005945606
71,2027402.6005945606
72,2026763.6006684708
73,2026763.6006684708
74,2026763.6006684708
75,2026763.6006684708
76,2026763.6006684708
