,0
0,1986658.6709708392
1,1904393.3399746057
2,1812551.128311841
3,1739288.0770104008
4,1707501.5683744359
5,1642311.5385653817
6,1600443.2330318876
7,1543902.4595935815
8,1437595.2305428958
9,1349198.110652336
10,1332806.465693422
11,1271337.464925636
12,1136720.8210805133
13,1136720.8210805133
14,1104370.3995814342
15,1045088.5897453445
16,950632.7266932739
17,950632.7266932739
18,917822.464771164
19,917822.464771164
20,903640.466708359
21,877087.3326587154
22,856902.3928030493
23,843059.5020248039
24,801294.4843429676
25,769442.6250125244
26,766720.4537032166
27,766113.061189312
28,758037.6137873176
29,755006.5108553846
30,745412.8595734497
31,736590.4935335247
32,736590.4935335247
33,727210.8537556276
34,726311.6028251281
35,724291.0146472994
36,716980.339303033
37,714971.3691571275
38,709550.4107504068
39,708232.815184341
40,704714.8486351976
41,701968.5898893757
42,701968.5898893757
43,700504.8016470834
44,694130.1172307605
45,694130.1172307605
46,694130.1172307605
47,693067.1225206864
48,692743.2661021324
49,692044.4298616917
50,692044.4298616917
51,691320.455974949
52,690965.3503511043
53,690963.6662080047
54,690810.1245413633
55,690644.558012719
56,690644.558012719
57,690644.558012719
58,690644.558012719
59,690644.558012719
