,0
0,2689657.608363886
1,2689657.608363886
2,2636129.567965324
3,2442909.524139874
4,2249037.5836682185
5,2092953.743162908
6,2019445.055305357
7,1895678.900758987
8,1895678.900758987
9,1764045.1944670058
10,1615533.2849233965
11,1615533.2849233965
12,1600573.4677612062
13,1514898.306086445
14,1414759.9257856458
15,1347585.6380927148
16,1232401.720585779
17,1232401.720585779
18,1207611.9547715655
19,1143177.3065502238
20,1110378.3244481368
21,1063204.884832062
22,1056997.4437185463
23,1055746.2562312512
24,1019684.7147677039
25,1011589.5327307039
26,992979.7466659553
27,986236.197286345
28,986236.197286345
29,965931.7902450425
30,965931.7902450425
31,964690.7929510623
32,954571.851298949
33,946881.3607753839
34,941475.8737830404
35,932113.3178249695
36,928257.3592130794
37,928257.3592130794
38,921001.821542597
39,921001.821542597
40,921001.821542597
41,918868.7293189715
42,916101.9072865867
43,916101.9072865867
44,913667.9894016193
45,913667.9894016193
46,913133.6096836507
47,911353.1480820765
48,911353.1480820765
49,910975.64308837
50,910437.7784484759
51,910437.7784484759
52,910437.7784484759
53,910437.7784484759
54,910437.7784484759
