,0
0,3339182.116839427
1,3310286.7296609543
2,3232507.0121724927
3,3162512.6675399775
4,3027538.936644232
5,2911504.3505752394
6,2822550.137445473
7,2735046.857056887
8,2735046.857056887
9,2686630.2645904883
10,2633193.5695227594
11,2596759.212682555
12,2465481.7332212627
13,2465481.7332212627
14,2465481.7332212627
15,2451279.8689798093
16,2428622.923999756
17,2374907.5368568837
18,2374907.5368568837
19,2346968.8567158785
20,2338948.746713324
21,2299223.246885409
22,2296093.2058821796
23,2293455.45251358
24,2265290.40474859
25,2232021.597568581
26,2214441.728320845
27,2202697.8870253894
28,2188844.8037683005
29,2180091.6432047216
30,2155647.725421147
31,2145390.313634479
32,2136866.9362318693
33,2104744.1949502225
34,2085566.154968937
35,2079279.412883688
36,2079279.412883688
37,2067740.9148092498
38,2046731.9020198483
39,2046731.9020198483
40,2027817.0915071557
41,2027817.0915071557
42,2027817.0915071557
43,2026657.0495553224
44,2014873.1743946846
45,2008649.4089224152
46,1996650.894730298
47,1995100.7821654112
48,1982331.2164084264
49,1972007.7357096523
50,1968346.3234726198
51,1968346.3234726198
52,1955502.4754776896
53,1955502.4754776896
54,1955502.4754776896
55,1952224.3197041308
56,1949236.0784522044
57,1942415.3177478325
58,1940956.8811426698
59,1940956.8811426698
60,1935023.4955382321
61,1932549.4496203458
62,1932549.4496203458
63,1930259.767717559
64,1929838.4096761986
65,1929224.8105498329
66,1927995.316215789
67,1927995.316215789
68,1926854.8331917415
69,1925238.5460068914
70,1923976.6418850583
71,1922836.1588610108
72,1922836.1588610108
73,1921739.0424999534
74,1921739.0424999534
75,1920704.0853322272
76,1920704.0853322272
77,1920704.0853322272
78,1920704.0853322272
79,1920704.0853322272
