,0
0,2761048.5974296615
1,2706577.4501704574
2,2553517.86012244
3,2355679.688776587
4,2235796.403671793
5,2169441.4675691626
6,2169441.4675691626
7,2088684.135169468
8,1963482.7370140906
9,1920444.4023270325
10,1861866.8710365826
11,1822186.6494854975
12,1745309.0750817272
13,1674545.719854729
14,1674545.719854729
15,1658422.0822851958
16,1578997.5500744504
17,1506439.9319242593
18,1506439.9319242593
19,1506439.9319242593
20,1492699.055146235
21,1432426.2066430538
22,1429215.7802400736
23,1394391.4289387
24,1363713.4300935294
25,1318119.0717200676
26,1318119.0717200676
27,1318119.0717200676
28,1305768.4919906883
29,1288706.7373838683
30,1284262.325616092
31,1275483.6420965798
32,1238011.9078366347
33,1238011.9078366347
34,1238011.9078366347
35,1233260.1719072284
36,1229877.9025176081
37,1216414.101882121
38,1211075.952791194
39,1209103.2706191463
40,1208276.3317321881
41,1200931.8031233528
42,1200931.8031233528
43,1200564.0276852418
44,1200564.0276852418
45,1200564.0276852418
46,1200564.0276852418
47,1200564.0276852418
