,0
0,2679706.7695528334
1,2679706.7695528334
2,2679706.7695528334
3,2605744.6877202326
4,2524430.363832869
5,2170456.681726075
6,2170456.681726075
7,2115086.6956994873
8,2115086.6956994873
9,2099691.18785473
10,1825542.1390801542
11,1825542.1390801542
12,1825542.1390801542
13,1825542.1390801542
14,1714213.3537768265
15,1644872.040921449
16,1634733.810149299
17,1530951.6158684173
18,1530951.6158684173
19,1458868.8943039055
20,1450920.4465189215
21,1395279.880858144
22,1356326.941822348
23,1303891.4249738336
24,1282674.1229042104
25,1247244.9361490693
26,1199445.0180883887
27,1186266.2856208647
28,1172419.653647076
29,1161187.28225819
30,1161187.28225819
31,1132431.7640381935
32,1121952.224472666
33,1120409.2534812416
34,1110181.0929427037
35,1095058.117879387
36,1087714.9788739283
37,1087528.7384488427
38,1084510.944275487
39,1084510.944275487
40,1079909.9314469965
41,1077432.3401935988
42,1073414.829188354
43,1071456.5417149488
44,1069442.188931495
45,1067791.989022424
46,1065171.0317488182
47,1062803.8511163085
48,1062420.7050104649
49,1060417.7910871925
50,1060163.2569803963
51,1059726.2011214043
52,1057718.805716803
53,1057718.805716803
54,1056988.4623660033
55,1056988.4623660033
56,1056682.586891243
57,1056682.586891243
58,1056682.586891243
59,1056682.586891243
60,1056682.586891243
