,0
0,3006940.3988653733
1,2669409.0658570905
2,2615859.092365243
3,2615859.092365243
4,2523249.5773627814
5,2422440.4783430635
6,2234368.828111422
7,2207242.160209088
8,2207242.160209088
9,2078219.9503046684
10,2069907.9161026264
11,1992308.12154261
12,1904859.396446036
13,1904859.396446036
14,1787190.5711253854
15,1787190.5711253854
16,1759629.6159299884
17,1654397.9714461577
18,1654397.9714461577
19,1654397.9714461577
20,1622165.8532743617
21,1500480.267637003
22,1500480.267637003
23,1500480.267637003
24,1500480.267637003
25,1482310.4218077234
26,1479397.6429356541
27,1450609.8664584178
28,1417645.0303318822
29,1416473.2072000091
30,1366938.0895239383
31,1329638.5643939297
32,1329638.5643939297
33,1329638.5643939297
34,1329078.1313792523
35,1304065.0025715812
36,1295740.34652105
37,1295740.34652105
38,1276390.1407788573
39,1270378.6022912734
40,1266009.9412223331
41,1254843.0486105937
42,1254843.0486105937
43,1251938.0157236466
44,1251938.0157236466
45,1251938.0157236466
46,1251938.0157236466
47,1251938.0157236466
48,1251629.7300793608
49,1251629.7300793608
50,1251629.7300793608
51,1251629.7300793608
52,1251629.7300793608
