,0
0,952505.2541472517
1,823697.3477257006
2,780253.0418231854
3,780253.0418231854
4,732639.6214018873
5,669995.4837336934
6,648078.3949827951
7,643531.0682196962
8,617808.1983079036
9,584196.2399821616
10,584196.2399821616
11,584196.2399821616
12,573660.1254964351
13,556961.4154300735
14,556961.4154300735
15,545223.3354151357
16,545223.3354151357
17,544420.1137092154
18,530208.9056404924
19,529176.7974827415
20,529176.7974827415
21,527096.6004316846
22,527096.6004316846
23,526195.4678111452
24,523992.7389230734
25,523312.5244752741
26,522898.85355080257
27,521997.72093026317
28,521893.6488536075
29,518752.81460775516
30,518752.81460775516
31,517447.77768948773
32,517447.77768948773
33,516823.53205458104
34,516118.72120565706
35,516118.72120565706
36,515941.4685904892
37,515941.4685904892
38,515236.6577415652
39,515236.6577415652
40,515190.15120855323
41,515190.15120855323
42,514786.78064723825
43,514786.78064723825
44,514786.78064723825
45,514308.0877444613
46,514308.0877444613
47,514308.0877444613
48,514308.0877444613
49,514308.0877444613
