,0
0,706905.3522832264
1,706905.3522832264
2,664280.9189172988
3,644787.0559121055
4,632240.1682432224
5,614719.0502472732
6,606386.3101262171
7,570470.5850346722
8,554765.0960848036
9,539294.9005713341
10,526394.3089674538
11,526394.3089674538
12,526394.3089674538
13,518440.7124645529
14,514075.5659194707
15,508796.5791373003
16,508435.45136299735
17,508435.45136299735
18,505034.67926240753
19,500844.12368294556
20,500844.12368294556
21,500844.12368294556
22,497020.64858581027
23,496044.7141866099
24,492309.337772752
25,492309.337772752
26,491087.4068929833
27,490068.573515992
28,490068.573515992
29,489175.54941715434
30,488939.1309074344
31,488457.73930530075
32,487920.29753044306
33,487631.2798596486
34,487564.7152064631
35,486020.4456489574
36,486020.4456489574
37,486020.4456489574
38,486020.4456489574
39,484646.02994798624
40,484646.02994798624
41,484646.02994798624
42,484646.02994798624
43,482015.8927490404
44,482015.8927490404
45,481590.80208993156
46,481590.80208993156
47,481590.80208993156
48,481590.80208993156
49,481590.80208993156
