,0
0,848027.8863534223
1,843030.9995288822
2,763701.7135085254
3,763701.7135085254
4,757066.7246771944
5,724435.9206284772
6,724435.9206284772
7,647984.2208978127
8,635584.7867085728
9,600834.7321047108
10,600834.7321047108
11,588921.5218560587
12,588921.5218560587
13,582649.885984301
14,574918.268976028
15,571407.1469298999
16,558630.8763875149
17,544254.3603039074
18,544254.3603039074
19,544254.3603039074
20,544254.3603039074
21,539260.7486150963
22,536297.1624978047
23,534767.4940121047
24,531468.1665488692
25,528407.0734630704
26,528407.0734630704
27,525471.2848330808
28,523845.0749080923
29,523845.0749080923
30,523014.41709145205
31,518466.34528560034
32,517823.6998940596
33,517823.6998940596
34,517823.6998940596
35,517391.3095688787
36,517391.3095688787
37,517391.3095688787
38,517391.3095688787
39,517391.3095688787
