,0
0,551369.6661238428
1,551369.6661238428
2,521686.271453811
3,494102.7584910708
4,461685.9328108683
5,413913.32086401817
6,396282.24016006076
7,339833.3216438899
8,339833.3216438899
9,302893.0101063173
10,298816.0858367137
11,284508.90115746105
12,277058.73937354784
13,257561.36065715033
14,254023.0321818988
15,238352.04442657277
16,229068.9365772609
17,229068.9365772609
18,224229.61796391197
19,217002.3497746109
20,217002.3497746109
21,213467.32854390764
22,213467.32854390764
23,211334.2516582499
24,211334.2516582499
25,209829.72118872136
26,208758.30372020515
27,208758.30372020515
28,208758.30372020515
29,208758.30372020515
30,208758.30372020515
