,0
0,1131323.903477114
1,977943.4294488692
2,977943.4294488692
3,977943.4294488692
4,795973.991942366
5,788979.5997731831
6,688841.1472871131
7,682323.0645276953
8,619682.4934655699
9,573678.8812749237
10,512215.3339165425
11,435586.8631621682
12,420078.16406240343
13,420078.16406240343
14,420078.16406240343
15,418619.1163264684
16,418619.1163264684
17,417158.8889093132
18,417158.8889093132
19,416008.3687916598
20,414653.6661437831
21,411343.50889798213
22,411343.50889798213
23,410564.69095091685
24,410564.69095091685
25,410564.69095091685
26,410564.69095091685
27,410564.69095091685
