,0
0,671537.3294868795
1,671537.3294868795
2,671537.3294868795
3,606999.8778569687
4,606999.8778569687
5,606999.8778569687
6,596043.5658731718
7,582688.3845081201
8,564497.3334356666
9,554049.8786130149
10,544549.847472354
11,529430.1474168341
12,529430.1474168341
13,523450.6039324184
14,523450.6039324184
15,523450.6039324184
16,516168.48664919985
17,515380.45749883045
18,510650.3372821741
19,507313.0887670983
20,503967.3477661924
21,501933.7163628248
22,501933.7163628248
23,501933.7163628248
24,501933.7163628248
25,501933.7163628248
26,501551.762254836
27,498244.06490551075
28,497787.54538682615
29,497093.06465579383
30,495333.69200116734
31,493373.25089929166
32,493373.25089929166
33,491595.6501160415
34,491595.6501160415
35,491595.6501160415
36,490835.0613233952
37,490835.0613233952
38,489984.81590535026
39,489984.81590535026
40,489984.81590535026
41,489984.81590535026
42,489224.22711270396
43,489224.22711270396
44,489224.22711270396
45,489224.22711270396
46,489224.22711270396
