,0
0,1213520.6303138707
1,1157920.7313754447
2,951955.9781023443
3,859208.597302511
4,859208.597302511
5,735964.6998240517
6,678469.3603655873
7,639283.5807239009
8,540246.911957521
9,540246.911957521
10,517124.5154146748
11,477229.0536161273
12,431077.10975811194
13,431077.10975811194
14,428314.75858795375
15,423118.99489046953
16,423118.99489046953
17,418547.4469842166
18,418547.4469842166
19,418547.4469842166
20,418547.4469842166
21,418395.1426820966
22,416160.62694188
23,415681.2655262135
24,412872.275719166
25,412872.275719166
26,411343.50889798213
27,410564.69095091685
28,410564.69095091685
29,410564.69095091685
30,410564.69095091685
31,410564.69095091685
