,0
0,488353.33124332834
1,488353.33124332834
2,488353.33124332834
3,404202.38409496314
4,404202.38409496314
5,376235.1870671138
6,376235.1870671138
7,331574.75099532964
8,312661.57807506074
9,312661.57807506074
10,293947.1287754209
11,273418.2565157411
12,272156.4645620869
13,250583.84169211623
14,245037.41829503461
15,237320.59712452343
16,228122.04607600273
17,222335.9765657907
18,222166.98642890225
19,216982.84854890627
20,213778.35419473232
21,213778.35419473232
22,209829.72118872136
23,209829.72118872136
24,208758.30372020515
25,208758.30372020515
26,208758.30372020515
27,208758.30372020515
28,208758.30372020515
