,0
0,930660.3687326987
1,890735.9125011594
2,799027.7455543621
3,766127.8187663328
4,722053.4848820589
5,722053.4848820589
6,655661.1400011819
7,655661.1400011819
8,622454.9572486213
9,617825.6829353082
10,608279.484341234
11,608279.484341234
12,590280.4207197231
13,590280.4207197231
14,583622.2513441433
15,563031.3577485125
16,563031.3577485125
17,561378.4076699715
18,561378.4076699715
19,561378.4076699715
20,546998.9645741917
21,546998.9645741917
22,545268.6399753025
23,545268.6399753025
24,536566.3545087301
25,536209.225346406
26,536209.225346406
27,534139.9059637848
28,534139.9059637848
29,526517.5330920089
30,526517.5330920089
31,526161.5263513543
32,526067.655997682
33,526067.655997682
34,526067.655997682
35,525665.032463981
36,525665.032463981
37,525665.032463981
38,525654.7780544682
39,525654.7780544682
40,525654.7780544682
41,525654.7780544682
42,525654.7780544682
43,525436.2918896364
44,525436.2918896364
45,525252.1545207672
46,525252.1545207672
47,525252.1545207672
48,525252.1545207672
49,525252.1545207672
