,0
0,908836.5686622157
1,908836.5686622157
2,908836.5686622157
3,811029.3275738653
4,792466.161712609
5,749566.7201646251
6,738252.7984281754
7,682343.4545690893
8,666064.6797109721
9,627143.0889071081
10,615630.6737598112
11,606141.031000643
12,590702.0285678108
13,588698.2435545722
14,588698.2435545722
15,577658.4947658485
16,571291.2004684345
17,571291.2004684345
18,565884.182375735
19,556950.7467905927
20,556950.7467905927
21,550523.3846450391
22,545156.1052967882
23,541229.702894744
24,533025.4262541428
25,533025.4262541428
26,532947.0388692787
27,531776.1649767098
28,529739.3870824547
29,528268.5470829415
30,528268.5470829415
31,528268.5470829415
32,528268.5470829415
33,528268.5470829415
