,0
0,755326.3143745128
1,751744.4659062829
2,699612.5083301109
3,681580.7563435219
4,647343.678374074
5,644397.6682950531
6,603154.2776863317
7,603154.2776863317
8,571894.9442132988
9,571894.9442132988
10,538535.4784049775
11,538535.4784049775
12,525751.2340406739
13,525751.2340406739
14,521692.49655680585
15,521692.49655680585
16,521692.49655680585
17,518347.8286973107
18,510562.42594932864
19,510562.42594932864
20,510240.65409286314
21,505538.39752957394
22,504327.5077718362
23,500638.48390210565
24,497845.2028490719
25,497845.2028490719
26,493942.06878781243
27,493942.06878781243
28,486335.4246562204
29,486335.4246562204
30,486335.4246562204
31,486156.14205057704
32,484904.6285452126
33,484597.4770656218
34,482216.62685724377
35,482216.62685724377
36,482216.62685724377
37,482216.62685724377
38,482216.62685724377
