,0
0,708574.8561716301
1,708574.8561716301
2,703042.4534380974
3,663148.579674052
4,663148.579674052
5,615167.2772914458
6,598046.4966379948
7,574458.7067285636
8,571010.4623183009
9,553636.0553589745
10,547091.1127547818
11,547091.1127547818
12,547091.1127547818
13,527023.3585701797
14,527023.3585701797
15,527023.3585701797
16,527023.3585701797
17,522422.25024440425
18,520150.15791190084
19,516238.2557910752
20,514899.0270180081
21,510316.6191195017
22,510316.6191195017
23,510316.6191195017
24,508668.2808689132
25,507425.2302530136
26,507425.2302530136
27,506330.60256503697
28,504684.81884532474
29,504438.69295380305
30,503772.0176891324
31,502885.7929980469
32,502885.7929980469
33,502753.1843121411
34,502753.1843121411
35,501378.7686111698
36,501378.7686111698
37,501378.7686111698
38,500973.93552221794
39,499542.4103557022
40,499409.8016697964
41,498705.43642958876
42,498035.38596882526
43,498035.38596882526
44,498035.38596882526
45,498035.38596882526
46,498035.38596882526
