,0
0,836046.071419617
1,836046.071419617
2,709177.0852141305
3,709177.0852141305
4,686946.1404881371
5,683548.1233612014
6,644690.8944592075
7,631085.6355346217
8,631085.6355346217
9,627701.6506643791
10,602445.4199198493
11,578794.0586398841
12,578794.0586398841
13,578794.0586398841
14,555019.7636362821
15,555019.7636362821
16,555019.7636362821
17,553454.8646991185
18,541928.6534264243
19,541928.6534264243
20,535721.2909630304
21,527171.6697536582
22,527171.6697536582
23,526731.4911666996
24,526731.4911666996
25,525674.2852951906
26,524640.7201791095
27,524640.7201791095
28,524561.0274372842
29,523111.3581830073
30,522952.9581924589
31,520976.42207865894
32,520976.42207865894
33,520732.1985355062
34,519771.74768655025
35,519771.74768655025
36,519771.74768655025
37,519771.74768655025
38,519771.74768655025
