,0
0,936776.8616015869
1,852754.2745625597
2,804467.5880808338
3,746212.4475321484
4,746212.4475321484
5,716104.749311751
6,627276.5912695548
7,627276.5912695548
8,627276.5912695548
9,618017.956794172
10,592414.5432849639
11,582616.8316354203
12,571291.1939795722
13,557547.774446412
14,552472.0145762989
15,538070.3017626978
16,538070.3017626978
17,537841.9634857287
18,530749.3159819234
19,530749.3159819234
20,530749.3159819234
21,528977.8617095688
22,522424.3598856598
23,522424.3598856598
24,522424.3598856598
25,521333.878940091
26,520153.3423735488
27,519667.0925880154
28,519075.82106387
29,519075.82106387
30,519075.82106387
31,518060.54965692706
32,518060.54965692706
33,518060.54965692706
34,517412.45489308913
35,517412.45489308913
36,517412.45489308913
37,517412.45489308913
38,517412.45489308913
39,516695.45964141906
40,516695.45964141906
41,516695.45964141906
42,516695.45964141906
43,516695.45964141906
44,516511.32227254973
45,516511.32227254973
46,516511.32227254973
47,516511.32227254973
48,516511.32227254973
