,0
0,934901.7537628915
1,934901.7537628915
2,832934.4767606189
3,791166.8184761347
4,750363.7781475106
5,750363.7781475106
6,676012.1661982719
7,676012.1661982719
8,676012.1661982719
9,629450.6273837824
10,629403.7649806101
11,614908.8832720247
12,610506.3873630824
13,610506.3873630824
14,589950.3496014357
15,587377.806282251
16,579418.7961107626
17,568467.6257031758
18,563187.3923269521
19,563187.3923269521
20,547367.93426343
21,547367.93426343
22,547367.93426343
23,542966.6612898422
24,537087.5862105527
25,537087.5862105527
26,536277.209257103
27,532527.4572580399
28,532527.4572580399
29,530864.5146709668
30,529033.2479039183
31,529033.2479039183
32,529033.2479039183
33,528170.574172776
34,528170.574172776
35,528170.574172776
36,527227.477264202
37,527227.477264202
38,527227.477264202
39,527227.477264202
40,527227.477264202
41,523548.12683840224
42,523548.12683840224
43,522605.0299298283
44,522605.0299298283
45,522605.0299298283
46,522605.0299298283
47,522605.0299298283
