,0
0,770294.6280248648
1,718069.6228836962
2,692765.803880781
3,651275.8288979537
4,639901.869922697
5,604271.5026199052
6,590749.0766515423
7,569907.1931883547
8,569841.6687551148
9,564823.7599684142
10,547290.4180241755
11,547290.4180241755
12,540701.0304222257
13,530515.6658918221
14,519643.70708099013
15,519643.70708099013
16,511091.5676677476
17,510951.4010896023
18,502174.85308901354
19,500932.86373874306
20,500932.86373874306
21,496589.82138857193
22,495601.7228822107
23,491752.5605344716
24,491752.5605344716
25,491752.5605344716
26,485140.0797402985
27,485140.0797402985
28,485140.0797402985
29,482648.22389453504
30,482648.22389453504
31,482044.97446940705
32,481641.78938712814
33,480267.373686157
34,480267.373686157
35,480267.373686157
36,480267.373686157
37,480267.373686157
