,0
0,736235.8494633584
1,685312.1724709735
2,685312.1724709735
3,673188.4544593672
4,635582.2031924346
5,607475.722267002
6,587370.3529627814
7,587370.3529627814
8,575394.8301566766
9,568568.0707586454
10,561207.9204834009
11,559246.3384131226
12,547783.0734619853
13,539415.7058883847
14,538097.9667616017
15,528941.8856203895
16,528941.8856203895
17,528941.8856203895
18,525175.7878436617
19,513840.3607017858
20,507207.1022092084
21,503872.8047356232
22,503340.1806349336
23,503340.1806349336
24,503340.1806349336
25,503340.1806349336
26,503340.1806349336
27,502113.4320809967
28,502113.4320809967
29,500924.7857703684
30,499717.9036363375
31,499717.9036363375
32,499717.9036363375
33,499428.6302276462
34,499428.6302276462
35,499428.6302276462
36,499428.6302276462
37,496731.36633712694
38,496731.36633712694
39,496731.36633712694
40,496731.36633712694
41,496731.36633712694
