,0
0,1047972.6450067549
1,1047972.6450067549
2,999056.8611330584
3,852859.3975376212
4,852859.3975376212
5,754164.0984077533
6,754164.0984077533
7,670184.5324715852
8,639845.4499940193
9,603328.869381919
10,555709.2225292388
11,485732.7570963532
12,462111.7947907184
13,461792.0751212944
14,433670.4817982265
15,425426.8031087655
16,422926.667852658
17,421027.56175147544
18,420949.0788693957
19,416661.15862256393
20,416661.15862256393
21,414596.36244974803
22,414596.36244974803
23,413521.97717315913
24,412360.31340397533
25,410564.69095091685
26,410564.69095091685
27,410564.69095091685
28,410564.69095091685
29,410564.69095091685
