,0
0,952328.2152043972
1,848350.3850542721
2,800800.9681912704
3,753969.7639986986
4,711627.0226259275
5,711627.0226259275
6,692750.1937915633
7,645940.817809755
8,625113.6195165993
9,624566.0332192619
10,598087.7496046601
11,588270.589094743
12,583612.6009100418
13,559764.8460496168
14,559764.8460496168
15,559764.8460496168
16,547090.7112166756
17,546047.6372309763
18,544946.4655285235
19,541146.2894672657
20,531455.4975845383
21,531455.4975845383
22,526454.3562692505
23,526454.3562692505
24,525923.3992446862
25,525923.3992446862
26,524758.2232723122
27,524758.2232723122
28,522915.18350071815
29,522619.8809391966
30,521643.96029801806
31,521643.96029801806
32,521643.96029801806
33,521534.61094978795
34,521534.61094978795
35,521534.61094978795
36,521534.61094978795
37,521534.61094978795
38,521055.918047011
39,521055.918047011
40,521055.918047011
41,521055.918047011
42,521055.918047011
43,520117.0400012967
44,520117.0400012967
45,520117.0400012967
46,520117.0400012967
47,520117.0400012967
