,0
0,941463.9928827515
1,820073.3301899417
2,820073.3301899417
3,820073.3301899417
4,796904.1189689878
5,779958.976770685
6,735778.7562777163
7,700061.8797049351
8,638030.2197495587
9,620855.3879275192
10,620363.5830409213
11,620363.5830409213
12,599298.7598895468
13,596884.5210610654
14,593028.1894785605
15,584459.3159426233
16,567068.2444632176
17,567068.2444632176
18,559932.1146475214
19,555036.0782293148
20,555036.0782293148
21,553186.9025244943
22,547286.3678517112
23,541809.004657717
24,541809.004657717
25,540828.5020024701
26,540828.5020024701
27,540828.5020024701
28,540828.5020024701
29,539729.9487431922
30,539729.9487431922
31,539729.9487431922
32,537072.1414135265
33,536280.4301966184
34,536280.4301966184
35,536280.4301966184
36,536280.4301966184
37,534993.0854990018
38,534201.3742820937
39,534201.3742820937
40,534201.3742820937
41,530370.6381646282
42,530370.6381646282
43,530370.6381646282
44,529578.9269477201
45,529578.9269477201
46,529578.9269477201
47,529578.9269477201
48,529578.9269477201
