,0
0,700528.4890840007
1,700528.4890840007
2,639807.8018660601
3,602102.4845647669
4,602102.4845647669
5,602102.4845647669
6,596430.1249791265
7,589151.7375492196
8,567542.8885174172
9,567542.8885174172
10,551945.1489271305
11,535356.6830994714
12,535356.6830994714
13,527048.0112046578
14,523936.28811056825
15,508227.77673550125
16,508227.77673550125
17,508227.77673550125
18,508227.77673550125
19,508227.77673550125
20,503208.21363553725
21,503208.21363553725
22,499274.5175765993
23,499274.5175765993
24,496411.50079237757
25,495021.2745493905
26,494155.86020992504
27,491349.91934243805
28,491349.91934243805
29,491349.91934243805
30,491349.91934243805
31,491012.99508116505
32,489975.5036414669
33,489436.4511966046
34,487658.8504133544
35,487658.8504133544
36,487658.8504133544
37,487317.4405375163
38,487317.4405375163
39,484511.4996700293
40,484511.4996700293
41,484511.4996700293
42,484511.4996700293
43,484511.4996700293
