,0
0,1164645.588799994
1,895492.9248863608
2,895492.9248863608
3,895492.9248863608
4,771425.0325377167
5,768139.2443769445
6,634211.956796887
7,634211.956796887
8,568117.8798893621
9,468716.5061833207
10,458527.2235580782
11,458527.2235580782
12,439544.4063425163
13,427725.4572663892
14,426897.59454383556
15,421435.4714661904
16,421367.74599630444
17,418603.4986527551
18,418240.6364751379
19,418029.98772210715
20,415350.6451009892
21,413051.08256941754
22,410564.69095091685
23,410564.69095091685
24,410564.69095091685
25,410564.69095091685
26,410564.69095091685
