,0
0,581924.4653267626
1,541030.2275825024
2,496529.80536610284
3,481239.9426313881
4,438271.16307516047
5,410863.59537461115
6,394991.8856850983
7,363075.5244438291
8,363075.5244438291
9,320905.98444449727
10,320905.98444449727
11,295588.3777914125
12,249294.2328054095
13,249294.2328054095
14,232365.2852739041
15,232365.2852739041
16,232365.2852739041
17,232365.2852739041
18,228675.97131332103
19,220361.3762493189
20,220192.6850731845
21,216825.0089148153
22,216825.0089148153
23,215911.43108039006
24,212726.4379519207
25,212726.4379519207
26,212706.9367262161
27,208758.30372020515
28,208758.30372020515
29,208758.30372020515
30,208758.30372020515
31,208758.30372020515
