,0
0,715081.9326075827
1,715081.9326075827
2,667097.0115682185
3,667097.0115682185
4,667097.0115682185
5,623941.4886491086
6,606509.1571972042
7,573379.2191151914
8,573379.2191151914
9,546566.0039988237
10,546566.0039988237
11,546566.0039988237
12,546566.0039988237
13,546188.6740596622
14,538974.9356120176
15,536298.0727991086
16,529750.4526012554
17,521066.9751521616
18,521066.9751521616
19,521066.9751521616
20,512775.02353402064
21,512775.02353402064
22,501206.76442881685
23,501206.76442881685
24,501206.76442881685
25,501206.76442881685
26,500298.51947220956
27,498150.1045283678
28,497619.66913970205
29,494497.1716660207
30,494497.1716660207
31,491801.42626637506
32,491801.42626637506
33,491801.42626637506
34,489167.32678101916
35,488148.49340402795
36,488148.49340402795
37,488148.49340402795
38,488148.49340402795
39,488148.49340402795
