,0
0,1003449.8058870487
1,893681.1120376816
2,811815.7414308515
3,783447.5753714938
4,728794.6973445433
5,711554.814066737
6,688653.710965666
7,646865.7870841209
8,633791.1928641202
9,627078.5128711573
10,604505.9845226518
11,580811.6714057707
12,580811.6714057707
13,580811.6714057707
14,571175.9154498676
15,560761.2964303347
16,560761.2964303347
17,546452.0131829497
18,546452.0131829497
19,546452.0131829497
20,546452.0131829497
21,544977.1918809268
22,540317.9338236005
23,540317.9338236005
24,534475.9765347183
25,531837.3510503268
26,531837.3510503268
27,529504.0022047604
28,527082.2736434548
29,527082.2736434548
30,527082.2736434548
31,526649.8833182739
32,526649.8833182739
33,526649.8833182739
34,526649.8833182739
35,526649.8833182739
