,0
0,506122.1909079766
1,506122.1909079766
2,506122.1909079766
3,439022.9259024497
4,424333.7900450416
5,373916.4488484191
6,333915.25912493776
7,333915.25912493776
8,300603.60086808895
9,276722.99913631286
10,276722.99913631286
11,267443.30197998934
12,260612.13510049594
13,248755.7596343184
14,240940.8965065727
15,229210.12878478575
16,215480.41218963193
17,215480.41218963193
18,215480.41218963193
19,214936.45223634908
20,213034.2155428953
21,211334.2516582499
22,208758.30372020515
23,208758.30372020515
24,208758.30372020515
25,208758.30372020515
26,208758.30372020515
