,0
0,959929.2500690536
1,904454.5454453895
2,802193.3767205848
3,802193.3767205848
4,714855.9486295982
5,639819.6580222002
6,639819.6580222002
7,620094.7634624339
8,612310.3170205945
9,592237.5755081477
10,570800.2507719471
11,570800.2507719471
12,540940.9961496458
13,540940.9961496458
14,540940.9961496458
15,540940.9961496458
16,532036.7040227592
17,532036.7040227592
18,528036.0283191907
19,528036.0283191907
20,528036.0283191907
21,524524.82035083
22,524524.82035083
23,524524.82035083
24,524524.82035083
25,524524.82035083
26,523515.14523814735
27,523515.14523814735
28,523166.2010309355
29,522717.03551591985
30,521594.48602544883
31,521594.48602544883
32,520740.99107791664
33,519891.37452447676
34,519612.6816273412
35,518058.61157286423
36,517804.1852131197
37,517804.1852131197
38,517804.1852131197
39,517354.3081187928
40,517354.3081187928
41,517354.3081187928
42,517354.3081187928
43,517354.3081187928
