,0
0,496544.9177794745
1,493845.2013234254
2,493845.2013234254
3,449850.0522361103
4,449850.0522361103
5,436514.7355072633
6,401925.04652653716
7,338143.1828321845
8,326526.02805169544
9,326526.02805169544
10,322866.44532781857
11,288888.2904020719
12,266775.50376732816
13,259229.62705604354
14,253292.57535735553
15,253292.57535735553
16,248871.3955963765
17,226662.7052356857
18,225652.1281736549
19,216543.17997448696
20,216543.17997448696
21,216543.17997448696
22,212709.03083647028
23,211204.50036694173
24,211204.50036694173
25,211204.50036694173
26,211204.50036694173
27,210262.8341897337
28,210262.8341897337
29,208758.30372020515
30,208758.30372020515
31,208758.30372020515
32,208758.30372020515
33,208758.30372020515
