,0
0,974042.3948339265
1,943726.4903519148
2,852297.9226092618
3,831747.5764792936
4,774688.0279553011
5,758593.309964664
6,690763.1682409537
7,690763.1682409537
8,690763.1682409537
9,690763.1682409537
10,617421.328247017
11,617421.328247017
12,605294.4021557798
13,605294.4021557798
14,605294.4021557798
15,586927.8217150752
16,574184.4235626331
17,574184.4235626331
18,572308.2747925291
19,569063.6804242298
20,562498.187433947
21,548526.8502806455
22,548526.8502806455
23,548526.8502806455
24,548526.8502806455
25,547171.0812898794
26,542900.3406041337
27,535396.2926693882
28,533494.0633881055
29,532702.3521711974
30,532702.3521711974
31,530762.1307206536
32,530762.1307206536
33,530762.1307206536
34,530762.1307206536
35,530762.1307206536
