,0
0,726389.701605534
1,726389.701605534
2,726389.701605534
3,705987.1037891151
4,651717.8412246178
5,634809.4090522352
6,622038.299754015
7,574665.5109342366
8,574665.5109342366
9,574665.5109342366
10,574665.5109342366
11,571015.3531058622
12,559461.4027820798
13,547632.0022891473
14,541107.3746621878
15,527458.289967116
16,525592.1556797591
17,525592.1556797591
18,524258.28322717623
19,521330.3578154215
20,519984.7148623156
21,519984.7148623156
22,515141.33622537047
23,514845.96420403227
24,514845.96420403227
25,510820.8837799613
26,510820.8837799613
27,508197.147899214
28,504274.11196158914
29,504274.11196158914
30,504274.11196158914
31,504274.11196158914
32,504274.11196158914
33,503031.74981168617
34,503031.74981168617
35,503031.74981168617
36,502367.29696886096
37,501657.3341107149
38,501657.3341107149
39,501657.3341107149
40,500638.5007337236
41,500638.5007337236
42,500638.5007337236
43,500638.5007337236
44,500638.5007337236
