,0
0,1156702.5833119845
1,1121428.5029179752
2,1040648.133328631
3,952994.5309532525
4,952994.5309532525
5,881207.4771164212
6,807160.5245375962
7,742628.0370981379
8,624170.3056752052
9,614348.6303682941
10,552292.3184128142
11,482153.20499605004
12,430104.61713622574
13,430104.61713622574
14,429391.5239894692
15,429391.5239894692
16,427754.2003243719
17,425507.2574121771
18,424547.75660021894
19,419337.57413632225
20,419064.4629610996
21,418095.7125224159
22,416129.4630480545
23,415157.60622229625
24,415023.5418355429
25,412864.2534824885
26,412864.2534824885
27,412864.2534824885
28,411343.50889798213
29,411343.50889798213
30,410564.69095091685
31,410564.69095091685
32,410564.69095091685
33,410564.69095091685
34,410564.69095091685
