,0
0,1298528.7889889225
1,1129690.7448925213
2,935317.712286248
3,863171.1561901742
4,833228.3533360144
5,804160.2785627949
6,653764.9461462368
7,653764.9461462368
8,564593.8911176808
9,508750.196345171
10,508750.196345171
11,501015.8112961983
12,472036.1533215949
13,442281.07376346836
14,433651.74648130557
15,430210.8115146309
16,424341.47696515307
17,424341.47696515307
18,424341.47696515307
19,421449.91554321954
20,418371.5350645826
21,418371.5350645826
22,416663.9613931472
23,416663.9613931472
24,415885.1434460819
25,415885.1434460819
26,415885.1434460819
27,415885.1434460819
28,415885.1434460819
