,0
0,905419.1398597799
1,878876.2374603833
2,813675.2253691871
3,739969.4181459657
4,718025.8370794524
5,718025.8370794524
6,711462.2053821029
7,677782.7183357934
8,656689.9170422934
9,601528.8815785957
10,597130.4113131135
11,581709.4415087465
12,581709.4415087465
13,579178.0128166089
14,577729.1834491845
15,552969.991643662
16,552969.991643662
17,544742.6938649196
18,544742.6938649196
19,543340.9714948027
20,537069.6857623127
21,533131.0431120088
22,533131.0431120088
23,532951.3429437553
24,532951.3429437553
25,532951.3429437553
26,532951.3429437553
27,532951.3429437553
28,532937.820261131
29,531325.2724722925
30,531325.2724722925
31,531325.2724722925
32,531325.2724722925
33,531325.2724722925
