,0
0,704562.5351644265
1,651265.0398631967
2,651265.0398631967
3,601306.9232252112
4,601306.9232252112
5,601306.9232252112
6,592287.1803368921
7,581553.3119297683
8,560941.6412325308
9,560941.6412325308
10,542269.6670816833
11,542223.9165628114
12,525698.738704421
13,525698.738704421
14,525698.738704421
15,516307.18742631393
16,515835.8552734541
17,508947.198900206
18,496838.5513159049
19,496838.5513159049
20,496838.5513159049
21,496838.5513159049
22,496838.5513159049
23,494006.6904088324
24,494006.6904088324
25,491361.3520096216
26,491361.3520096216
27,491361.3520096216
28,489865.1964668994
29,487936.0450407773
30,486917.2116637861
31,486917.2116637861
32,486587.60058472643
33,485540.5165961181
34,484521.6832191269
35,484521.6832191269
36,484521.6832191269
37,484521.6832191269
38,484521.6832191269
