,0
0,556768.4191061162
1,524333.1342585175
2,482973.6419045452
3,456946.2703383354
4,423205.36858702416
5,397026.28970085614
6,371400.5139578751
7,358529.94273767003
8,333599.32009789883
9,297029.45806559216
10,269200.10181514587
11,269200.10181514587
12,269200.10181514587
13,269200.10181514587
14,248240.79095100285
15,237837.6019730155
16,235417.362497919
17,234944.14999133098
18,226286.7036820558
19,221702.06041265247
20,213034.2155428953
21,213034.2155428953
22,213034.2155428953
23,213034.2155428953
24,211334.2516582499
25,211334.2516582499
26,210262.8341897337
27,210262.8341897337
28,209829.72118872136
29,209829.72118872136
30,209829.72118872136
31,208758.30372020515
32,208758.30372020515
33,208758.30372020515
34,208758.30372020515
35,208758.30372020515
