,0
0,858247.4371406904
1,858247.4371406904
2,767720.6971356851
3,749852.2033198293
4,668724.0225392164
5,668724.0225392164
6,668724.0225392164
7,653319.7711176943
8,653319.7711176943
9,618661.8020236203
10,594331.9084647149
11,594331.9084647149
12,594331.9084647149
13,580636.7121750908
14,570821.2504468977
15,561725.6086083474
16,558177.5404816372
17,556421.2680482909
18,555861.7170572381
19,554042.0458194874
20,538017.634453658
21,538017.634453658
22,536005.4005788141
23,536005.4005788141
24,536005.4005788141
25,532866.1073266735
26,525708.6541891617
27,524636.9524583842
28,524636.9524583842
29,524636.9524583842
30,523852.0964250215
31,523852.0964250215
32,518186.6608738261
33,518186.6608738261
34,518186.6608738261
35,518186.6608738261
36,518186.6608738261
