,0
0,1188416.0743756958
1,1092478.9071628312
2,963214.409195655
3,801721.9122404921
4,794657.2387160672
5,769043.2709831032
6,712910.8621166802
7,628997.5652106695
8,556536.4939557587
9,519046.8555890524
10,519046.8555890524
11,493995.4887883589
12,436861.3236381958
13,436861.3236381958
14,436861.3236381958
15,436861.3236381958
16,432557.48210115946
17,430303.7530545814
18,430303.7530545814
19,428604.15013310866
20,428604.15013310866
21,428604.15013310866
22,425465.78233975463
23,423306.49398670025
24,422546.01131773036
25,421006.9314551286
26,419211.3090020701
27,413636.8616377899
28,413636.8616377899
29,413636.8616377899
30,413636.8616377899
31,411491.8053131769
32,411491.8053131769
33,411491.8053131769
34,411343.50889798213
35,411343.50889798213
36,411343.50889798213
37,411343.50889798213
38,411343.50889798213
