,0
0,720882.12002178
1,705333.2860003759
2,689646.3106519758
3,663216.7808040922
4,648147.0339228726
5,615418.5940350629
6,615241.5691623703
7,601433.1762345956
8,584660.5463999539
9,583951.1845152784
10,540331.7754949733
11,540331.7754949733
12,534612.758728962
13,523219.77037108986
14,523219.77037108986
15,521560.5065898473
16,519612.7719997414
17,514886.94320019515
18,514502.4013256806
19,509411.89424239827
20,507361.34800727107
21,504705.438781367
22,503494.37617771083
23,502604.387391305
24,502604.387391305
25,498192.60426711105
26,498192.60426711105
27,494730.3283823955
28,492240.28542264336
29,492240.28542264336
30,492240.28542264336
31,489462.07939102565
32,484378.5492583975
33,484378.5492583975
34,484378.5492583975
35,484378.5492583975
36,484378.5492583975
37,482600.9484751474
38,482600.9484751474
39,482600.9484751474
40,482600.9484751474
41,482600.9484751474
