,0
0,698467.1486147488
1,698467.1486147488
2,698467.1486147488
3,678951.7413410015
4,627864.0278369191
5,581894.8159332889
6,581894.8159332889
7,581894.8159332889
8,563458.6297428076
9,563458.6297428076
10,543314.0173002715
11,529984.1978433368
12,527665.2696508901
13,527665.2696508901
14,525157.3789405081
15,524637.6212817032
16,514666.0747871553
17,506554.60379282763
18,503418.5507101089
19,500008.09229377034
20,500008.09229377034
21,498859.4591781247
22,498859.4591781247
23,498448.32963905274
24,497354.2699688597
25,495839.93412856146
26,494958.7415242005
27,494309.4411533844
28,491756.9163622207
29,491372.0622331446
30,489594.4614498944
31,489426.8592205164
32,487031.3307758572
33,487031.3307758572
34,486163.6760154845
35,483390.30845001165
36,483390.30845001165
37,483390.30845001165
38,480994.78000535234
39,480994.78000535234
40,480994.78000535234
41,480994.78000535234
42,480994.78000535234
43,479217.1792221023
44,479217.1792221023
45,479217.1792221023
46,479217.1792221023
47,479217.1792221023
