,0
0,1184363.6888639205
1,1108918.3501519114
2,1028249.4448866886
3,894133.0813205199
4,848742.4345671644
5,765605.782537263
6,765605.782537263
7,711190.7282820229
8,557452.7584627346
9,557452.7584627346
10,521446.7804095219
11,475228.96498186776
12,435323.5321221272
13,435323.5321221272
14,435323.5321221272
15,435323.5321221272
16,432328.65446153964
17,430170.2705907212
18,423504.99112654274
19,423504.99112654274
20,420752.83919802745
21,420752.83919802745
22,420752.83919802745
23,417675.31704972655
24,416791.1484737505
25,415992.29227422655
26,415802.35978260817
27,411343.50889798213
28,411343.50889798213
29,410564.69095091685
30,410564.69095091685
31,410564.69095091685
32,410564.69095091685
33,410564.69095091685
