,0
0,678964.7367318195
1,662071.7054456479
2,662071.7054456479
3,662071.7054456479
4,662071.7054456479
5,640047.3753348989
6,620309.3426199298
7,597426.4608309084
8,564805.532437071
9,564805.532437071
10,558079.8341978801
11,548231.6793635666
12,545696.6021300545
13,534132.408407727
14,527081.0436919288
15,527081.0436919288
16,517251.3629997951
17,517251.3629997951
18,517251.3629997951
19,507186.54591996275
20,507186.54591996275
21,500731.5262829082
22,499850.1049309654
23,495606.2009609738
24,495606.2009609738
25,495606.2009609738
26,492694.7436218205
27,492694.7436218205
28,488314.95283418935
29,488314.95283418935
30,488314.95283418935
31,488293.52777016157
32,488293.52777016157
33,488293.52777016157
34,488293.52777016157
35,488293.52777016157
