,0
0,865615.1984322959
1,865615.1984322959
2,755234.2345482009
3,729078.7031882352
4,724735.6317888676
5,689522.4663827261
6,653344.4158840292
7,653344.4158840292
8,642966.4570273141
9,594797.0008977551
10,594338.967251518
11,579655.5807851184
12,572194.7292079482
13,564747.6838173947
14,564340.4984678767
15,563082.1671829564
16,540129.3894080118
17,540129.3894080118
18,540129.3894080118
19,534079.9947646315
20,534079.9947646315
21,532197.35444558
22,529677.5916847943
23,528752.4454170851
24,528752.4454170851
25,523822.95439490053
26,523822.95439490053
27,523822.95439490053
28,523449.08248673624
29,521843.1390172729
30,520608.8984847332
31,520608.8984847332
32,520234.8434675919
33,520234.8434675919
34,520234.8434675919
35,519089.9243526305
36,518905.78698376124
37,518905.78698376124
38,518677.04640941677
39,518677.04640941677
40,518677.04640941677
41,518677.04640941677
42,517498.72357429145
43,517498.72357429145
44,517498.72357429145
45,517498.72357429145
46,517498.72357429145
