,0
0,987170.4344251354
1,853000.4332442244
2,853000.4332442244
3,811602.3798315367
4,777802.23730271
5,734137.5375439817
6,734137.5375439817
7,690626.1092676211
8,690626.1092676211
9,659213.3303060742
10,630343.961757431
11,615004.7720108402
12,596363.0218272434
13,596363.0218272434
14,586955.8101497891
15,577069.8643278505
16,558253.2703641424
17,553041.5007369895
18,553041.5007369895
19,550503.9016019361
20,549710.3749928443
21,540951.1282323402
22,540951.1282323402
23,538676.817167906
24,534685.7789965922
25,529952.4846310015
26,529336.8261899166
27,528236.4434941745
28,525887.6069238619
29,525887.6069238619
30,523515.47203979985
31,521430.6238404796
32,520361.299029113
33,517823.6998940596
34,517823.6998940596
35,517823.6998940596
36,517823.6998940596
37,517823.6998940596
