,0
0,940925.8204844616
1,890997.3721628004
2,825668.0118307263
3,818912.6944998348
4,733446.7400650742
5,671180.7105049767
6,671180.7105049767
7,641347.6322369903
8,605393.467640383
9,605393.467640383
10,605393.467640383
11,577048.8088955233
12,577048.8088955233
13,577048.8088955233
14,576071.3284112622
15,567796.8612156705
16,567796.8612156705
17,556537.037903967
18,556537.037903967
19,552528.690958394
20,547513.7375762769
21,544491.5719957141
22,540583.3296318317
23,536607.798166588
24,529545.9311264157
25,525434.0519709117
26,525434.0519709117
27,525434.0519709117
28,525434.0519709117
29,525366.3593098458
30,523971.48855257983
31,522896.4528358582
32,522896.4528358582
33,522896.4528358582
34,521388.6747628761
35,520313.6390461545
36,519521.92782924644
37,519521.92782924644
38,519521.92782924644
39,519089.5375040655
40,519089.5375040655
41,519089.5375040655
42,519089.5375040655
43,519089.5375040655
