,0
0,520747.22253967705
1,520747.22253967705
2,511623.4800612617
3,485844.09938018315
4,468128.47686242784
5,389361.6851802587
6,389361.6851802587
7,360200.6787503341
8,347508.1410538208
9,317176.88561082224
10,298858.7716805678
11,282210.01566399756
12,282210.01566399756
13,266309.6956844618
14,242434.99257562959
15,231768.93535066518
16,226096.3308865428
17,225584.29056860245
18,220409.80237746405
19,215303.07132983633
20,211204.50036694173
21,211204.50036694173
22,211204.50036694173
23,209829.72118872136
24,208758.30372020515
25,208758.30372020515
26,208758.30372020515
27,208758.30372020515
28,208758.30372020515
