,0
0,1035305.2354186864
1,979948.13821237
2,979948.13821237
3,979948.13821237
4,898063.0084850426
5,827951.7137943202
6,732507.7532883588
7,586569.3238024792
8,586569.3238024792
9,543341.7510627602
10,525898.9127965735
11,482378.36692303343
12,462471.51540373696
13,433982.871920244
14,433782.94315955887
15,422577.2406058974
16,422577.2406058974
17,422577.2406058974
18,420277.6780743257
19,418276.3953873088
20,418276.3953873088
21,414846.70502247603
22,414846.70502247603
23,412872.275719166
24,410564.69095091685
25,410564.69095091685
26,410564.69095091685
27,410564.69095091685
28,410564.69095091685
