,0
0,752399.8423202259
1,706242.0107256568
2,685673.5844351207
3,672635.6959426844
4,672635.6959426844
5,649319.2310898073
6,641650.0900833865
7,597165.9309235768
8,582163.4693048294
9,579186.2638176095
10,578318.9532101222
11,549261.2666525631
12,549261.2666525631
13,540745.1579125187
14,540745.1579125187
15,537907.3522983378
16,530371.9223989357
17,528668.6277425976
18,521346.13954367326
19,521346.13954367326
20,517876.22329214023
21,516545.2117707948
22,508253.79560436396
23,508253.79560436396
24,508253.79560436396
25,507132.24751465867
26,503312.3892142111
27,502989.01469897234
28,501429.3134234375
29,501429.3134234375
30,499651.7126401873
31,499651.7126401873
32,499651.7126401873
33,499651.7126401873
34,499651.7126401873
