,0
0,1209893.1020280046
1,1065675.1742876195
2,1056559.3556762736
3,841170.8781421613
4,731115.8604601235
5,718838.8880431983
6,663507.3768383581
7,615584.2186180579
8,589711.7372473363
9,529421.0303714406
10,461782.65031505085
11,438418.0529128438
12,435939.88226964866
13,427651.7338437773
14,427651.7338437773
15,427418.08440185856
16,422968.6945822161
17,421499.6998186677
18,416905.1746080452
19,413460.89211682946
20,413460.89211682946
21,412858.0436907246
22,412858.0436907246
23,410564.69095091685
24,410564.69095091685
25,410564.69095091685
26,410564.69095091685
27,410564.69095091685
