,0
0,1114332.299386018
1,1114332.299386018
2,1114332.299386018
3,731971.079188396
4,731971.079188396
5,731971.079188396
6,686948.5155878424
7,656235.68196025
8,635562.7758713022
9,594358.1323191696
10,543030.0733722171
11,514749.6566537983
12,498722.08664678445
13,484894.337169834
14,467017.7031881267
15,449177.3513141876
16,439866.7997805998
17,434015.8251184197
18,431716.26258684805
19,426012.57405213534
20,421711.72883354675
21,421711.72883354675
22,421595.40918783104
23,419552.44048049237
24,417016.7350287199
25,414760.1182834322
26,413643.0714295538
27,411491.8053131769
28,411491.8053131769
29,410712.9873661116
30,410712.9873661116
31,410564.69095091685
32,410564.69095091685
33,410564.69095091685
34,410564.69095091685
35,410564.69095091685
