,0
0,931998.8611908408
1,872006.3850159209
2,864002.5063887656
3,753298.8052024192
4,743094.652523454
5,736608.3406721326
6,692203.7332341366
7,662021.5946255015
8,612527.5515419189
9,612527.5515419189
10,612439.7622399488
11,612439.7622399488
12,589255.1443870661
13,580125.1357729188
14,575741.3604831779
15,566169.5272335331
16,563440.6446452461
17,563440.6446452461
18,549380.6450249146
19,546176.8004622796
20,546176.8004622796
21,533799.7298998846
22,533799.7298998846
23,533799.7298998846
24,527797.1027823905
25,523375.80201577756
26,523375.80201577756
27,523375.80201577756
28,523375.80201577756
29,523375.80201577756
