,0
0,1061340.9303118302
1,1007204.4881326911
2,1007204.4881326911
3,953310.2757838179
4,780509.080686744
5,724325.8011652261
6,676923.7840604561
7,556015.9792779825
8,547733.1616977497
9,500664.13153984037
10,445757.91422022245
11,445757.91422022245
12,437037.7602289309
13,437033.8009604765
14,427137.0197509248
15,427137.0197509248
16,427137.0197509248
17,425990.7465866582
18,424493.7351153732
19,421478.5397701937
20,419808.5942882566
21,419808.5942882566
22,418789.5784677536
23,414504.46099150507
24,413791.36784474854
25,411491.8053131769
26,410712.9873661116
27,410712.9873661116
28,410564.69095091685
29,410564.69095091685
30,410564.69095091685
31,410564.69095091685
32,410564.69095091685
