,0
0,1187259.5075776605
1,1157427.7716008925
2,1049550.6954522682
3,811950.0099652366
4,811950.0099652366
5,683886.6576801282
6,683886.6576801282
7,659404.1505645644
8,576147.9865443424
9,576147.9865443424
10,537344.8135409771
11,502592.1218645039
12,475554.1670273811
13,457719.98843176384
14,432312.1752022854
15,421453.4090690255
16,421453.4090690255
17,421453.4090690255
18,419140.36931842327
19,419140.36931842327
20,415796.14999084425
21,415796.14999084425
22,413502.7972510365
23,413502.7972510365
24,413502.7972510365
25,411491.8053131769
26,410712.9873661116
27,410712.9873661116
28,410564.69095091685
29,410564.69095091685
30,410564.69095091685
31,410564.69095091685
32,410564.69095091685
