,0
0,1002502.0782585368
1,935542.3025466566
2,855388.8479383886
3,808711.4394866924
4,746359.2158633054
5,712333.2753252834
6,684098.9655192703
7,652336.8057734907
8,627148.4819703781
9,625054.948920178
10,620482.8626812268
11,566100.9752879426
12,566100.9752879426
13,566100.9752879426
14,566100.9752879426
15,566100.9752879426
16,558427.0095433528
17,555247.4131904878
18,541077.6646224369
19,541077.6646224369
20,541077.6646224369
21,538982.6705992557
22,534976.0348055587
23,534976.0348055587
24,530240.8454060728
25,530240.8454060728
26,528457.133391126
27,528457.133391126
28,528457.133391126
29,528457.133391126
30,525227.8954874843
31,525227.8954874843
32,525227.8954874843
33,524939.0910211094
34,524345.8320233924
35,523579.67492738285
36,523579.67492738285
37,523579.67492738285
38,523303.934417712
39,523303.934417712
40,523303.934417712
41,522537.7773217024
42,522537.7773217024
43,522537.7773217024
44,522283.3509619579
45,522248.97285532736
46,521994.5464955829
47,521994.5464955829
48,520734.1235775806
49,520734.1235775806
50,520734.1235775806
51,520734.1235775806
52,520734.1235775806
