,0
0,917682.752774968
1,835248.2597286357
2,835248.2597286357
3,745807.177583391
4,721149.7890907903
5,695313.8013873829
6,660857.7414339435
7,648474.2955394713
8,641322.3725194217
9,610872.0051417785
10,610872.0051417785
11,610872.0051417785
12,601992.3770966043
13,579450.6140456233
14,558884.1596327149
15,558884.1596327149
16,558884.1596327149
17,558884.1596327149
18,558884.1596327149
19,552608.0231715911
20,551165.4147166127
21,538928.6345164353
22,538928.6345164353
23,538928.6345164353
24,538903.1492494522
25,538052.2260509172
26,537968.5193187431
27,532740.422292422
28,532208.4563042443
29,530341.7093706147
30,530341.7093706147
31,524100.5321764837
32,524100.5321764837
33,524100.5321764837
34,523515.47203979985
35,523515.47203979985
36,522572.37513122585
37,522446.1472284333
38,520371.65635815787
39,520371.65635815787
40,520371.65635815787
41,520371.65635815787
42,520371.65635815787
