,0
0,754250.4846699476
1,711403.4555541503
2,679266.3560540647
3,621411.5054532398
4,614407.6968090147
5,600237.863080779
6,561717.3359842238
7,561717.3359842238
8,542758.661620893
9,542758.661620893
10,542758.661620893
11,529101.0039511657
12,528682.0666306813
13,528682.0666306813
14,521364.15280847455
15,518739.5022497015
16,510876.55487518356
17,508601.980988166
18,505584.19174726185
19,505584.19174726185
20,505584.19174726185
21,505451.58306135604
22,504634.1376498916
23,502778.250879775
24,502645.64219386916
25,502645.64219386916
26,502645.64219386916
27,502645.64219386916
28,502645.64219386916
