,0
0,510642.306121545
1,510642.306121545
2,500519.45715733944
3,467696.3691936486
4,440638.0195992604
5,410276.6148404691
6,362637.5053001588
7,362637.5053001588
8,324768.18923832814
9,316136.4013546281
10,316136.4013546281
11,305950.65039929317
12,291362.58584469365
13,285333.4138124792
14,253579.0154581322
15,241545.8962037052
16,241545.8962037052
17,233846.6224839729
18,225111.55782189115
19,225111.55782189115
20,220353.83506198772
21,220353.83506198772
22,217907.6384152511
23,217907.6384152511
24,217907.6384152511
25,217907.6384152511
26,217907.6384152511
