,0
0,570066.8360786837
1,540506.5473932761
2,487865.4732378132
3,487865.4732378132
4,476012.6714871068
5,416421.1685127112
6,382125.9157514794
7,341912.0665902844
8,341912.0665902844
9,341912.0665902844
10,324906.25098415656
11,324906.25098415656
12,313718.5489813455
13,310916.7745222758
14,271017.4114650194
15,266555.96457774256
16,265764.45558304683
17,244490.07546181293
18,241617.40624793238
19,224886.75132592133
20,224886.75132592133
21,223721.36321599782
22,221918.0918507451
23,217967.36473447995
24,215421.7796521212
25,215421.7796521212
26,214271.1935149735
27,212766.66304544496
28,212766.66304544496
29,208758.30372020515
30,208758.30372020515
31,208758.30372020515
32,208758.30372020515
33,208758.30372020515
