,0
0,468200.9658435206
1,468200.9658435206
2,441361.9266777646
3,440162.37461443886
4,378621.76563482353
5,378449.888941808
6,353317.20200531115
7,305692.1455182864
8,302590.37893508584
9,287713.60299029114
10,268217.11498150416
11,263328.5154483846
12,251321.27100836474
13,236096.0660389133
14,236096.0660389133
15,225292.4196482189
16,225292.4196482189
17,225087.17942783196
18,219663.56961537286
19,218755.33395105187
20,215153.1333729527
21,212360.50429830432
22,212360.50429830432
23,208758.30372020515
24,208758.30372020515
25,208758.30372020515
26,208758.30372020515
27,208758.30372020515
