,0
0,995306.8974578411
1,995306.8974578411
2,913865.2958654035
3,752826.7564614284
4,752826.7564614284
5,752826.7564614284
6,737816.259772112
7,685197.9196025844
8,685197.9196025844
9,668795.2088725932
10,660875.0675293782
11,611630.5672576745
12,611630.5672576745
13,590411.1164050187
14,590411.1164050187
15,585055.16843421
16,565099.6927039792
17,565099.6927039792
18,552905.425215843
19,544903.5754286004
20,544903.5754286004
21,541541.9269000116
22,541541.9269000116
23,531606.2844157706
24,531606.2844157706
25,531606.2844157706
26,531606.2844157706
27,526587.003133741
28,525959.8868747131
29,525959.8868747131
30,523490.6182777315
31,523490.6182777315
32,523490.6182777315
33,523490.6182777315
34,523490.6182777315
35,523090.3127598187
36,523011.92537495465
37,523011.92537495465
38,523011.92537495465
39,523011.92537495465
40,523011.92537495465
