,0
0,821740.6140910975
1,821740.6140910975
2,805056.6796443625
3,782598.5314142297
4,747374.8526822038
5,679549.7553225501
6,674880.3835290838
7,634323.881688806
8,615474.6643945359
9,608838.4496780002
10,564784.4181739284
11,564784.4181739284
12,564784.4181739284
13,547351.8830563612
14,547351.8830563612
15,547351.8830563612
16,547351.8830563612
17,547164.1993318922
18,540495.2105083931
19,534103.7574650213
20,534103.7574650213
21,533307.4121207065
22,530708.4960185217
23,526804.9754127291
24,526804.9754127291
25,526501.9461952689
26,522184.07203054946
27,522184.07203054946
28,521913.7685774297
29,521617.50920639635
30,521427.8706256703
31,520939.3302023963
32,519610.27371856564
33,519610.27371856564
34,519610.27371856564
35,518363.8487832799
36,518363.8487832799
37,518363.8487832799
38,518259.26400369935
39,518259.26400369935
40,518259.26400369935
41,517955.2973053893
42,517209.16084002896
43,517209.16084002896
44,517209.16084002896
45,517209.16084002896
46,517209.16084002896
