,0
0,825917.3862305157
1,825917.3862305157
2,825917.3862305157
3,762336.9220164748
4,704935.9837316963
5,704935.9837316963
6,648647.9510988434
7,648647.9510988434
8,612945.3824809553
9,612945.3824809553
10,602088.8012566089
11,599904.750569613
12,581112.2229152861
13,571080.9806297568
14,567837.8675609508
15,555873.761071255
16,549121.4704219188
17,549121.4704219188
18,549121.4704219188
19,544263.9143881681
20,536661.1189959683
21,533113.2692362724
22,531814.2755530754
23,527280.7378005539
24,523378.27418974775
25,523378.27418974775
26,523378.27418974775
27,522420.14135658
28,522420.14135658
29,521278.05678554886
30,521278.05678554886
31,520395.99332145695
32,519833.53564616735
33,519833.53564616735
34,519757.46627709153
35,518932.40302562795
36,518932.40302562795
37,518932.40302562795
38,518588.2439348494
39,517974.2701924602
40,517974.2701924602
41,517974.2701924602
42,517974.2701924602
43,517974.2701924602
44,517123.9066114065
45,516645.21370862954
46,516645.21370862954
47,516645.21370862954
48,516645.21370862954
49,516645.21370862954
