,0
0,726163.2451209907
1,710027.6465647398
2,670119.7744470995
3,661870.4089175995
4,614543.4375613424
5,613629.486602117
6,582066.1429283179
7,582066.1429283179
8,571568.7022673254
9,558333.1672057683
10,546568.4303675211
11,546568.4303675211
12,538477.2809253408
13,533427.8839647003
14,523863.0332104781
15,521975.06214639655
16,520645.0771023337
17,511888.8510605881
18,507715.8195714579
19,507715.8195714579
20,506551.9798750135
21,506047.91672790766
22,499755.3073079937
23,499755.3073079937
24,497384.844056399
25,497384.844056399
26,497384.844056399
27,497011.88492653804
28,494743.00085936644
29,494743.00085936644
30,494743.00085936644
31,494541.6855137213
32,491944.45407124894
33,491944.45407124894
34,490213.01177893503
35,490213.01177893503
36,490213.01177893503
37,486499.2681936331
38,483857.42499660054
39,483857.42499660054
40,483857.42499660054
41,483857.42499660054
42,483857.42499660054
