,0
0,1186568.6492541905
1,1057966.2904495406
2,1057966.2904495406
3,794067.4412735729
4,794067.4412735729
5,753531.5897869342
6,674252.0873561852
7,570379.7231515216
8,570379.7231515216
9,560289.5825971614
10,453026.16018599266
11,445891.50113353075
12,438885.65046499146
13,433240.66102634615
14,423813.5489436651
15,421108.8166086606
16,421108.8166086606
17,419086.7492702968
18,417146.2675540477
19,415350.6451009892
20,415350.6451009892
21,413643.0714295538
22,413643.0714295538
23,412864.2534824885
24,410564.69095091685
25,410564.69095091685
26,410564.69095091685
27,410564.69095091685
28,410564.69095091685
