,0
0,958014.203520965
1,874447.6353647094
2,874447.6353647094
3,795169.7686001734
4,795169.7686001734
5,795169.7686001734
6,727833.7265637196
7,727833.7265637196
8,644602.2878625244
9,635712.2162629935
10,609443.7344581679
11,597235.7667676482
12,586538.9020865777
13,586538.9020865777
14,581669.9310008083
15,566305.4464194146
16,566305.4464194146
17,560150.1836185222
18,559560.4987892173
19,545258.8812699766
20,545258.8812699766
21,537622.0690846031
22,537622.0690846031
23,534591.84979274
24,534591.84979274
25,534591.84979274
26,528848.3717665353
27,528848.3717665353
28,528848.3717665353
29,528335.8189875779
30,524211.4700441687
31,524211.4700441687
32,524211.4700441687
33,523450.40920819866
34,522757.4066993725
35,522757.4066993725
36,522502.980339628
37,521736.8232436185
38,521173.92385579733
39,520407.7667597878
40,520407.7667597878
41,517287.7549415398
42,517287.7549415398
43,517287.7549415398
44,517287.7549415398
45,517287.7549415398
