,0
0,1203831.2977309993
1,992228.9458327753
2,901929.6151170868
3,901929.6151170868
4,736460.7049864037
5,736460.7049864037
6,675640.7112781679
7,652143.6459981061
8,554423.6821983178
9,512119.0792916881
10,465608.9796782772
11,449092.27900681866
12,444386.459718735
13,427998.1551581335
14,417796.302142917
15,417796.302142917
16,417796.302142917
17,416020.3527633627
18,416006.1207349213
19,416006.1207349213
20,412858.0436907246
21,412858.0436907246
22,410564.69095091685
23,410564.69095091685
24,410564.69095091685
25,410564.69095091685
26,410564.69095091685
