,0
0,957072.5666757809
1,931688.4163737231
2,854292.8749186229
3,788737.424077719
4,723976.5226240559
5,717223.1478255874
6,697052.991920212
7,694564.7722243941
8,667077.4837862445
9,614315.3120176737
10,614315.3120176737
11,604155.4509197086
12,593724.0340111622
13,588383.5425763034
14,583594.1721318963
15,570592.2048583499
16,557782.5009698195
17,553966.8493882653
18,549238.4780545863
19,545787.2784576825
20,537034.0972866322
21,535336.6691987409
22,529605.2635422649
23,529605.2635422649
24,527859.1830024465
25,527859.1830024465
26,519733.1957525883
27,519733.1957525883
28,519733.1957525883
29,518663.8709412217
30,518663.8709412217
31,518663.8709412217
32,517949.92779685225
33,517949.92779685225
34,517720.7740326478
35,517720.7740326478
36,517391.3095688787
37,517391.3095688787
38,516880.6029854857
39,516448.21266030474
40,516448.21266030474
41,516448.21266030474
42,516448.21266030474
43,516448.21266030474
