,0
0,892308.0870484686
1,892308.0870484686
2,879533.5627357189
3,740936.3735398186
4,740936.3735398186
5,740936.3735398186
6,740936.3735398186
7,703922.9332499283
8,681362.130076138
9,663828.1888809603
10,613711.8674078388
11,613711.8674078388
12,594874.4294397496
13,594874.4294397496
14,581813.0658993069
15,581813.0658993069
16,569052.6601420045
17,548017.9618219998
18,548017.9618219998
19,548017.9618219998
20,548017.9618219998
21,543219.858301676
22,540393.0578018
23,538227.4885085877
24,538227.4885085877
25,538227.4885085877
26,531839.615327944
27,531839.615327944
28,529584.9400772882
29,524011.56606357114
30,524011.56606357114
31,524011.56606357114
32,524011.56606357114
33,524011.56606357114
34,521302.85569529404
35,521302.85569529404
36,521302.85569529404
37,521302.85569529404
38,521302.85569529404
