,0
0,706096.3072088015
1,673110.3756810864
2,673110.3756810864
3,634475.2586576159
4,634475.2586576159
5,614377.044012839
6,602545.5344514808
7,589968.6446841728
8,589968.6446841728
9,570949.5062898
10,558724.8318097722
11,544918.1885830828
12,541132.3521136668
13,541132.3521136668
14,531302.7579164106
15,531302.7579164106
16,526388.4920957187
17,525759.1489802826
18,521121.55826026364
19,514869.1102285945
20,508521.61300436803
21,504268.72112967493
22,504268.72112967493
23,504268.72112967493
24,502865.76969695045
25,496522.90810435335
26,496522.90810435335
27,492474.6346870563
28,492474.6346870563
29,488407.8062658502
30,488407.8062658502
31,488407.8062658502
32,486648.4336112237
33,486648.4336112237
34,486648.4336112237
35,486648.4336112237
36,486648.4336112237
