,0
0,925519.5845235629
1,841932.8921638903
2,841932.8921638903
3,818783.3725611512
4,786135.8201475939
5,741915.2526487104
6,741915.2526487104
7,698344.2772402819
8,664098.3289204115
9,645638.2265270205
10,609945.6298118506
11,609945.6298118506
12,600689.954637446
13,583492.717173111
14,567515.6366376048
15,558026.5329474182
16,558026.5329474182
17,555551.0182652766
18,543815.7116158694
19,540545.1238426007
20,540545.1238426007
21,537275.0187538511
22,537275.0187538511
23,537275.0187538511
24,533433.3087672602
25,530463.3161949161
26,529530.888013743
27,524957.8607054773
28,520164.5732207871
29,520164.5732207871
30,520164.5732207871
31,520164.5732207871
32,519221.47631221317
33,519221.47631221317
34,519221.47631221317
35,519221.47631221317
36,519089.5375040655
37,519089.5375040655
38,519089.5375040655
39,518986.61164265365
40,518578.83092067245
41,518146.44059549156
42,518146.44059549156
43,518146.44059549156
44,518146.44059549156
45,518146.44059549156
