,0
0,577484.925657528
1,534464.7004471471
2,425386.26675992546
3,390289.37128782313
4,390289.37128782313
5,390289.37128782313
6,377139.96267308237
7,352579.04512332234
8,323150.7210997192
9,317422.7932274568
10,292432.89653647726
11,286411.1943937033
12,285269.9268317257
13,248967.78302333909
14,241540.3591355354
15,239486.797936469
16,239486.797936469
17,236407.49505155283
18,232439.36081983725
19,232439.36081983725
20,222173.68430982207
21,222173.68430982207
22,221220.2494754392
23,214538.74601242386
24,214538.74601242386
25,214538.74601242386
26,214538.74601242386
27,214538.74601242386
