,0
0,534239.2741622198
1,508652.4744532647
2,438019.7196396995
3,425586.39707727765
4,425586.39707727765
5,394710.80495329684
6,357238.87853258976
7,353787.803848296
8,325043.003488147
9,311714.3600333176
10,243863.2144684371
11,241181.7452977253
12,241181.7452977253
13,237820.84587828862
14,226642.70307733284
15,226642.70307733284
16,219939.56502902348
17,219939.56502902348
18,217042.57486813513
19,217042.57486813513
20,212706.9367262161
21,208758.30372020515
22,208758.30372020515
23,208758.30372020515
24,208758.30372020515
25,208758.30372020515
