,0
0,526457.1661062932
1,526457.1661062932
2,409261.293843879
3,409261.293843879
4,409261.293843879
5,393076.1030156419
6,377317.66766013706
7,344414.9399844085
8,338906.41345508205
9,305007.61968342256
10,304679.744664172
11,281532.5511470663
12,269301.3853912618
13,263131.98280908086
14,232070.32420949516
15,226484.7620120141
16,226484.7620120141
17,226484.7620120141
18,226484.7620120141
19,221875.77264696668
20,221284.0603229791
21,217315.92609126354
22,212706.9367262161
23,212706.9367262161
24,208758.30372020515
25,208758.30372020515
26,208758.30372020515
27,208758.30372020515
28,208758.30372020515
