,0
0,880359.9524067581
1,750169.8162953323
2,750169.8162953323
3,750169.8162953323
4,724515.1591871778
5,711918.95425981
6,699323.8474173939
7,638220.2915380754
8,634448.7564854083
9,634063.8450326236
10,630658.0289288423
11,620189.8710114209
12,614234.8463524655
13,603844.1809611467
14,582049.3881066131
15,577117.1585880652
16,576906.0920296048
17,571534.2751050348
18,563813.3667508126
19,554752.921085211
20,552456.5786346432
21,542638.7064062378
22,534654.3131863353
23,534654.3131863353
24,534654.3131863353
25,531073.5378659518
26,530793.8534541775
27,530088.853985833
28,526681.9742986734
29,522059.52696429985
30,522059.52696429985
31,522059.52696429985
32,520313.6390461545
33,519521.92782924644
34,519521.92782924644
35,516676.2271870193
36,516676.2271870193
37,513432.13632678136
38,513432.13632678136
39,513432.13632678136
40,513432.13632678136
41,512489.0394182074
42,512056.64909302647
43,512056.64909302647
44,512056.64909302647
45,512056.64909302647
46,512056.64909302647
