,0
0,695476.5706453999
1,678506.9388204322
2,643691.8663286867
3,635635.3015425852
4,605572.2975583421
5,585520.116076491
6,560722.4448340936
7,532418.5305553746
8,532418.5305553746
9,529557.0088257685
10,519852.20809863316
11,514995.89173463563
12,509539.3987623573
13,509246.92551904765
14,506048.0175624658
15,506048.0175624658
16,504706.7492593048
17,498012.5184915254
18,497812.7384290456
19,495103.311677049
20,495103.311677049
21,494678.22101794014
22,494678.22101794014
23,494678.22101794014
24,493492.47746635776
25,493492.47746635776
26,493088.8118712767
27,493088.8118712767
28,493088.8118712767
29,493067.3868072489
30,493067.3868072489
31,493067.3868072489
32,493067.3868072489
33,493067.3868072489
