,0
0,704167.4346353275
1,704167.4346353275
2,704167.4346353275
3,704167.4346353275
4,698497.1888616177
5,648679.9358516465
6,577884.7515156792
7,577884.7515156792
8,577884.7515156792
9,577884.7515156792
10,561204.5093416539
11,561204.5093416539
12,561204.5093416539
13,550816.083998185
14,547420.4469204523
15,547420.4469204523
16,543406.7272737187
17,540703.3928599873
18,533760.5294022042
19,533664.0364203345
20,530780.8199855719
21,530780.8199855719
22,530526.3936258274
23,529034.1115309674
24,529034.1115309674
25,529034.1115309674
26,529025.9059729775
27,528688.8192162211
28,528027.6659751536
29,526531.2705930675
30,526531.2705930675
31,525202.2141092368
32,523652.9867248596
33,523652.9867248596
34,523652.9867248596
35,523398.5603651151
36,523174.2938220827
37,522919.8674623382
38,522919.8674623382
39,522886.82962885004
40,522632.4032691056
41,522632.4032691056
42,522153.71036632865
43,522153.71036632865
44,522153.71036632865
45,522153.71036632865
46,522153.71036632865
