,0
0,945371.7971311406
1,945371.7971311406
2,945371.7971311406
3,857205.5678988891
4,831497.9387508305
5,698158.8113010996
6,608988.8927865472
7,559334.7528659328
8,559334.7528659328
9,538194.2922461041
10,509824.35034433566
11,500328.7236687695
12,449317.4595559525
13,433850.6007388565
14,430082.3075982756
15,424411.20292533486
16,423527.0343493588
17,423527.0343493588
18,420870.81943193387
19,417974.61826602125
20,417974.61826602125
21,415017.33204377897
22,415017.33204377897
23,414667.89817222446
24,412723.9793039712
25,412723.9793039712
26,412723.9793039712
27,412723.9793039712
28,412723.9793039712
