,0
0,813783.8208219523
1,805475.2932950202
2,805475.2932950202
3,755660.7907225583
4,686064.7332882937
5,686064.7332882937
6,646371.9108622012
7,641039.8840953448
8,641039.8840953448
9,602566.1864181805
10,602566.1864181805
11,597572.3713572907
12,581925.72358038
13,572320.9338319456
14,569277.122684525
15,569277.122684525
16,566537.6200728717
17,557797.7428863569
18,557797.7428863569
19,548571.4199927447
20,548175.9201135901
21,537859.5283724569
22,535807.0371643993
23,529123.1952531065
24,527346.4151453619
25,525283.2752773394
26,520291.9114755685
27,520291.9114755685
28,520291.9114755685
29,518962.8549917378
30,518962.8549917378
31,518962.8549917378
32,518962.8549917378
33,518962.8549917378
34,518778.7176228685
35,518708.4286319933
36,518708.4286319933
37,518708.4286319933
38,518708.4286319933
39,518708.4286319933
