,0
0,563273.3431634026
1,501113.1280341847
2,487373.7050717111
3,438262.9285531154
4,392341.1682041821
5,371666.62163236464
6,365741.6706726276
7,338558.95733122807
8,308358.94076114387
9,308358.94076114387
10,256478.8500430087
11,256478.8500430087
12,254827.33594154962
13,243354.49448000608
14,229012.8371307608
15,229012.8371307608
16,217400.0559985361
17,217400.0559985361
18,212360.50429830432
19,212360.50429830432
20,212360.50429830432
21,212360.50429830432
22,208758.30372020515
23,208758.30372020515
24,208758.30372020515
25,208758.30372020515
26,208758.30372020515
