,0
0,840204.7398245271
1,840204.7398245271
2,840204.7398245271
3,840204.7398245271
4,767043.2539042615
5,725895.7419536571
6,705069.9960588374
7,700595.0416639964
8,674316.190626844
9,623693.8648093902
10,599776.7293881844
11,599776.7293881844
12,572954.8484471024
13,572954.8484471024
14,572954.8484471024
15,572954.8484471024
16,567465.3989339855
17,546315.1466382035
18,546315.1466382035
19,544040.0349024084
20,544040.0349024084
21,537612.180717069
22,537612.180717069
23,536233.1882818508
24,535886.5708074241
25,530994.5644721313
26,527579.1574027954
27,525041.558267742
28,525041.558267742
29,523235.78762802563
30,519453.51134081406
31,519453.51134081406
32,519453.51134081406
33,519453.51134081406
34,519453.51134081406
