,0
0,933928.695387645
1,856586.613148698
2,856586.613148698
3,752780.9703444173
4,706583.584184691
5,701786.2690599444
6,651937.21387785
7,602594.1481377257
8,602594.1481377257
9,601407.3590746274
10,587577.9930274338
11,583710.9514001819
12,566495.9519117314
13,563393.623886154
14,555864.6923177227
15,551415.6144515503
16,549554.9866704382
17,542260.352490607
18,538536.0640227954
19,538007.9946486705
20,538007.9946486705
21,533046.9636411975
22,531188.0073368246
23,529087.3951463
24,522752.04552701174
25,521985.88843100215
26,521478.456114753
27,521294.31874588365
28,521294.31874588365
29,521294.31874588365
30,520428.3529510825
31,519958.73091560707
32,519958.73091560707
33,519774.59354673774
34,519478.05848620366
35,519478.05848620366
36,519478.05848620366
37,519478.05848620366
38,519478.05848620366
