,0
0,841630.7875583518
1,841630.7875583518
2,841630.7875583518
3,792289.826334801
4,734533.7716156074
5,711337.4643652304
6,664433.3444650472
7,636796.0304707879
8,636796.0304707879
9,636796.0304707879
10,600066.0062089463
11,600066.0062089463
12,588070.501751864
13,573022.0999014425
14,556459.1866071069
15,556459.1866071069
16,556459.1866071069
17,556459.1866071069
18,556459.1866071069
19,542228.7182381701
20,542228.7182381701
21,540732.6518937399
22,535872.971742011
23,534607.2991760558
24,531864.4339419783
25,530535.2107193487
26,530338.8754912997
27,527306.7072174896
28,526878.0388832
29,526878.0388832
30,524867.6659685327
31,524867.6659685327
32,524867.6659685327
33,524867.6659685327
34,524135.1736491224
35,524135.1736491224
36,524135.1736491224
37,524135.1736491224
38,524135.1736491224
