,0
0,839819.2681857073
1,781892.5374569135
2,734642.264821146
3,734642.264821146
4,701977.3654000906
5,701977.3654000906
6,666668.1837637117
7,654231.7834227376
8,612350.7412854308
9,611014.3690850612
10,589845.8257599927
11,589845.8257599927
12,589845.8257599927
13,581331.7551341458
14,568535.8216936652
15,564912.9515674963
16,560500.8790166652
17,560500.8790166652
18,541419.6315513297
19,541419.6315513297
20,541419.6315513297
21,535999.9632951026
22,533957.5659651159
23,533452.7543215677
24,529671.7132514298
25,526420.3523717222
26,526097.7414437055
27,524508.8391120207
28,522959.61172764335
29,522959.61172764335
30,522959.61172764335
31,522959.61172764335
32,522959.61172764335
