,0
0,1052639.7766736846
1,1052639.7766736846
2,878869.909611586
3,878869.909611586
4,840234.2346098152
5,812652.2771662412
6,738037.8062899465
7,610844.5542526852
8,561840.6539724445
9,520647.5624347756
10,471029.80620315997
11,471029.80620315997
12,443014.47139422887
13,429446.4475585777
14,429446.4475585777
15,427552.6383829499
16,427552.6383829499
17,422779.39693832916
18,422169.4074810412
19,420162.22770375345
20,418483.19146371965
21,416755.6508028024
22,416035.33251695323
23,413965.84091787756
24,412508.6098191701
25,410712.9873661116
26,410712.9873661116
27,410564.69095091685
28,410564.69095091685
29,410564.69095091685
30,410564.69095091685
31,410564.69095091685
