,0
0,1241737.0537375123
1,1173568.7918996215
2,958742.079333319
3,956619.7217781123
4,800502.4409938767
5,800502.4409938767
6,800502.4409938767
7,664538.5234640691
8,594961.6357845156
9,515874.1096931028
10,515874.1096931028
11,493401.34690316767
12,445181.6173386257
13,436713.6290459567
14,436713.6290459567
15,436713.6290459567
16,430928.3144941192
17,430928.3144941192
18,430928.3144941192
19,428911.01133063086
20,425288.5792636844
21,423837.5579567409
22,422316.8133722345
23,416274.65307617467
24,413896.7184736593
25,413896.7184736593
26,410712.9873661116
27,410712.9873661116
28,410712.9873661116
29,410564.69095091685
30,410564.69095091685
31,410564.69095091685
32,410564.69095091685
33,410564.69095091685
