,0
0,524827.5122621023
1,494665.3006169338
2,480490.01918560924
3,445269.809578564
4,404105.3685561394
5,404105.3685561394
6,324587.9489938605
7,324587.9489938605
8,324587.9489938605
9,262210.6087536354
10,262210.6087536354
11,262210.6087536354
12,245006.13865009553
13,245006.13865009553
14,245006.13865009553
15,224723.96864510962
16,224723.96864510962
17,224723.96864510962
18,224639.38218226327
19,223965.67093767226
20,221519.47429093567
21,218622.7575277363
22,217551.3400592201
23,217551.3400592201
24,217551.3400592201
25,213949.13948112092
26,213949.13948112092
27,213949.13948112092
28,213949.13948112092
29,213949.13948112092
