,0
0,700795.9248143678
1,700795.9248143678
2,700795.9248143678
3,677172.7990032576
4,671142.5561119555
5,625425.5910603699
6,614136.8516083834
7,565382.5137453937
8,565382.5137453937
9,565382.5137453937
10,565382.5137453937
11,562405.007564188
12,542722.3507791643
13,533205.9794278711
14,533205.9794278711
15,527448.0233430464
16,527448.0233430464
17,527448.0233430464
18,518046.7654432536
19,518046.7654432536
20,514882.43774697225
21,511256.1778784794
22,508967.36261692323
23,508861.53949372674
24,508861.53949372674
25,504155.96221532294
26,498104.59525809967
27,498104.59525809967
28,498104.59525809967
29,496285.4960021752
30,494797.07283400843
31,493231.2247882119
32,488633.8036496378
33,488633.8036496378
34,487723.402744919
35,486330.58619007556
36,486330.58619007556
37,486330.58619007556
38,485089.34651331214
39,483550.2735170096
40,483550.2735170096
41,483550.2735170096
42,483550.2735170096
43,483550.2735170096
