,0
0,986840.9614205878
1,986840.9614205878
2,986840.9614205878
3,986840.9614205878
4,947589.874955156
5,906010.1244985881
6,728735.492543175
7,721453.8171440206
8,691763.5733235539
9,651712.7508286521
10,556195.7296816756
11,522554.5616656187
12,503579.96298949904
13,503579.96298949904
14,445915.12650854525
15,436417.29682134977
16,436417.29682134977
17,433551.3464846279
18,433551.3464846279
19,419458.45144088485
20,419458.45144088485
21,419458.45144088485
22,419458.45144088485
23,419458.45144088485
24,419135.90893461875
25,417918.87570934906
26,413785.1580529846
27,413785.1580529846
28,412858.0436907246
29,412858.0436907246
30,410564.69095091685
31,410564.69095091685
32,410564.69095091685
33,410564.69095091685
34,410564.69095091685
