,0
0,991934.8602366775
1,991934.8602366775
2,867781.9984646932
3,822698.760072525
4,822698.760072525
5,822698.760072525
6,742389.0924452867
7,742389.0924452867
8,688786.4882709722
9,683946.4779544184
10,668370.7348849507
11,648427.1745454104
12,629217.7306866175
13,628299.3211514835
14,612731.3731840067
15,585926.9900871605
16,585926.9900871605
17,585926.9900871605
18,579900.1871278879
19,575180.6799574828
20,564977.5044167619
21,560307.4187627868
22,560307.4187627868
23,560307.4187627868
24,558903.6217469537
25,558775.9359775635
26,558775.9359775635
27,556961.1387849872
28,554664.0568220596
29,554664.0568220596
30,552527.0789563298
31,552527.0789563298
32,551546.5858834909
33,551125.8888779024
34,549175.5142829696
35,548754.8172773812
36,548754.8172773812
37,548754.8172773812
38,548754.8172773812
39,548754.8172773812
