,0
0,973037.0838878639
1,906136.342684633
2,867943.8689029277
3,787501.2022775551
4,672771.68018019
5,672771.68018019
6,672771.68018019
7,672771.68018019
8,658990.3361505542
9,625810.6358936853
10,622610.5253128313
11,612501.4894551662
12,585651.1293682425
13,581760.653566241
14,581760.653566241
15,581760.653566241
16,577204.9629612603
17,574083.0871643447
18,570297.7094186208
19,568881.346797595
20,558352.8128177006
21,555882.0282619656
22,551014.536658621
23,544087.343037403
24,540279.8898648171
25,540279.8898648171
26,540279.8898648171
27,534166.6328176189
28,532117.810884879
29,532117.810884879
30,531324.2285805364
31,531324.2285805364
32,531324.2285805364
33,530619.4177316125
34,530619.4177316125
35,530353.6780061548
36,530353.6780061548
37,530169.5406372856
38,530099.2516464103
39,529915.114277541
40,529915.114277541
41,529915.114277541
42,529915.114277541
43,529915.114277541
