,0
0,913893.7332603849
1,913893.7332603849
2,814384.7362906957
3,803162.3270868751
4,746692.0304094228
5,746692.0304094228
6,674897.5906878371
7,666176.7467810829
8,651015.7528589097
9,628751.0728643651
10,627014.309767582
11,611229.0513673201
12,593552.2692658254
13,586663.6892535951
14,574178.956567781
15,566177.7439625764
16,566177.7439625764
17,558372.8851549597
18,540974.5974589753
19,540974.5974589753
20,539447.8648148832
21,539447.8648148832
22,536627.826535671
23,532465.5592167398
24,529221.588163775
25,529221.588163775
26,526034.7684407971
27,525392.1230492564
28,524959.7327240754
29,524959.7327240754
30,520371.65635815787
31,520371.65635815787
32,520371.65635815787
33,519944.97693833197
34,519944.97693833197
35,519302.3315467913
36,519302.3315467913
37,518869.94122161035
38,518869.94122161035
39,518869.94122161035
40,518869.94122161035
41,518869.94122161035
