,0
0,923997.6402132063
1,868065.2799140555
2,708111.9756611701
3,688345.1243096369
4,664222.0051705865
5,664222.0051705865
6,638250.5623430571
7,638250.5623430571
8,598321.7465192953
9,598321.7465192953
10,588128.8013367906
11,586783.6544126676
12,572290.8095229964
13,560812.2003537229
14,560812.2003537229
15,551272.5524423277
16,551272.5524423277
17,548435.2407069958
18,542335.5706025294
19,536354.5335129658
20,533997.2650661549
21,531367.7469423518
22,531367.7469423518
23,527427.0319011926
24,524786.355605415
25,524780.7033507262
26,524780.7033507262
27,522308.8703735854
28,522308.8703735854
29,522308.8703735854
30,522308.8703735854
31,520142.9409324375
32,520142.9409324375
33,520142.9409324375
34,520142.9409324375
35,519375.63352586573
36,519375.63352586573
37,519375.63352586573
38,517354.7248437712
39,517354.7248437712
40,517354.7248437712
41,517293.3785966856
42,517293.3785966856
43,517293.3785966856
44,516588.5677477616
45,516588.5677477616
46,516588.5677477616
47,516588.5677477616
48,516588.5677477616
