,0
0,911769.8591329807
1,780497.4319429419
2,780497.4319429419
3,770676.1672870164
4,770676.1672870164
5,678790.4840027029
6,678790.4840027029
7,678790.4840027029
8,652053.2729491089
9,631277.1731793385
10,617790.5929393042
11,617790.5929393042
12,609883.9707592725
13,582940.3116254716
14,571911.3782622697
15,570384.7144484378
16,570384.7144484378
17,558085.4399969191
18,558085.4399969191
19,556912.3232572877
20,546236.7408327218
21,546236.7408327218
22,546101.0573043188
23,545358.2870899672
24,540378.8091320653
25,540276.9009399794
26,538464.0502802915
27,535098.5573862157
28,530053.7378096244
29,529024.3312396914
30,529024.3312396914
31,527200.6097439398
32,526499.5146060428
33,524632.7676724131
34,523972.2334563754
35,523414.21070229536
36,519022.6471350171
37,518384.1865294475
38,518384.1865294475
39,518384.1865294475
40,518384.1865294475
41,518384.1865294475
