,0
0,910496.8841549144
1,840696.798927465
2,840696.798927465
3,714127.4265210709
4,714127.4265210709
5,714127.4265210709
6,646562.6321387965
7,611803.8819003142
8,611803.8819003142
9,588017.2155118983
10,588017.2155118983
11,588017.2155118983
12,571240.7450753843
13,546419.1507438117
14,546419.1507438117
15,546419.1507438117
16,540442.2929258726
17,540442.2929258726
18,534648.9364397993
19,534648.9364397993
20,534648.9364397993
21,534648.9364397993
22,532865.8957773335
23,529475.318315487
24,525948.6579344459
25,525057.1188332663
26,525057.1188332663
27,524600.644247486
28,521854.3066835431
29,521854.3066835431
30,520027.3876865822
31,520027.3876865822
32,520027.3876865822
33,519066.9368376263
34,519066.9368376263
35,519066.9368376263
36,518617.0597432993
37,518617.0597432993
38,518245.8888007462
39,518245.8888007462
40,517796.01170641923
41,517796.01170641923
42,517363.8253366543
43,517363.8253366543
44,517363.8253366543
45,516913.9482423274
46,516913.9482423274
47,516913.9482423274
48,516913.9482423274
49,516913.9482423274
