,0
0,1171474.3188913052
1,1093096.242077788
2,942546.0161772706
3,942546.0161772706
4,842002.0037086756
5,755739.9460383247
6,755739.9460383247
7,711027.9360900884
8,551793.3258369522
9,551793.3258369522
10,510898.93397383124
11,510898.93397383124
12,483943.41402804566
13,439181.2775547373
14,429867.85963827354
15,428959.6188195972
16,425174.75694485515
17,424402.4329555753
18,422208.7173125611
19,418389.77031309064
20,415580.7805060431
21,413785.1580529846
22,413785.1580529846
23,413636.8616377899
24,411491.8053131769
25,410564.69095091685
26,410564.69095091685
27,410564.69095091685
28,410564.69095091685
29,410564.69095091685
