,0
0,849671.5544519677
1,849671.5544519677
2,753835.3859062658
3,708013.2407115899
4,663377.648262987
5,648321.4799984617
6,644618.2316095335
7,600194.2067461353
8,592383.9273369238
9,592383.9273369238
10,582810.833706275
11,573342.569400321
12,570804.692327003
13,559973.63246985
14,551744.4017280107
15,551661.6091749606
16,549677.9545880219
17,539319.9333880522
18,538997.3224600354
19,532011.8988361314
20,532011.8988361314
21,532011.8988361314
22,532011.8988361314
23,531683.8648234033
24,531683.8648234033
25,531174.7611382626
26,525792.0961586677
27,525792.0961586677
28,524741.9929949973
29,524741.9929949973
30,524656.9803055563
31,523835.61771623045
32,523412.9365111666
33,523412.9365111666
34,523412.9365111666
35,522277.8206580553
36,522277.8206580553
37,522277.8206580553
38,522277.8206580553
39,522277.8206580553
