,0
0,1000766.488033624
1,925828.6024876565
2,834465.884775437
3,789563.1218296966
4,789217.4470752509
5,730218.4178412477
6,645108.753820411
7,637209.3743805052
8,637209.3743805052
9,636289.9763842367
10,618168.7307154107
11,609171.1135459417
12,599894.2212118426
13,585520.2639002977
14,584931.0314975248
15,569235.1396907117
16,558712.5777179231
17,558712.5777179231
18,558712.5777179231
19,558112.6862815823
20,558112.6862815823
21,555581.051111425
22,550834.2012412474
23,543539.7660483475
24,542943.48319916
25,537132.0518993587
26,537132.0518993587
27,537132.0518993587
28,532220.1414786393
29,532220.1414786393
30,527712.7038977937
31,527423.8994314186
32,527423.8994314186
33,522800.7934770741
34,522572.05290272966
35,522572.05290272966
36,522572.05290272966
37,522572.05290272966
38,521750.6903134037
39,521750.6903134037
40,521521.94973905926
41,521521.94973905926
42,521521.94973905926
43,521072.0726447323
44,521072.0726447323
45,521072.0726447323
46,521072.0726447323
47,521072.0726447323
