,0
0,726250.5417874007
1,726250.5417874007
2,678640.5948173627
3,671811.2861897481
4,650746.7651929978
5,642518.5619827386
6,629369.3612447171
7,606178.1727239868
8,574220.3471394302
9,554928.5893402991
10,552378.1270743774
11,549044.4985376345
12,535958.9343221061
13,535958.9343221061
14,528684.0735306045
15,522255.0021675318
16,514554.4952721095
17,514554.4952721095
18,513630.7818571459
19,505176.9141790402
20,505176.9141790402
21,505176.9141790402
22,499636.60520090634
23,498186.50875985925
24,496948.1613693413
25,494992.6019905262
26,494992.6019905262
27,494974.398471911
28,490740.4452075141
29,487092.4777740756
30,487092.4777740756
31,486073.64439708425
32,486073.64439708425
33,486045.39378546725
34,486045.39378546725
35,485026.56040847604
36,485026.56040847604
37,485026.56040847604
38,485026.56040847604
39,485026.56040847604
