,0
0,955905.7658277352
1,955905.7658277352
2,955905.7658277352
3,909672.2002610599
4,844548.3107827151
5,722877.1416381432
6,642358.246747456
7,627903.6876672538
8,592706.3797716644
9,503057.4504759077
10,459537.00235152117
11,459537.00235152117
12,436485.6384759209
13,434356.2460440249
14,429111.6606973838
15,425110.51864044496
16,424734.94833027123
17,423407.2426244578
18,420128.6248459068
19,416905.1746080452
20,411491.8053131769
21,411491.8053131769
22,411491.8053131769
23,410712.9873661116
24,410712.9873661116
25,410564.69095091685
26,410564.69095091685
27,410564.69095091685
28,410564.69095091685
29,410564.69095091685
