,0
0,913299.9742056645
1,761559.9838513975
2,761559.9838513975
3,733539.5743605733
4,733539.5743605733
5,733539.5743605733
6,634931.6374790856
7,634931.6374790856
8,634105.5246638446
9,629435.07213606
10,616993.3240920817
11,594218.1477354928
12,572138.1432856012
13,572138.1432856012
14,572138.1432856012
15,572138.1432856012
16,562028.910505674
17,556857.1022639776
18,554597.3882531294
19,551108.7098336667
20,548822.1252881878
21,543799.794697099
22,531069.6107380281
23,531069.6107380281
24,531069.6107380281
25,530229.4396908659
26,524703.131796117
27,524703.131796117
28,524703.131796117
29,523760.03488754306
30,523760.03488754306
31,523760.03488754306
32,523633.8069847505
33,523633.8069847505
34,523633.8069847505
35,522690.7100761765
36,522690.7100761765
37,522690.7100761765
38,522690.7100761765
39,522690.7100761765
