,0
0,946266.7943088488
1,867619.6527827636
2,785913.4662279026
3,785913.4662279026
4,745264.27242008
5,684471.6780013745
6,655512.3081681426
7,638251.5409890038
8,635174.6059151185
9,611748.4790250271
10,602924.6026669701
11,586037.0208382722
12,562795.7309266628
13,562795.7309266628
14,562795.7309266628
15,554078.3706833409
16,554078.3706833409
17,549267.8191921881
18,549003.1647395059
19,544567.7637702364
20,544567.7637702364
21,544567.7637702364
22,539631.5148735291
23,538612.2785435152
24,534284.9469752548
25,531043.8553883185
26,529386.3413213082
27,525517.5474935697
28,525019.7332564439
29,522979.94835851627
30,521405.6683380656
31,521150.9394287054
32,521150.9394287054
33,518613.34029365197
34,517039.0602732013
35,517039.0602732013
36,517039.0602732013
37,514501.4611381479
38,514501.4611381479
39,514501.4611381479
40,514501.4611381479
41,514501.4611381479
42,513432.13632678136
43,513432.13632678136
44,513432.13632678136
45,513432.13632678136
46,513432.13632678136
