,0
0,1144846.8086780256
1,1114768.488860906
2,1053028.5630925682
3,979081.2845706721
4,837574.5289629641
5,795302.4281576778
6,776791.4247735207
7,705765.6279193293
8,705765.6279193293
9,495225.1532390535
10,495225.1532390535
11,495225.1532390535
12,495225.1532390535
13,467654.5992662043
14,467654.5992662043
15,467654.5992662043
16,442539.14792869723
17,438997.71465693467
18,427739.6892948306
19,423774.23911214527
20,419643.8145808265
21,419643.8145808265
22,418711.5310788795
23,414300.7951202244
24,414300.7951202244
25,413670.2735883539
26,413670.2735883539
27,413670.2735883539
28,413670.2735883539
29,413012.54989768326
30,412723.9793039712
31,410564.69095091685
32,410564.69095091685
33,410564.69095091685
34,410564.69095091685
35,410564.69095091685
