,0
0,706506.927664436
1,706506.927664436
2,673446.0319269474
3,637856.207081921
4,580305.1426441731
5,580305.1426441731
6,577552.1107914998
7,570712.4312494749
8,566720.798018811
9,548871.8725563289
10,548871.8725563289
11,524848.9177825608
12,524848.9177825608
13,517893.70124551974
14,517893.70124551974
15,508561.6000138935
16,508561.6000138935
17,508561.6000138935
18,507343.1187085108
19,505552.1207473901
20,503982.343408835
21,496926.9604981064
22,494515.94785858743
23,492219.1334291031
24,492219.1334291031
25,491618.5199612826
26,491618.5199612826
27,488134.9411730379
28,488134.9411730379
29,486376.8358902162
30,484663.24701940373
31,484409.141827003
32,483223.5418774527
33,480828.0134327935
34,480828.0134327935
35,480605.79264655255
36,480584.3675825248
37,478806.7667992746
38,478806.7667992746
39,478806.7667992746
40,476411.2383546154
41,476411.2383546154
42,476411.2383546154
43,476411.2383546154
44,476411.2383546154
