,0
0,562036.4904947374
1,542880.1523547218
2,443072.5535914622
3,443072.5535914622
4,443072.5535914622
5,419658.299406956
6,383380.44874545163
7,383380.44874545163
8,355178.1959098754
9,326650.3399184035
10,326650.3399184035
11,309945.4429233622
12,281270.19699390075
13,281270.19699390075
14,270033.52377874946
15,270033.52377874946
16,255570.59098156635
17,240084.254794152
18,232411.0920744055
19,232411.0920744055
20,229221.15716781365
21,222101.50728327534
22,218140.94659052303
23,218140.94659052303
24,216984.94265916047
25,213034.2155428953
26,213034.2155428953
27,211962.7980743791
28,211962.7980743791
29,209829.72118872136
30,208758.30372020515
31,208758.30372020515
32,208758.30372020515
33,208758.30372020515
34,208758.30372020515
