,0
0,549159.3268384249
1,493894.92560991104
2,493894.92560991104
3,432349.64521403576
4,361972.8346907995
5,361972.8346907995
6,300347.1051237383
7,300347.1051237383
8,298718.96521534544
9,289298.3804887553
10,280790.4137323257
11,255866.92793526404
12,255866.92793526404
13,230999.26161349748
14,228610.01786713485
15,220918.1266693627
16,217069.52912200682
17,214538.74601242386
18,213838.08051396118
19,208758.30372020515
20,208758.30372020515
21,208758.30372020515
22,208758.30372020515
23,208758.30372020515
