,0
0,834103.937294654
1,834103.937294654
2,834103.937294654
3,730815.8893957963
4,730815.8893957963
5,710339.8150496914
6,644646.1472726471
7,644646.1472726471
8,644646.1472726471
9,630232.6194339826
10,630232.6194339826
11,620252.0147576779
12,620252.0147576779
13,616421.7339885894
14,578108.8477819838
15,578108.8477819838
16,572120.1908342647
17,556414.039806146
18,556414.039806146
19,556414.039806146
20,546716.7043775631
21,544533.7242988854
22,544271.6538867154
23,537838.5350837947
24,537052.0330939272
25,537052.0330939272
26,528642.0539402987
27,527437.7822575009
28,526558.0263839373
29,522578.2244411044
30,522578.2244411044
31,519944.97693833197
32,518893.0247054262
33,518893.0247054262
34,518893.0247054262
35,518466.34528560034
36,517391.3095688787
37,517391.3095688787
38,517391.3095688787
39,516880.6029854857
40,516448.21266030474
41,516448.21266030474
42,516448.21266030474
43,516448.21266030474
44,516448.21266030474
