,0
0,681535.8866867648
1,681535.8866867648
2,681535.8866867648
3,674526.307050075
4,625505.6805601472
5,616230.6529174666
6,596858.0093189455
7,580918.6996409321
8,579723.4412551828
9,535818.3747392675
10,535818.3747392675
11,535818.3747392675
12,535734.7874623353
13,533654.5942067973
14,520296.7050881113
15,520296.7050881113
16,520296.7050881113
17,511316.3136239171
18,496978.3523377662
19,496978.3523377662
20,496978.3523377662
21,496978.3523377662
22,496978.3523377662
23,495999.55681438494
24,495999.55681438494
25,495999.55681438494
26,494641.6599100383
27,491699.4123798908
28,491699.4123798908
29,490576.91460490035
30,484462.3997610028
31,484462.3997610028
32,484462.3997610028
33,484462.3997610028
34,484462.3997610028
