,0
0,962564.475044989
1,933704.0822250424
2,912403.9285551866
3,817096.7631742
4,762470.4399774919
5,757132.7000007071
6,757132.7000007071
7,693728.3607452492
8,693728.3607452492
9,631151.4044889848
10,631151.4044889848
11,631151.4044889848
12,627138.450213299
13,620624.4325086442
14,588299.3536935038
15,576162.4383228233
16,560607.8413762981
17,560607.8413762981
18,549295.5511820572
19,549295.5511820572
20,546740.3129158219
21,543388.7482424617
22,543388.7482424617
23,541607.363073066
24,541607.363073066
25,540851.1491074084
26,540851.1491074084
27,540851.1491074084
28,540851.1491074084
29,539014.3134839354
30,539014.3134839354
31,539014.3134839354
32,539014.3134839354
33,539014.3134839354
