,0
0,1091668.6244655768
1,920169.8516373711
2,919482.4260917911
3,856720.2099716649
4,750087.7597060626
5,629221.212623108
6,566825.0584139929
7,566825.0584139929
8,519997.12798489083
9,467014.3283650119
10,467014.3283650119
11,439348.45575254614
12,430964.08150116226
13,430649.8105783765
14,426013.07056797243
15,422743.68161801976
16,419833.24842366576
17,416621.8442103524
18,416621.8442103524
19,416621.8442103524
20,413609.1885320242
21,410712.9873661116
22,410712.9873661116
23,410712.9873661116
24,410564.69095091685
25,410564.69095091685
26,410564.69095091685
27,410564.69095091685
28,410564.69095091685
