,0
0,702131.4257967743
1,702131.4257967743
2,673976.7833369668
3,650721.4929164959
4,650721.4929164959
5,619707.3615119238
6,603635.7693091397
7,564962.565638954
8,564962.565638954
9,553486.3886877391
10,553486.3886877391
11,547173.542822366
12,535207.8153871584
13,527306.9203168848
14,527306.9203168848
15,510370.9964921706
16,510370.9964921706
17,506259.03355278756
18,506259.03355278756
19,506259.03355278756
20,501720.1101903454
21,501720.1101903454
22,501015.3629239243
23,496527.84778778086
24,496527.84778778086
25,496527.84778778086
26,494671.95111330814
27,494671.95111330814
28,493940.8854023063
29,493940.8854023063
30,490875.2535067881
31,489777.75409171014
32,489777.75409171014
33,489047.2372970683
34,488825.45762836415
35,486294.84899988706
36,486294.84899988706
37,483564.9517532909
38,482517.86776468257
39,482517.86776468257
40,482517.86776468257
41,482517.86776468257
42,482517.86776468257
