,0
0,1123865.7649731233
1,1073774.6089761131
2,811347.3673284445
3,811347.3673284445
4,707814.963377788
5,675039.9383135359
6,642983.9588571927
7,551132.3497676734
8,551132.3497676734
9,494163.2727993301
10,467175.47981393005
11,434445.0126325612
12,432996.3444548471
13,421912.8596651126
14,413502.7972510365
15,413502.7972510365
16,413502.7972510365
17,413502.7972510365
18,413502.7972510365
19,411343.50889798213
20,411343.50889798213
21,411343.50889798213
22,410564.69095091685
23,410564.69095091685
24,410564.69095091685
25,410564.69095091685
26,410564.69095091685
