,0
0,524335.8227622217
1,515196.2499143075
2,503718.9126115885
3,425880.9060590118
4,407486.31462210655
5,407397.7229694555
6,382733.3024850194
7,349745.975632728
8,349745.975632728
9,313177.8168975145
10,291184.37758577056
11,265451.49118017143
12,241037.96797330416
13,241037.96797330416
14,241037.96797330416
15,231025.4128179656
16,228114.3329222103
17,228114.3329222103
18,228114.3329222103
19,223671.92894061268
20,222913.6312331753
21,220467.4345864387
22,220467.4345864387
23,220467.4345864387
24,220467.4345864387
25,220467.4345864387
