,0
0,805053.3432103111
1,795217.8033946224
2,795217.8033946224
3,742851.4638804409
4,701529.7877727933
5,693239.5738408065
6,648154.9948988013
7,604021.6116008589
8,604021.6116008589
9,604021.6116008589
10,599759.1341883878
11,592369.7176052141
12,585742.8317087026
13,585742.8317087026
14,572483.3153973526
15,570379.1012505805
16,563135.993249589
17,550314.8983501707
18,543350.6353275074
19,543350.6353275074
20,543350.6353275074
21,543350.6353275074
22,541895.553257461
23,539135.412954309
24,535371.842661024
25,535371.842661024
26,535371.842661024
27,530980.2790937456
28,530980.2790937456
29,530980.2790937456
30,530646.4694652385
31,527198.0028065342
32,526357.831759372
33,526254.9058979602
34,525414.7348507982
35,525414.7348507982
36,525414.7348507982
37,525414.7348507982
38,525414.7348507982
