,0
0,706307.7450045827
1,706307.7450045827
2,706307.7450045827
3,677198.6822089474
4,653930.8663908172
5,644124.5814690158
6,634803.4654589539
7,590075.4806496667
8,578718.6884214167
9,576360.2599157243
10,571158.2922587072
11,548733.469804918
12,548733.469804918
13,548600.8611190122
14,533939.525978732
15,533939.525978732
16,533939.525978732
17,521869.1436490303
18,521869.1436490303
19,516760.33817340346
20,516760.33817340346
21,510389.7841515869
22,510389.7841515869
23,509873.43053376634
24,508064.5392133082
25,507747.9409545543
26,504070.71976700024
27,501783.5062820232
28,501273.8640682727
29,501273.8640682727
30,501273.8640682727
31,501273.8640682727
32,501273.8640682727
33,500736.4222934149
34,500736.4222934149
35,500736.4222934149
36,500736.4222934149
37,500736.4222934149
