,0
0,907568.2967817009
1,873576.8539364462
2,779030.7539457747
3,770846.7989072932
4,717463.5628501754
5,677814.3401825374
6,677814.3401825374
7,644349.858672951
8,615937.6507079122
9,615937.6507079122
10,614695.6324564433
11,591605.9129947897
12,583054.9536286864
13,557517.5340028675
14,557517.5340028675
15,553990.4779224857
16,545926.5708926835
17,545926.5708926835
18,542088.9795916725
19,542088.9795916725
20,530749.3953266504
21,530749.3953266504
22,529175.1153061996
23,526637.5161711463
24,526637.5161711463
25,518893.0247054262
26,518466.34528560034
27,518466.34528560034
28,518466.34528560034
29,518466.34528560034
30,518466.34528560034
31,517949.92779685225
32,517949.92779685225
33,517949.92779685225
34,517523.24837702635
35,517523.24837702635
36,517523.24837702635
37,517523.24837702635
38,517391.3095688787
39,517391.3095688787
40,517391.3095688787
41,517391.3095688787
42,517391.3095688787
