,0
0,923989.1019080181
1,923989.1019080181
2,865350.366000856
3,865350.366000856
4,802655.5256160924
5,680784.4254148206
6,669391.3942351305
7,669391.3942351305
8,669391.3942351305
9,669391.3942351305
10,646733.7540613173
11,646733.7540613173
12,626372.0929701473
13,623039.3480483784
14,606775.8027104439
15,591596.7197751185
16,579674.5881011164
17,578339.6313555047
18,568818.1230388535
19,565888.0654413912
20,559947.9819819963
21,555612.7440524979
22,554533.4987021191
23,547222.8397442328
24,547222.8397442328
25,543972.3345391988
26,539408.6159167008
27,537052.9689600051
28,535352.2508158098
29,535352.2508158098
30,535006.5174300554
31,530614.9538627772
32,530614.9538627772
33,530614.9538627772
34,529817.5317405141
35,528106.5903421286
36,528106.5903421286
37,528106.5903421286
38,528106.5903421286
39,528106.5903421286
