,0
0,915340.2538454161
1,895692.3506642592
2,887947.859198539
3,822923.376629839
4,766931.3459720411
5,716871.749244204
6,674753.4250438896
7,646660.4700163689
8,642120.1283765974
9,610757.9631254412
10,603374.8912979398
11,598405.7520637544
12,570023.2438067382
13,566722.4226373138
14,566722.4226373138
15,551505.5306969031
16,551505.5306969031
17,551505.5306969031
18,548405.0875357992
19,537023.2928616065
20,537023.2928616065
21,537023.2928616065
22,533750.4668428294
23,531970.7209700737
24,525321.2426795162
25,525321.2426795162
26,525321.2426795162
27,525321.2426795162
28,523515.47203979985
29,523515.47203979985
30,523515.47203979985
31,519123.9084725216
32,519123.9084725216
33,519123.9084725216
34,519123.9084725216
35,519123.9084725216
36,518180.8115639476
37,518180.8115639476
38,518180.8115639476
39,518180.8115639476
40,518180.8115639476
