,0
0,885977.0376504891
1,885977.0376504891
2,885977.0376504891
3,807369.7088335666
4,737297.8029491259
5,737297.8029491259
6,709751.9433817329
7,640674.2543252805
8,633485.0855044642
9,633485.0855044642
10,624694.3465182018
11,610764.2436284131
12,610764.2436284131
13,588770.9550047088
14,562886.3881103342
15,562886.3881103342
16,553399.5566057952
17,552334.3886556255
18,540093.3937829066
19,538657.3273326501
20,537392.8505138144
21,531398.4793933361
22,529746.8119814887
23,529456.0934088331
24,529456.0934088331
25,528137.1813687806
26,528127.0369250025
27,525341.9182140557
28,524764.8809262945
29,524764.8809262945
30,524764.8809262945
31,524764.8809262945
32,524764.8809262945
33,523061.76942532236
34,523061.76942532236
35,523061.76942532236
36,523061.76942532236
37,523061.76942532236
