,0
0,1234029.020678328
1,1167935.076013779
2,1029328.135191411
3,941440.0243237467
4,752592.6339784054
5,672381.3085617417
6,653840.1353859463
7,622177.5467498774
8,563391.6224635087
9,535886.7390474151
10,474089.59749697766
11,467564.85303698847
12,434071.0015465731
13,430767.5020960803
14,430767.5020960803
15,427044.6378027846
16,424527.3056961868
17,420880.1236666167
18,420880.1236666167
19,415438.6938826123
20,415438.6938826123
21,414653.6661437831
22,414653.6661437831
23,413287.42776623537
24,413139.1313510406
25,413139.1313510406
26,413139.1313510406
27,412360.31340397533
28,412360.31340397533
29,412360.31340397533
30,412360.31340397533
31,412360.31340397533
