,0
0,1033459.1876491599
1,1033459.1876491599
2,1002702.325817807
3,925538.079826304
4,925538.079826304
5,713084.2260588089
6,713084.2260588089
7,654529.649941218
8,654529.649941218
9,549846.4074273689
10,510760.61232206196
11,492093.2149354418
12,481125.89835155074
13,437487.7120144347
14,431911.7549096394
15,428188.18351847073
16,424000.029255501
17,422782.9960302313
18,422080.93877588434
19,421478.5397701937
20,415644.3541165707
21,415644.3541165707
22,413791.36784474854
23,413791.36784474854
24,411343.50889798213
25,410564.69095091685
26,410564.69095091685
27,410564.69095091685
28,410564.69095091685
29,410564.69095091685
