,0
0,978044.4797510059
1,919528.686163707
2,852522.6316110151
3,850355.8903428018
4,774754.3188247837
5,774754.3188247837
6,726840.7244359497
7,649841.8552716316
8,649841.8552716316
9,649841.8552716316
10,612746.784174466
11,612746.784174466
12,590751.4870741187
13,590751.4870741187
14,580664.3017745945
15,580664.3017745945
16,572636.8748011937
17,567496.4976555068
18,559689.8731365969
19,553611.5988046321
20,550289.32851032
21,546408.0529837813
22,546408.0529837813
23,543151.6452160818
24,535495.7905757601
25,533824.6185975356
26,533824.6185975356
27,533824.6185975356
28,529304.7377357905
29,529304.7377357905
30,526767.1386007372
31,526767.1386007372
32,526767.1386007372
33,526531.906201897
34,525702.0924837796
35,524632.7676724131
36,524632.7676724131
37,524632.7676724131
38,524632.7676724131
39,524632.7676724131
