,0
0,1157980.0925564687
1,1056097.24683272
2,974807.5073813553
3,796396.2331068158
4,731170.2466649332
5,731170.2466649332
6,683975.5161715666
7,683975.5161715666
8,580587.5770623023
9,580587.5770623023
10,491375.2038970497
11,485609.5133026926
12,468759.4506410123
13,440331.5725958377
14,431673.3033370188
15,431673.3033370188
16,429619.83106446575
17,427926.3396017426
18,424227.0206013632
19,423183.74669984047
20,419228.8358937276
21,416117.1070342544
22,416117.1070342544
23,415969.83611992555
24,413199.3789846123
25,411491.8053131769
26,410712.9873661116
27,410712.9873661116
28,410712.9873661116
29,410564.69095091685
30,410564.69095091685
31,410564.69095091685
32,410564.69095091685
33,410564.69095091685
