,0
0,693716.9115358214
1,693716.9115358214
2,669728.0513843797
3,606962.3994909241
4,606962.3994909241
5,606962.3994909241
6,598287.1405015021
7,564467.1490696358
8,560354.082322305
9,560354.082322305
10,536037.929577741
11,529672.8683000758
12,511900.1478265254
13,511900.1478265254
14,511900.1478265254
15,509557.60475888115
16,507143.44390178984
17,507125.48469380656
18,504740.02154714824
19,501305.2270994779
20,499829.01629569416
21,499182.32342271344
22,498446.37795858784
23,495683.8114436694
24,495683.8114436694
25,493383.20303218917
26,493372.66594924126
27,492903.49877060356
28,490048.9055586038
29,488674.48985763255
30,488674.48985763255
31,488674.48985763255
32,488674.48985763255
33,488674.48985763255
