,0
0,698075.5080895615
1,698075.5080895615
2,698075.5080895615
3,698075.5080895615
4,698075.5080895615
5,698075.5080895615
6,662115.5330707015
7,638813.449900021
8,636673.6062810667
9,600466.1878405907
10,592711.4040138877
11,584310.26398198
12,576458.355742249
13,576458.355742249
14,562310.2299724107
15,552051.601487423
16,552051.601487423
17,548409.196953676
18,545393.0568165537
19,545393.0568165537
20,540812.1585204443
21,540549.7231609832
22,538367.655642242
23,536054.5472085034
24,536054.5472085034
25,532387.106136712
26,527619.3858007255
27,524808.3195003896
28,524808.3195003896
29,524808.3195003896
30,524103.5086514656
31,524103.5086514656
32,524103.5086514656
33,523287.4190382495
34,523127.8893861472
35,522773.27886895376
36,522773.27886895376
37,522773.27886895376
38,521451.9773172705
39,521357.0587292665
40,521357.0587292665
41,521209.89409763843
42,519228.5403253734
43,519228.5403253734
44,519228.5403253734
45,519228.5403253734
46,518083.1705845695
47,518083.1705845695
48,518083.1705845695
49,517899.0332157002
50,517899.0332157002
51,517899.0332157002
52,517899.0332157002
53,517899.0332157002
