,0
0,971728.3003517304
1,878084.0514774068
2,821874.4523232701
3,794429.3986181864
4,676140.9139717814
5,676140.9139717814
6,652613.3174841878
7,647205.1516103931
8,596527.1263820719
9,596527.1263820719
10,586051.0098355463
11,568707.245212968
12,568707.245212968
13,553120.5087553009
14,553120.5087553009
15,552524.4916070789
16,538922.7652517732
17,538922.7652517732
18,538922.7652517732
19,535447.15209336
20,532223.023278161
21,529118.0000838599
22,524401.0354053656
23,524401.0354053656
24,524401.0354053656
25,522624.09788454603
26,522624.09788454603
27,521351.31090214005
28,521351.31090214005
29,521351.31090214005
30,521351.31090214005
31,520475.155867859
32,519827.67623788974
33,519827.67623788974
34,519598.9356635453
35,519573.9580772869
36,519164.8459662435
37,518920.63518753945
38,518666.208827795
39,518153.06910362
40,518153.06910362
41,518153.06910362
42,518153.06910362
43,517237.2214601392
44,517237.2214601392
45,517008.48088579474
46,517008.48088579474
47,517008.48088579474
48,517008.48088579474
49,517008.48088579474
