,0
0,1203523.7000446138
1,1171059.1353824888
2,1075705.9424327796
3,1036824.743054852
4,844837.710964696
5,757525.6217250358
6,635168.7882985624
7,635168.7882985624
8,574723.4486754697
9,480870.779600398
10,480870.779600398
11,466603.64148338564
12,433941.68453523435
13,430118.3690070617
14,429763.2013082936
15,426229.89731141296
16,426229.89731141296
17,424169.5459714635
18,420879.2653362807
19,415963.6263281616
20,415963.6263281616
21,415963.6263281616
22,415815.3299129669
23,415815.3299129669
24,414801.96255897783
25,413006.34010591934
26,412858.0436907246
27,412723.9793039712
28,412723.9793039712
29,410564.69095091685
30,410564.69095091685
31,410564.69095091685
32,410564.69095091685
33,410564.69095091685
