,0
0,774191.669881209
1,774191.669881209
2,774191.669881209
3,774191.669881209
4,774191.669881209
5,774191.669881209
6,676082.1812277792
7,676082.1812277792
8,676082.1812277792
9,635374.5812979466
10,608428.9515888006
11,606981.583543879
12,591181.1379299226
13,576929.3727572438
14,576929.3727572438
15,563722.7695385793
16,554359.144925348
17,554359.144925348
18,554359.144925348
19,551936.3523531511
20,546959.3043307911
21,546046.9994909049
22,535621.8936205396
23,534785.7927324743
24,533285.7905689134
25,527162.1678057979
26,526254.2548836847
27,522920.2398684648
28,518417.48781040794
29,517195.4016363388
30,514501.4611381479
31,514501.4611381479
32,514501.4611381479
33,514501.4611381479
34,514272.30737394345
35,514272.30737394345
36,514272.30737394345
37,514272.30737394345
38,513432.13632678136
39,513432.13632678136
40,513432.13632678136
41,513432.13632678136
42,513432.13632678136
