,0
0,933983.7538981423
1,882507.4488705107
2,861141.3407831356
3,826757.8585136702
4,744474.6359969744
5,679875.9515810359
6,675038.4888564593
7,675038.4888564593
8,647125.4598591712
9,639074.5457921802
10,610661.2008553119
11,602981.2848363089
12,599511.4786663644
13,589209.6990926224
14,589209.6990926224
15,579688.8742507471
16,572251.4424974368
17,568282.9135346257
18,568282.9135346257
19,556827.0756389266
20,556827.0756389266
21,551572.0678122838
22,543047.0560056269
23,543047.0560056269
24,543047.0560056269
25,536585.7086243085
26,536585.7086243085
27,536585.7086243085
28,536585.7086243085
29,533421.3915687029
30,533421.3915687029
31,533421.3915687029
32,531847.1115482522
33,531847.1115482522
34,529309.5124131988
35,529309.5124131988
36,529309.5124131988
37,529309.5124131988
38,529309.5124131988
