,0
0,667953.7218760437
1,667953.7218760437
2,667953.7218760437
3,652220.5679664711
4,613735.1733802985
5,604394.8643099898
6,584137.581868568
7,584137.581868568
8,559258.5589823852
9,559258.5589823852
10,555651.5721291436
11,535962.2040358426
12,535009.1391693491
13,526696.3977561645
14,518132.58801451034
15,517379.1201068726
16,517379.1201068726
17,514899.0158023594
18,511605.4797344716
19,511605.4797344716
20,503504.87761177175
21,503504.87761177175
22,499904.9005975685
23,495943.29719286115
24,495943.29719286115
25,493967.2939330715
26,493967.2939330715
27,490836.4950919968
28,486307.7835401075
29,486307.7835401075
30,486307.7835401075
31,486307.7835401075
32,486307.7835401075
