,0
0,747463.7913432152
1,714833.0832530851
2,681101.940731252
3,681101.940731252
4,610873.755845035
5,610873.755845035
6,610873.755845035
7,602459.9030504477
8,600387.1941740393
9,587946.0361575186
10,570794.8739635117
11,559343.1713909323
12,545221.5564430163
13,534835.5793258296
14,526252.4463037465
15,526252.4463037465
16,524342.7767717531
17,523854.2432356126
18,522401.95140163926
19,518605.782573397
20,510691.0343425617
21,510691.0343425617
22,510691.0343425617
23,508771.0361366972
24,508073.55685306137
25,507275.7773963578
26,503322.1983412285
27,503322.1983412285
28,503322.1983412285
29,502568.6788851191
30,501711.36413053726
31,500982.27432365523
32,500794.0826870686
33,499183.2484763774
34,499183.2484763774
35,497623.5472008425
36,497623.5472008425
37,497623.5472008425
38,497623.5472008425
39,497623.5472008425
