,0
0,1188015.8621729957
1,951487.2968120028
2,932147.1433337829
3,794823.2743794986
4,794823.2743794986
5,660185.2714460369
6,660185.2714460369
7,632260.7977937537
8,474613.8060545974
9,474613.8060545974
10,474613.8060545974
11,474613.8060545974
12,431135.36241707735
13,431103.4114761392
14,431103.4114761392
15,429703.83315351355
16,429604.6902482402
17,426592.034569912
18,422221.1561090226
19,422221.1561090226
20,419283.04980890296
21,419283.04980890296
22,419283.04980890296
23,414846.70502247603
24,414659.875935547
25,411343.50889798213
26,411343.50889798213
27,411343.50889798213
28,410564.69095091685
29,410564.69095091685
30,410564.69095091685
31,410564.69095091685
32,410564.69095091685
