,0
0,710186.603974512
1,710186.603974512
2,667628.4304450812
3,653838.6889847685
4,614583.2177019673
5,601928.395381344
6,571120.1031508397
7,566153.3804113908
8,566153.3804113908
9,566153.3804113908
10,542350.1558780258
11,538145.4507558409
12,538049.9542904012
13,536801.1553964772
14,523451.2042327858
15,523451.2042327858
16,517662.67338510294
17,514201.6829235629
18,508614.46625510365
19,508614.46625510365
20,506120.10070043633
21,504210.1070938729
22,504210.1070938729
23,500449.25365394814
24,500449.25365394814
25,499496.957190602
26,496424.1602983266
27,496424.1602983266
28,496424.1602983266
29,494044.7311310063
30,493219.42681110225
31,493219.42681110225
32,490531.4251231334
33,489982.3137420662
34,489913.49746172427
35,489579.1286597873
36,489579.1286597873
37,489579.1286597873
38,489157.00942216214
39,489157.00942216214
40,489157.00942216214
41,488204.71295881603
42,488204.71295881603
43,488204.71295881603
44,488204.71295881603
45,488204.71295881603
