,0
0,734381.994545554
1,723082.8637980511
2,670810.3575741316
3,645434.7189905827
4,631179.980271904
5,610353.611738468
6,592564.804100071
7,564852.6492419273
8,551435.9102151659
9,551435.9102151659
10,548842.736784925
11,547259.4406259091
12,542738.6008705536
13,525063.371499853
14,522725.60180046357
15,522725.60180046357
16,519056.7598991504
17,517103.4807856547
18,509621.8261303858
19,509621.8261303858
20,508459.83193073253
21,508459.83193073253
22,508459.83193073253
23,501375.3229337937
24,501375.3229337937
25,501375.3229337937
26,497308.8563257526
27,497308.8563257526
28,496512.6143034893
29,494411.540547599
30,494411.540547599
31,493974.5588521673
32,493658.02109148965
33,490323.7236179043
34,490323.7236179043
35,490323.7236179043
36,490323.7236179043
37,490323.7236179043
