,0
0,900417.1268038976
1,900417.1268038976
2,762510.4247156959
3,762510.4247156959
4,752918.9576248658
5,669216.2821824085
6,669216.2821824085
7,637799.2516544379
8,637799.2516544379
9,603139.7141714637
10,603139.7141714637
11,602442.8304256089
12,579022.9501683763
13,577215.8931385278
14,577169.8382985527
15,572638.773013149
16,560117.3596750154
17,559058.7583236275
18,544128.8484953895
19,541952.1310965875
20,536149.679311443
21,535402.0601345123
22,529738.9480518731
23,529738.9480518731
24,529738.9480518731
25,529175.1153061996
26,525931.1523395462
27,525627.0688963691
28,522245.952603868
29,522245.952603868
30,522245.952603868
31,522245.952603868
32,521819.27318404213
33,521819.27318404213
34,521819.27318404213
35,521302.85569529404
36,521302.85569529404
37,521302.85569529404
38,520876.17627546814
39,520876.17627546814
40,520876.17627546814
41,520876.17627546814
42,520876.17627546814
