,0
0,525549.7190983508
1,525549.7190983508
2,497477.616460831
3,446115.6761724566
4,372208.14116924396
5,372208.14116924396
6,370131.4848076273
7,339144.9349430234
8,303851.3943847056
9,303851.3943847056
10,300709.8916785021
11,268082.6094533398
12,268082.6094533398
13,244718.4738223034
14,240512.17715505228
15,227341.941082292
16,227341.941082292
17,222853.2194740756
18,222828.8158860319
19,211334.2516582499
20,211334.2516582499
21,211334.2516582499
22,211334.2516582499
23,210262.8341897337
24,210262.8341897337
25,210262.8341897337
26,210262.8341897337
27,210262.8341897337
28,209829.72118872136
29,209829.72118872136
30,208758.30372020515
31,208758.30372020515
32,208758.30372020515
33,208758.30372020515
34,208758.30372020515
