,0
0,1092242.8733867612
1,990478.6861176178
2,990478.6861176178
3,895515.6341633716
4,785076.3723539687
5,747047.0734481673
6,577092.2408951287
7,577092.2408951287
8,574638.2098952654
9,564710.7124641637
10,508849.74711424136
11,467953.8516055601
12,467626.795047815
13,433923.14016414236
14,433317.314395409
15,429974.4890876412
16,429974.4890876412
17,428178.8666345828
18,426240.3888113923
19,420828.84294333705
20,420828.84294333705
21,418519.83147977735
22,416965.62154687947
23,413965.84091787756
24,413712.76799511357
25,410712.9873661116
26,410712.9873661116
27,410564.69095091685
28,410564.69095091685
29,410564.69095091685
30,410564.69095091685
31,410564.69095091685
