,0
0,559239.2974087575
1,547797.6600358285
2,518907.0137963371
3,442291.0399157951
4,432603.8246518987
5,393280.0317753977
6,392623.98901136225
7,360617.5029221254
8,323796.9879024292
9,293175.56812061503
10,293175.56812061503
11,287894.7918106129
12,275401.65855637775
13,271936.8010863253
14,232586.16158193618
15,232586.16158193618
16,227195.2968424933
17,214271.1935149735
18,214271.1935149735
19,214271.1935149735
20,212766.66304544496
21,212766.66304544496
22,208758.30372020515
23,208758.30372020515
24,208758.30372020515
25,208758.30372020515
26,208758.30372020515
