,0
0,725975.5628741087
1,710580.6650924978
2,700110.3928953526
3,624155.4924134344
4,623342.1206263803
5,603706.9685223761
6,581747.9918222429
7,581747.9918222429
8,568734.5603257237
9,540046.4492017449
10,540046.4492017449
11,540046.4492017449
12,533823.8116433652
13,527883.9854784764
14,522495.8463752195
15,514151.7007797777
16,513981.4867184425
17,510749.7568923556
18,508844.10272052675
19,507809.0234251631
20,503920.64656496095
21,503920.64656496095
22,500567.6038902361
23,500567.6038902361
24,498252.1397936421
25,497233.3064166509
26,493452.73029730644
27,487097.14351497183
28,487097.14351497183
29,487097.14351497183
30,487097.14351497183
31,487097.14351497183
32,486078.3101379805
33,486078.3101379805
34,486078.3101379805
35,486078.3101379805
36,484703.89443700935
37,484703.89443700935
38,484703.89443700935
39,484703.89443700935
40,484703.89443700935
