,0
0,884142.4125977024
1,845275.8554716926
2,813947.4897182679
3,779232.5356377772
4,702891.0618650272
5,702732.6070325784
6,694168.644768249
7,613040.9803486166
8,596862.3695340126
9,596862.3695340126
10,596862.3695340126
11,579683.7113536582
12,565051.2731792184
13,561433.3199274736
14,558608.5474024347
15,551370.872577631
16,546089.2339579053
17,542986.5463219658
18,538707.5486417898
19,534394.0407979791
20,534394.0407979791
21,530988.4397985303
22,530988.4397985303
23,530988.4397985303
24,528663.1533954416
25,528663.1533954416
26,528313.6273547682
27,526123.7340612384
28,526123.7340612384
29,522832.9351743813
30,522832.9351743813
31,522832.9351743813
32,522433.37706249655
33,522433.37706249655
34,522433.37706249655
35,521835.9360351762
36,521835.9360351762
37,521835.9360351762
38,521835.9360351762
39,521835.9360351762
40,519333.09509727627
41,519333.09509727627
42,519333.09509727627
43,519333.09509727627
44,519333.09509727627
