,0
0,1066380.5315659498
1,1066380.5315659498
2,1016855.7464204694
3,932215.1154323332
4,819864.2626102467
5,819864.2626102467
6,725488.5344800364
7,540519.3617467338
8,540519.3617467338
9,525355.9642379982
10,525355.9642379982
11,517070.27853110095
12,498999.75125210476
13,427050.1237013808
14,427050.1237013808
15,427050.1237013808
16,422381.03106535267
17,422381.03106535267
18,419688.358362198
19,417448.87216442113
20,414596.36244974803
21,414596.36244974803
22,413817.54450268275
23,413502.7972510365
24,411343.50889798213
25,411343.50889798213
26,411343.50889798213
27,410564.69095091685
28,410564.69095091685
29,410564.69095091685
30,410564.69095091685
31,410564.69095091685
