,0
0,1115846.8143304207
1,1115846.8143304207
2,959340.2085077914
3,959340.2085077914
4,863372.1465943124
5,820411.5690262285
6,698889.0891785691
7,661759.0942424079
8,577517.8552984527
9,492406.6322865867
10,482302.02641033137
11,482302.02641033137
12,460575.5441832673
13,460575.5441832673
14,439238.2323852865
15,431095.177190874
16,419509.4946942084
17,419509.4946942084
18,419509.4946942084
19,419509.4946942084
20,418440.24567743565
21,418440.24567743565
22,415256.51456988795
23,414653.6661437831
24,413139.1313510406
25,411343.50889798213
26,410564.69095091685
27,410564.69095091685
28,410564.69095091685
29,410564.69095091685
30,410564.69095091685
