,0
0,899656.2031894033
1,899656.2031894033
2,846175.278630579
3,771922.4013243906
4,699309.2865823878
5,699309.2865823878
6,699309.2865823878
7,699309.2865823878
8,694986.6537425665
9,639320.5561029295
10,639320.5561029295
11,621154.2262646777
12,620807.2639773136
13,595774.8655799192
14,595774.8655799192
15,589662.4010984511
16,589662.4010984511
17,589076.6280986497
18,575345.5814647631
19,575345.5814647631
20,574983.6698166209
21,574983.6698166209
22,565550.9807374533
23,565550.9807374533
24,565550.9807374533
25,562006.598121601
26,562006.598121601
27,553211.8544814875
28,553211.8544814875
29,553211.8544814875
30,553211.8544814875
31,552099.8598857444
32,549862.2553087351
33,549862.2553087351
34,549230.2177466662
35,544838.6541793878
36,544838.6541793878
37,544838.6541793878
38,542508.7757095577
39,542508.7757095577
40,542508.7757095577
41,542508.7757095577
42,542508.7757095577
