,0
0,953560.730736672
1,871368.7733498575
2,871368.7733498575
3,772685.4529150121
4,755672.6470548977
5,725370.5364347817
6,635552.4338111832
7,635552.4338111832
8,634950.8397009387
9,612760.4215142624
10,612760.4215142624
11,608987.432740296
12,580856.5983999385
13,574927.9985427064
14,574199.0302618349
15,563105.1198689912
16,563105.1198689912
17,559806.4940889889
18,552871.0640673822
19,546575.1489687408
20,545844.6748961455
21,535368.0695940511
22,531424.6341257241
23,531424.6341257241
24,526742.5047410171
25,526742.5047410171
26,526742.5047410171
27,524429.944511127
28,524429.944511127
29,524429.944511127
30,524429.944511127
31,523254.2259751762
32,523254.2259751762
33,523254.2259751762
34,522430.8400324227
35,521551.2100170764
36,520917.1955538801
37,520917.1955538801
38,520917.1955538801
39,520917.1955538801
40,520917.1955538801
