,0
0,708821.4702166917
1,708821.4702166917
2,708821.4702166917
3,647118.1358611797
4,647118.1358611797
5,629356.1213574475
6,610098.730055739
7,610098.730055739
8,586999.9068318233
9,571268.2304056406
10,552854.5767221217
11,542849.9358144626
12,542233.0854121498
13,542233.0854121498
14,539047.2993053312
15,535746.2402441149
16,510893.50981959543
17,510893.50981959543
18,510893.50981959543
19,507978.79389602883
20,507978.79389602883
21,507978.79389602883
22,507978.79389602883
23,504073.71988969453
24,502513.8375316088
25,502513.8375316088
26,500426.42879891937
27,500426.42879891937
28,498551.9589796797
29,498551.9589796797
30,498551.9589796797
31,496841.15923206514
32,495222.2689530181
33,493772.8418924553
34,491524.60036998306
35,491524.60036998306
36,491524.60036998306
37,491524.60036998306
38,490477.51638137473
39,488734.0734847777
40,488734.0734847777
41,485814.9186150375
42,485814.9186150375
43,484204.0844043463
44,484204.0844043463
45,484204.0844043463
46,484204.0844043463
47,484204.0844043463
