,0
0,1259504.8133866314
1,1133962.2595974044
2,1126440.0739546118
3,859243.1131822985
4,859243.1131822985
5,812719.3745887957
6,691376.743273574
7,691376.743273574
8,659002.1662155904
9,659002.1662155904
10,586433.1305294557
11,555226.1103902156
12,516700.06292228994
13,494511.4098131716
14,432447.2594298036
15,432447.2594298036
16,432447.2594298036
17,430637.12476367416
18,429248.88590346096
19,425564.01845748647
20,421459.59081036213
21,421459.59081036213
22,420478.0587174613
23,418713.57871532085
24,415969.83611992555
25,415969.83611992555
26,414659.875935547
27,410564.69095091685
28,410564.69095091685
29,410564.69095091685
30,410564.69095091685
31,410564.69095091685
