,0
0,496780.39905920014
1,496780.39905920014
2,484401.7663335726
3,411925.9429165765
4,411925.9429165765
5,372925.27142648265
6,362556.92470894515
7,338755.6422939463
8,323642.34445924766
9,293081.1953627732
10,262435.90385413374
11,262435.90385413374
12,261675.88868258637
13,241784.35785396083
14,229686.04744270357
15,226583.2663375459
16,221593.94370663835
17,219697.69147481135
18,219697.69147481135
19,210262.8341897337
20,210262.8341897337
21,208758.30372020515
22,208758.30372020515
23,208758.30372020515
24,208758.30372020515
25,208758.30372020515
