,0
0,534737.4830394322
1,495440.5136842757
2,485857.6651523695
3,445719.656164677
4,434256.718280994
5,398932.00828602706
6,376329.3330852525
7,340830.1329336981
8,311774.9594799122
9,311774.9594799122
10,301592.8381673843
11,278544.1201676788
12,266610.9271010779
13,235886.0321133613
14,235886.0321133613
15,235337.64169235365
16,220012.09615353882
17,220012.09615353882
18,217917.2737128365
19,217917.2737128365
20,214408.9947211157
21,211962.7980743791
22,209829.72118872136
23,209829.72118872136
24,208758.30372020515
25,208758.30372020515
26,208758.30372020515
27,208758.30372020515
28,208758.30372020515
