,0
0,743522.4648874152
1,704235.6845714455
2,704235.6845714455
3,687146.0664624823
4,640258.3581862978
5,634558.779428259
6,622523.2084964552
7,588414.5531858489
8,577652.9116738613
9,539084.9341282772
10,539084.9341282772
11,536145.3766609665
12,529564.9535443222
13,529564.9535443222
14,527797.5200029092
15,522817.46648000734
16,515635.36153537984
17,515635.36153537984
18,515094.51944493764
19,509037.065027364
20,506112.9055640662
21,501120.0285598267
22,497474.7559642917
23,497474.7559642917
24,497474.7559642917
25,497284.7781253428
26,496584.49906184094
27,493109.11382126994
28,491115.64519242116
29,491039.60157153045
30,491039.60157153045
31,490087.30510818434
32,489262.0007882803
33,488309.70432493417
34,488309.70432493417
35,488309.70432493417
36,488309.70432493417
37,488309.70432493417
