,0
0,669563.1750308222
1,669563.1750308222
2,612406.8204600608
3,611553.5657411497
4,611553.5657411497
5,597563.6568060915
6,564169.3868733412
7,553074.4522292275
8,553074.4522292275
9,544057.636905628
10,544057.636905628
11,536254.4682383856
12,527820.0025152378
13,527820.0025152378
14,524824.6085812906
15,513742.8560321319
16,511966.2438765746
17,511966.2438765746
18,508364.98189923615
19,505563.477640819
20,505563.477640819
21,502792.86121501407
22,501064.0649798767
23,494427.5651255804
24,494427.5651255804
25,494427.5651255804
26,494427.5651255804
27,494427.5651255804
28,493685.7833859215
29,493219.38910786906
30,492129.0866955862
31,491602.30795929034
32,489803.2821120125
33,489803.2821120125
34,489018.5878780445
35,487407.7536673533
36,487407.7536673533
37,487407.7536673533
38,487407.7536673533
39,487407.7536673533
