,0
0,539039.9784672612
1,474407.0583658589
2,474407.0583658589
3,412157.35226226633
4,385989.6139848745
5,369615.5696622226
6,354096.72016357834
7,324084.60693447664
8,308225.4053010786
9,273981.0677753775
10,268015.1768735537
11,260638.380314963
12,235692.531888592
13,226418.36285087865
14,215878.11841355712
15,215878.11841355712
16,213516.0264801086
17,213516.0264801086
18,209829.72118872136
19,209829.72118872136
20,209829.72118872136
21,208758.30372020515
22,208758.30372020515
23,208758.30372020515
24,208758.30372020515
25,208758.30372020515
