,0
0,980459.7724189818
1,921141.5728488424
2,893350.8529675626
3,792594.9931052851
4,761315.279508289
5,731036.537020498
6,724470.1090696048
7,688822.3135498636
8,677032.3808523116
9,677032.3808523116
10,648611.0590661562
11,604245.4401627935
12,602698.9501256358
13,590386.6736615801
14,590386.6736615801
15,571703.8255496012
16,567628.9376572886
17,567628.9376572886
18,559813.5388245027
19,541830.8365492756
20,541830.8365492756
21,541830.8365492756
22,541830.8365492756
23,539942.9248514491
24,539942.9248514491
25,532645.9854973071
26,532645.9854973071
27,532645.9854973071
28,531445.0569171618
29,530582.3831860195
30,530582.3831860195
31,528564.2505607238
32,528564.2505607238
33,528564.2505607238
34,528564.2505607238
35,528564.2505607238
