,0
0,809988.3370048297
1,809988.3370048297
2,776519.8507713868
3,776519.8507713868
4,660223.101422544
5,660223.101422544
6,633860.4376056197
7,633860.4376056197
8,606314.8037380482
9,606314.8037380482
10,593035.3387182667
11,587451.4900653976
12,576672.5931224526
13,570716.733659202
14,564563.8355546911
15,564563.8355546911
16,560890.9944973437
17,553641.3322549035
18,551192.1217111547
19,542462.0315768898
20,536932.4414524762
21,533639.2258720325
22,533639.2258720325
23,533639.2258720325
24,528179.2288571724
25,528179.2288571724
26,525675.5245742741
27,525675.5245742741
28,525093.7839146798
29,525093.7839146798
30,525093.7839146798
31,524346.4680904434
32,523933.02957935847
33,523580.31099443376
34,523381.13020829315
35,523381.13020829315
36,523017.10629153025
37,522339.2326026127
38,522339.2326026127
39,522339.2326026127
40,521833.6025398294
41,521326.2727611325
42,521326.2727611325
43,520360.9348789823
44,520360.9348789823
45,520085.19436931144
46,519319.03727330186
47,519319.03727330186
48,519319.03727330186
49,519319.03727330186
50,519319.03727330186
