,0
0,649194.7054143042
1,649194.7054143042
2,625480.1849926705
3,575657.2128105917
4,575657.2128105917
5,575657.2128105917
6,569240.3037566936
7,566042.768105453
8,556603.1847940137
9,551432.5938728084
10,546348.094502907
11,532253.0524111912
12,525610.0394415836
13,519965.50271213433
14,519965.50271213433
15,517437.0107284634
16,512736.183056101
17,512736.183056101
18,508223.17972459126
19,507571.55749671947
20,507571.55749671947
21,507058.1332462781
22,504252.1923787912
23,503170.0504572935
24,502562.64564510476
25,501610.34918175865
26,501610.34918175865
27,501610.34918175865
28,500774.5220126343
29,500774.5220126343
30,499214.82073709945
31,499214.82073709945
32,499214.82073709945
33,499214.82073709945
34,499214.82073709945
35,497603.98652640823
36,497603.98652640823
37,497603.98652640823
38,497603.98652640823
39,497603.98652640823
