,0
0,785057.3351638768
1,785057.3351638768
2,785057.3351638768
3,781778.2362574573
4,715504.5578557049
5,701934.4196422637
6,685890.4083435377
7,652142.457441573
8,652142.457441573
9,629113.461357861
10,629113.461357861
11,625949.9023892054
12,625949.9023892054
13,602909.9118534793
14,600663.0617527621
15,597399.1783737722
16,580114.2933164737
17,572447.0499985853
18,561217.7096247262
19,561217.7096247262
20,561035.7067605052
21,555443.8878455674
22,553513.1148928488
23,549291.7775233015
24,537560.4254560113
25,537560.4254560113
26,537560.4254560113
27,533385.4777642
28,530763.6807050359
29,530763.6807050359
30,523004.90386093024
31,523004.90386093024
32,523004.90386093024
33,523004.90386093024
34,523004.90386093024
