,0
0,863494.3404276213
1,843919.1445259921
2,795593.0169252658
3,785496.1865085324
4,685500.5748206367
5,685500.5748206367
6,666028.6964707606
7,666028.6964707606
8,655607.3358075727
9,623200.7629678495
10,601627.0857101022
11,566049.1860595964
12,566049.1860595964
13,566049.1860595964
14,566049.1860595964
15,562660.4765057438
16,558791.014026746
17,556385.7657322057
18,544898.3182322838
19,544285.3999190958
20,543143.9597481973
21,541008.9867588085
22,536131.6262493471
23,531681.903179853
24,529165.3540963598
25,529165.3540963598
26,529165.3540963598
27,523894.93010602385
28,523894.93010602385
29,523734.28473077127
30,523734.28473077127
31,522047.8694731591
32,521978.8336520767
33,520603.1383805331
34,519476.6348414605
35,519476.6348414605
36,518363.8487832799
37,518363.8487832799
38,518363.8487832799
39,518363.8487832799
40,517659.0379343559
41,517659.0379343559
42,517659.0379343559
43,517659.0379343559
44,517659.0379343559
