,0
0,572169.5868162285
1,545899.0518735006
2,532490.1566912639
3,503504.86834827764
4,413616.5167911195
5,413616.5167911195
6,394149.02137075074
7,389608.33104895556
8,354990.7764444823
9,294352.96178800834
10,281428.40718537313
11,247547.74416708836
12,247547.74416708836
13,225765.44308420215
14,221442.28553479756
15,221442.28553479756
16,221442.28553479756
17,216309.13730431529
18,212360.50429830432
19,211204.50036694173
20,211204.50036694173
21,208758.30372020515
22,208758.30372020515
23,208758.30372020515
24,208758.30372020515
25,208758.30372020515
