,0
0,757369.6784786921
1,699480.8379630131
2,665670.4305798302
3,665670.4305798302
4,649073.1784295354
5,620980.1626532453
6,607421.7813237283
7,597428.7492299543
8,597428.7492299543
9,559706.3369904532
10,549604.2535702724
11,546920.7206365443
12,534883.3310107433
13,527179.6024975119
14,524564.1565106353
15,524303.9800157042
16,521454.5624378371
17,516765.0325976052
18,513717.6278885417
19,507542.1766470293
20,507542.1766470293
21,507542.1766470293
22,507542.1766470293
23,505146.6482023701
24,505146.6482023701
25,504112.39758358564
26,504034.25631458295
27,503737.69252929155
28,500408.5135851128
29,500408.5135851128
30,497940.3620223774
31,496716.3480265404
32,495261.51168986986
33,495261.51168986986
34,495261.51168986986
35,495261.51168986986
36,494724.06991501205
37,494724.06991501205
38,494724.06991501205
39,494724.06991501205
40,493351.3022207139
41,493351.3022207139
42,493242.4148666
43,493242.4148666
44,492704.9730917423
45,492704.9730917423
46,492704.9730917423
47,492704.9730917423
48,491464.81408334983
49,490927.37230849214
50,490927.37230849214
51,489552.9566075209
52,489552.9566075209
53,489552.9566075209
54,489552.9566075209
55,488903.64963137085
56,487529.2339303996
57,487529.2339303996
58,483957.95861783257
59,483957.95861783257
60,483957.95861783257
61,483957.95861783257
62,483957.95861783257
