,0
0,893134.2330292015
1,893134.2330292015
2,879778.672772401
3,777377.0068599635
4,736185.9211093087
5,718038.0888499111
6,688812.6090443603
7,675742.763214869
8,614749.9242640977
9,612880.3797158921
10,601031.8849817839
11,601031.8849817839
12,586007.4910753305
13,586007.4910753305
14,569252.4313258568
15,566453.2138997781
16,566453.2138997781
17,566445.2788309447
18,556199.3290483321
19,543000.6437499229
20,542026.6898644711
21,542026.6898644711
22,534530.3753478728
23,533961.9897283936
24,532954.647436445
25,532954.647436445
26,532954.647436445
27,532954.647436445
28,532194.9175641864
29,531940.4912044419
30,531428.7604681768
31,530894.9301624295
32,530469.5232595083
33,530444.54567325
34,530190.1193135055
35,530005.9819446362
36,529971.6038380057
37,529971.6038380057
38,529717.1774782612
39,529717.1774782612
40,529717.1774782612
41,529717.1774782612
42,529717.1774782612
