,0
0,924735.1330919507
1,866277.48114986
2,816988.099134749
3,756413.3167013521
4,722010.9673716505
5,711466.724247392
6,657204.1851878507
7,618959.6000308188
8,618146.0905451454
9,611704.0849635485
10,592459.8976481596
11,592459.8976481596
12,584019.2670511206
13,571178.4159666402
14,563266.490283427
15,561288.369194669
16,554288.3019312638
17,538667.0119765853
18,538667.0119765853
19,538667.0119765853
20,536542.5811915695
21,532484.8527892556
22,532484.8527892556
23,530680.9998145652
24,524969.4744462667
25,524969.4744462667
26,524969.4744462667
27,524490.7815434898
28,524490.7815434898
29,524490.7815434898
30,524168.170615473
31,523773.78629181965
32,523033.05476236163
33,523033.05476236163
34,523033.05476236163
35,523033.05476236163
36,523033.05476236163
37,522131.92214182223
38,522131.92214182223
39,522131.92214182223
40,521703.99827853095
41,521703.99827853095
42,521703.99827853095
43,521703.99827853095
44,521703.99827853095
45,520802.86565799156
46,520802.86565799156
47,520802.86565799156
48,520802.86565799156
49,520802.86565799156
50,520548.43929824705
51,520548.43929824705
52,520548.43929824705
53,520548.43929824705
54,520548.43929824705
