,0
0,971940.7069289155
1,904489.167585931
2,877509.8083956161
3,839068.8693291943
4,714250.1534298321
5,714250.1534298321
6,688449.0955265037
7,640354.961285244
8,640354.961285244
9,620015.4479074222
10,618833.5354289712
11,605602.6171272278
12,589015.4346858072
13,587195.5511627106
14,574804.5317528473
15,557439.7637765971
16,557439.7637765971
17,555152.9814550369
18,552161.6645284356
19,549693.489470235
20,542896.9758228958
21,537107.2627806246
22,533863.6690410384
23,533567.1339805042
24,533567.1339805042
25,533488.7465956402
26,533488.7465956402
27,531939.5192112629
28,531939.5192112629
29,531939.5192112629
30,531939.5192112629
31,531939.5192112629
32,530610.4627274323
33,530610.4627274323
34,530610.4627274323
35,530610.4627274323
36,530610.4627274323
