,0
0,656368.7211138528
1,656368.7211138528
2,656368.7211138528
3,628114.6104290041
4,628114.6104290041
5,627583.4065116467
6,623040.727272989
7,561921.591405569
8,561921.591405569
9,561921.591405569
10,561921.591405569
11,548556.1427626018
12,541194.7855566879
13,534281.2923235327
14,533786.302977584
15,523921.38545991195
16,523921.38545991195
17,520643.0928005904
18,520569.96558419004
19,508273.9969365081
20,508273.9969365081
21,508273.9969365081
22,508273.9969365081
23,504984.2225509832
24,504072.45246394066
25,504026.29397300427
26,500975.1286470496
27,500975.1286470496
28,500975.1286470496
29,500345.3758870948
30,498935.35525161895
31,496129.41438413196
32,496129.41438413196
33,496129.41438413196
34,496129.41438413196
35,494370.04172950546
36,494370.04172950546
37,494370.04172950546
38,493832.59995464777
39,493832.59995464777
40,493832.59995464777
41,493832.59995464777
42,493832.59995464777
