,0
0,690030.5894820701
1,690030.5894820701
2,690030.5894820701
3,649474.8596475084
4,638280.369850033
5,620193.5368994661
6,579669.5145602236
7,577724.6410366119
8,555139.986357915
9,555139.986357915
10,549119.2296210015
11,538666.6844017231
12,532300.1205702198
13,525150.6838908963
14,518068.81082085834
15,508067.73316360655
16,508067.73316360655
17,508067.73316360655
18,499538.6304729643
19,499538.6304729643
20,499538.6304729643
21,499538.6304729643
22,499538.6304729643
23,498478.08330120053
24,494685.24591642705
25,491879.30504894006
26,491879.30504894006
27,491879.30504894006
28,491879.30504894006
29,491879.30504894006
