,0
0,939845.7018097333
1,887882.0521752423
2,815941.8066885276
3,797117.9227249455
4,737140.8934809398
5,737140.8934809398
6,720878.7836142839
7,713721.4626658957
8,671812.3807773719
9,619688.430388401
10,619688.430388401
11,619688.430388401
12,600762.1720676648
13,599563.8313275562
14,579855.3564430526
15,579855.3564430526
16,579855.3564430526
17,579855.3564430526
18,565583.4303246223
19,558328.3937332534
20,558328.3937332534
21,558328.3937332534
22,547387.7608491854
23,547387.7608491854
24,547387.7608491854
25,544305.139829931
26,544305.139829931
27,541663.3746585306
28,541310.2870001468
29,541310.2870001468
30,535837.3775024234
31,535837.3775024234
32,531186.9552137312
33,529865.9890576393
34,529718.6808900443
35,527328.3899225859
36,527328.3899225859
37,527328.3899225859
38,527328.3899225859
39,527328.3899225859
