,0
0,1252585.7088435057
1,1053816.8124743765
2,1053816.8124743765
3,1021274.9893983869
4,942662.9415103444
5,730712.7313777279
6,720961.5680623086
7,618808.2717369859
8,608948.3965457424
9,537224.1407557965
10,517881.3703612093
11,517881.3703612093
12,504855.7263423429
13,468566.84909754863
14,442427.659931428
15,436035.4139846678
16,434877.20476521313
17,434229.50125280686
18,430976.64770104096
19,430976.64770104096
20,429151.28845344426
21,427894.92978464573
22,425300.5515425574
23,419974.11863894813
24,417985.69366652553
25,415776.9227894254
26,415776.9227894254
27,415776.9227894254
28,412508.6098191701
29,412508.6098191701
30,412360.31340397533
31,410712.9873661116
32,410712.9873661116
33,410564.69095091685
34,410564.69095091685
35,410564.69095091685
36,410564.69095091685
37,410564.69095091685
