,0
0,517824.38135557336
1,463180.6358663493
2,459151.831276129
3,459151.831276129
4,421576.73422643874
5,421576.73422643874
6,386685.521044215
7,341132.18793170934
8,324171.0452742218
9,296559.7526500808
10,296559.7526500808
11,281841.886378909
12,267492.3550599548
13,252314.36815090897
14,233567.59551587453
15,233567.59551587453
16,226635.58951712432
17,222631.11685297612
18,221444.75375620852
19,214538.74601242386
20,214538.74601242386
21,213431.92176682054
22,212275.91783545795
23,212275.91783545795
24,209829.72118872136
25,209829.72118872136
26,208758.30372020515
27,208758.30372020515
28,208758.30372020515
29,208758.30372020515
30,208758.30372020515
