,0
0,731322.5524297664
1,694145.629927022
2,679385.4081556557
3,661897.0423827866
4,599936.6497226286
5,599936.6497226286
6,599936.6497226286
7,578688.9627876396
8,573649.7308677814
9,573598.8725197472
10,550212.6379557521
11,546611.4860891028
12,545237.0703881315
13,540185.8348645992
14,519174.14656671503
15,519174.14656671503
16,519174.14656671503
17,519174.14656671503
18,508792.42379443155
19,508792.42379443155
20,502517.50817579136
21,499706.9397655008
22,499706.9397655008
23,499349.98488850205
24,498476.4346185272
25,497420.83346237993
26,495902.051313576
27,494731.8553425147
28,493172.1540669798
29,493172.1540669798
30,493172.1540669798
31,492058.52316093363
32,492058.52316093363
33,491451.1183487449
34,490498.82188539876
35,490366.21319949295
36,490366.21319949295
37,490366.21319949295
38,490366.21319949295
39,490366.21319949295
