,0
0,924680.4067106468
1,887450.7096675788
2,784599.829796609
3,777823.364420928
4,777823.364420928
5,688349.3769329614
6,676499.0621024224
7,643394.3431905083
8,638218.9250031011
9,638218.9250031011
10,627533.0593714818
11,597953.1696898213
12,589504.5895103745
13,589504.5895103745
14,583438.5444734382
15,576814.8369958394
16,558700.234189011
17,558700.234189011
18,558700.234189011
19,558299.4373705143
20,554238.6364707643
21,547779.0115003323
22,547779.0115003323
23,539951.719128319
24,535757.3738645308
25,534321.8099000908
26,532347.4098498689
27,532347.4098498689
28,532347.4098498689
29,529530.888013743
30,525139.3244464648
31,524703.131796117
32,520591.252640613
33,520591.252640613
34,520591.252640613
35,519521.92782924644
36,519521.92782924644
37,519521.92782924644
38,519521.92782924644
39,519521.92782924644
