,0
0,728386.0152865963
1,705197.6069579554
2,689663.2394436136
3,646508.1869821239
4,627797.0080130881
5,619376.8432345587
6,596978.0165019297
7,568354.7983625714
8,550329.9605268638
9,541706.239364485
10,541706.239364485
11,541332.6048107989
12,535308.1952329621
13,535308.1952329621
14,529228.8179273801
15,518939.30488115246
16,516133.3640136656
17,514311.1556024868
18,507989.9061366972
19,507989.9061366972
20,507770.2379751241
21,501754.0390718862
22,501754.0390718862
23,500894.9292097368
24,497768.2820639805
25,496012.64097191975
26,495889.49179661035
27,495889.49179661035
28,495497.754980196
29,493954.99442841415
30,490807.6436850891
31,490807.6436850891
32,490807.6436850891
33,490472.0893365911
34,489211.2267306299
35,488673.18304931687
36,487324.7385932659
37,486277.65460465767
38,486277.65460465767
39,484544.42592020007
40,484544.42592020007
41,484544.42592020007
42,481719.7411483417
43,481719.7411483417
44,481719.7411483417
45,481719.7411483417
46,481719.7411483417
