,0
0,860321.3155691079
1,860321.3155691079
2,860321.3155691079
3,737522.9811376096
4,736224.1125383249
5,736224.1125383249
6,718156.2531251993
7,668265.4723696293
8,627316.9104266671
9,627316.9104266671
10,620784.5537661492
11,611245.7275542947
12,600641.6269953832
13,585250.5098807961
14,569822.5581471962
15,556892.934699959
16,543914.8915707698
17,543914.8915707698
18,543914.8915707698
19,543016.0829646675
20,538959.3461177734
21,537261.1181825866
22,530949.1325147449
23,529879.8077033784
24,525773.3867630791
25,523235.78762802563
26,523235.78762802563
27,523235.78762802563
28,523235.78762802563
29,522166.46281665907
30,522166.46281665907
31,522166.46281665907
32,522166.46281665907
33,522166.46281665907
