,0
0,543436.5278643904
1,521719.0317160381
2,500747.1530614774
3,470842.3215145193
4,412843.2463645245
5,362613.41937993804
6,362613.41937993804
7,343522.95556717925
8,317999.5637484244
9,286532.08679804363
10,272563.6809913606
11,272563.6809913606
12,271481.64155695325
13,248655.17795392638
14,244127.89608167784
15,242900.65979492624
16,236196.07531382778
17,227112.9404257734
18,226751.61906427838
19,220014.94382140713
20,215878.11841355712
21,215878.11841355712
22,215282.88466426087
23,211334.2516582499
24,208758.30372020515
25,208758.30372020515
26,208758.30372020515
27,208758.30372020515
28,208758.30372020515
