,0
0,524456.6069668282
1,524456.6069668282
2,449416.5037236637
3,449416.5037236637
4,408537.99707075447
5,365480.1785825034
6,365106.3351012252
7,341722.0180030841
8,304278.0079300207
9,290951.97340857104
10,281936.5301044266
11,256000.80071629895
12,256000.80071629895
13,232071.1373565141
14,232071.1373565141
15,228863.69635687396
16,228863.69635687396
17,222783.4848325628
18,215421.7796521212
19,208758.30372020515
20,208758.30372020515
21,208758.30372020515
22,208758.30372020515
23,208758.30372020515
