,0
0,921669.0710388247
1,921669.0710388247
2,861209.6450472248
3,750003.5193357845
4,709434.0235234592
5,694009.3751600311
6,674119.6291596581
7,625141.8046375979
8,625141.8046375979
9,582312.6456869915
10,582312.6456869915
11,582312.6456869915
12,582312.6456869915
13,573674.5273989893
14,550731.433044021
15,550731.433044021
16,549693.6785951463
17,540349.9574383533
18,530395.4991571347
19,530395.4991571347
20,530395.4991571347
21,527084.4160289385
22,527020.2107673277
23,526282.4371485058
24,525828.0000263243
25,525585.06581033
26,523018.53537463583
27,522672.16182798083
28,522672.16182798083
29,522672.16182798083
30,521896.4625265566
31,521896.4625265566
32,520567.40604272595
33,520377.7674619999
34,519666.27342218655
35,519666.27342218655
36,519666.27342218655
37,518252.0215623391
38,517350.8889417997
39,517350.8889417997
40,517350.8889417997
41,517350.8889417997
42,517151.7081556591
43,517151.7081556591
44,517151.7081556591
45,516385.5510596495
46,516385.5510596495
47,516385.5510596495
48,516385.5510596495
49,516385.5510596495
