,0
0,899588.7181252064
1,899588.7181252064
2,769295.6089318849
3,769295.6089318849
4,723590.15517287
5,723590.15517287
6,674936.4850598891
7,638163.7510060047
8,606668.6137376016
9,606668.6137376016
10,583732.3460105576
11,583732.3460105576
12,583732.3460105576
13,580044.7752276284
14,580044.7752276284
15,548650.4623437745
16,548650.4623437745
17,545113.2296986646
18,545113.2296986646
19,538394.4278710338
20,538394.4278710338
21,535002.4526609196
22,526854.6071141831
23,526854.6071141831
24,523010.28184254933
25,523010.28184254933
26,520371.65635815787
27,519944.97693833197
28,518893.0247054262
29,518893.0247054262
30,518893.0247054262
31,518893.0247054262
32,518893.0247054262
