,0
0,877978.4502965631
1,877978.4502965631
2,794906.8479933575
3,794906.8479933575
4,768375.782687303
5,722586.2232472559
6,703117.6948122358
7,668663.0221613526
8,666236.4552610641
9,614506.4574978037
10,614506.4574978037
11,614506.4574978037
12,614506.4574978037
13,594062.8893638913
14,570519.1707376413
15,561988.8506181972
16,559000.7967704041
17,549920.4444653821
18,545085.6056970556
19,537362.7553792305
20,537362.7553792305
21,533884.0083847453
22,532030.0439525205
23,529492.4448174671
24,528423.1200061005
25,528423.1200061005
26,528423.1200061005
27,528423.1200061005
28,528423.1200061005
