,0
0,709415.1427103817
1,698529.1957688765
2,677203.1289191974
3,671650.3972632252
4,650627.7543475146
5,617943.0656243047
6,597959.935262123
7,590692.7403367308
8,583939.4006792876
9,581671.276553264
10,575423.424462116
11,526273.8601744093
12,526273.8601744093
13,526273.8601744093
14,526273.8601744093
15,519422.60429566767
16,512707.7739476995
17,512707.7739476995
18,509976.8198826651
19,509976.8198826651
20,503982.5911197713
21,503982.5911197713
22,503828.980909073
23,498360.8792874302
24,496398.76174185215
25,495909.2961091813
26,494787.92753116094
27,494787.92753116094
28,494298.4618984901
29,493346.165435144
30,492099.925843192
31,491914.64026862837
32,491914.64026862837
33,490540.2245676571
34,490540.2245676571
35,490540.2245676571
36,490540.2245676571
37,490540.2245676571
