,0
0,903575.695666346
1,863191.7465152186
2,863191.7465152186
3,800181.6601255778
4,759531.2640762947
5,759531.2640762947
6,704574.2285057139
7,626861.3429406947
8,626861.3429406947
9,591092.495321261
10,591092.495321261
11,587301.4955087802
12,572641.7037628335
13,557737.30969435
14,557737.30969435
15,556318.5158159871
16,542599.204711963
17,534231.1673691662
18,532474.3175641441
19,532474.3175641441
20,532474.3175641441
21,529531.3428908733
22,529432.8902102887
23,525535.8117360432
24,524831.0008871192
25,524831.0008871192
26,524530.094920333
27,523281.77350274194
28,523281.77350274194
29,523022.94618542923
30,522099.4193748748
31,522099.4193748748
32,522099.4193748748
33,520778.932564842
34,520778.932564842
35,520778.932564842
36,520778.932564842
37,519737.03495916154
38,519737.03495916154
39,519737.03495916154
40,519737.03495916154
41,519737.03495916154
