,0
0,945663.8592162624
1,945663.8592162624
2,798592.903097193
3,710096.9669646273
4,702102.0481916387
5,668349.0520539482
6,668349.0520539482
7,642340.4880509995
8,640070.7534496072
9,598095.4597351103
10,598095.4597351103
11,577757.0454547631
12,577408.5794781226
13,577408.5794781226
14,565581.5728919526
15,565061.0877217272
16,555374.3505568121
17,548824.491029978
18,543927.1999022433
19,534132.2157848476
20,532212.5041750153
21,532212.5041750153
22,529454.0049793815
23,524200.69587729045
24,524200.69587729045
25,523211.2404059582
26,523069.5555677303
27,523048.5518301018
28,522446.4929135634
29,521667.9647468537
30,521096.55448596017
31,520617.8615831833
32,520617.8615831833
33,520617.8615831833
34,520433.72421431396
35,519716.7289626439
36,519716.7289626439
37,519716.7289626439
38,519532.59159377456
39,519532.59159377456
40,519532.59159377456
41,519532.59159377456
42,519532.59159377456
