,0
0,916925.4651334272
1,817090.8246499277
2,812250.3811780589
3,779021.7065412811
4,684373.4257278949
5,684373.4257278949
6,667619.5761620085
7,638570.5961916478
8,631174.967160487
9,615083.5160268582
10,604994.6185616966
11,585899.5896395161
12,572780.4577540306
13,563482.1040478272
14,551514.5594800424
15,538839.0149675678
16,533561.3460027524
17,533561.3460027524
18,533561.3460027524
19,533561.3460027524
20,533561.3460027524
21,527148.402943307
22,527148.402943307
23,527148.402943307
24,526443.592094383
25,525109.1033202792
26,525109.1033202792
27,524067.2057145987
28,523686.3247967385
29,523686.3247967385
30,523686.3247967385
31,523686.3247967385
32,523242.8250612604
33,523242.8250612604
34,522321.2347812305
35,522321.2347812305
36,521349.6261664253
37,521279.3371755501
38,521095.1998066808
39,520651.7000712027
40,520467.5627023334
41,520397.27371145814
42,520213.1363425888
43,520213.1363425888
44,520213.1363425888
45,520213.1363425888
46,520213.1363425888
