,0
0,845427.9360077579
1,845427.9360077579
2,845427.9360077579
3,809581.3365131664
4,719434.1245062397
5,719434.1245062397
6,678410.5667134773
7,611690.403556805
8,611690.403556805
9,608251.2701340655
10,589486.5038366035
11,580326.8149711726
12,574925.0578073993
13,574925.0578073993
14,574925.0578073993
15,563363.3202117643
16,556244.6563007346
17,553782.2129186473
18,545204.5437538329
19,540737.9807392899
20,539003.3849541778
21,538890.9927760189
22,534621.0561141808
23,525535.8117360432
24,525535.8117360432
25,525535.8117360432
26,525535.8117360432
27,524769.6546400337
28,524769.6546400337
29,524468.7486732474
30,524468.7486732474
31,524271.6689863267
32,524271.6689863267
33,524271.6689863267
34,522765.6371722754
35,522765.6371722754
36,522765.6371722754
37,522765.6371722754
38,522765.6371722754
