,0
0,953309.6168617995
1,859698.3922276595
2,790319.6856754412
3,707874.3036874586
4,707874.3036874586
5,687231.9692977332
6,687231.9692977332
7,645645.3803517348
8,645645.3803517348
9,641022.9330173612
10,614801.667540528
11,609187.1005423066
12,568683.0805471648
13,568683.0805471648
14,568683.0805471648
15,568683.0805471648
16,568683.0805471648
17,558673.2493463324
18,557598.2136296108
19,555013.5515879018
20,555013.5515879018
21,552915.0065524442
22,549383.2308422358
23,549383.2308422358
24,547927.8806469967
25,547927.8806469967
26,547359.3606942493
27,545867.6351574659
28,544757.915225552
29,544757.915225552
30,543850.4987122527
31,542220.3160904987
32,539794.1870899603
33,539794.1870899603
34,539605.2080687012
35,539178.5286488753
36,539178.5286488753
37,538012.8019205645
38,538012.8019205645
39,538012.8019205645
40,538012.8019205645
41,538012.8019205645
