,0
0,556768.4191061162
1,524240.0199820438
2,458759.75102666725
3,419151.6805530771
4,402239.6283617834
5,357004.39394224883
6,339110.20095170365
7,331507.7479571027
8,311550.35698147817
9,308280.6800889025
10,286505.2652959943
11,262445.1367128571
12,262445.1367128571
13,254898.54995894295
14,240485.7252042014
15,233940.7540945811
16,233940.7540945811
17,230699.3333063573
18,223321.13977439728
19,223321.13977439728
20,215282.88466426087
21,215282.88466426087
22,215282.88466426087
23,213778.35419473232
24,213778.35419473232
25,212706.9367262161
26,211334.2516582499
27,208758.30372020515
28,208758.30372020515
29,208758.30372020515
30,208758.30372020515
31,208758.30372020515
