,0
0,560177.8507505564
1,517356.08445831714
2,459688.6539190747
3,459688.6539190747
4,419725.20882268343
5,419725.20882268343
6,412195.49191577354
7,372330.6597174374
8,372330.6597174374
9,372330.6597174374
10,372330.6597174374
11,356300.8140310693
12,328831.06099392264
13,328831.06099392264
14,319427.9607636827
15,302064.00035864336
16,298750.44950721756
17,275533.1058182774
18,275533.1058182774
19,247488.45479624651
20,247488.45479624651
21,247488.45479624651
22,238052.77643947565
23,231190.99773905284
24,231190.99773905284
25,223513.0567109553
26,223513.0567109553
27,219826.75141956809
28,219826.75141956809
29,213431.92176682054
30,211334.2516582499
31,211334.2516582499
32,211334.2516582499
33,211334.2516582499
34,211334.2516582499
35,209829.72118872136
36,209829.72118872136
37,209829.72118872136
38,209829.72118872136
39,209829.72118872136
