,0
0,510642.306121545
1,510642.306121545
2,441494.48284409725
3,441494.48284409725
4,384588.2682920175
5,384588.2682920175
6,384588.2682920175
7,378465.1335607873
8,352271.9718176794
9,339384.738046291
10,300817.1037286813
11,264982.7484936017
12,262801.3960169536
13,253415.7280172989
14,238598.77818550775
15,233496.50010618876
16,233496.50010618876
17,220451.4264846199
18,216152.68634086344
19,216152.68634086344
20,216152.68634086344
21,216061.3690372737
22,210262.8341897337
23,210262.8341897337
24,210262.8341897337
25,208758.30372020515
26,208758.30372020515
27,208758.30372020515
28,208758.30372020515
29,208758.30372020515
