,0
0,594994.8750701693
1,516896.30978173454
2,516896.30978173454
3,515494.8881395627
4,515494.8881395627
5,443454.93075127347
6,436850.8050031781
7,395512.1481595908
8,395512.1481595908
9,364664.6049449023
10,363664.4879473749
11,356335.73597291665
12,341127.8819417885
13,302591.67756790254
14,270668.3844920459
15,270668.3844920459
16,270668.3844920459
17,262893.20840838726
18,262215.7908020638
19,262215.7908020638
20,262215.7908020638
21,259611.76150265406
22,243315.29785650506
23,229982.57594080828
24,229982.57594080828
25,223740.02555208193
26,223740.02555208193
27,223740.02555208193
28,221126.58638344757
29,216046.80958969155
30,216046.80958969155
31,216046.80958969155
32,216046.80958969155
33,212444.60901159237
34,212444.60901159237
35,212275.91783545795
36,212275.91783545795
37,212275.91783545795
38,212275.91783545795
39,212275.91783545795
