,0
0,953560.730736672
1,953560.730736672
2,907197.7078360884
3,847806.6091026657
4,847806.6091026657
5,756672.731030727
6,756672.731030727
7,751572.5144940489
8,751572.5144940489
9,674874.33109397
10,674874.33109397
11,674874.33109397
12,607146.9289993505
13,607146.9289993505
14,607146.9289993505
15,607146.9289993505
16,607146.9289993505
17,587903.8479732601
18,587903.8479732601
19,587903.8479732601
20,587415.546764325
21,587415.546764325
22,587415.546764325
23,571800.5980692394
24,568046.8203719521
25,568046.8203719521
26,551076.1871221747
27,551076.1871221747
28,551076.1871221747
29,539044.5589376254
30,524369.7976672353
31,524369.7976672353
32,524369.7976672353
33,523468.6650466959
34,523468.6650466959
35,523468.6650466959
36,523332.23981725104
37,523332.23981725104
38,522290.3422115706
39,522290.3422115706
40,522006.3961439098
41,522006.3961439098
42,522006.3961439098
43,522006.3961439098
44,521240.23904790025
45,520688.63389421004
46,520659.8180857601
47,520659.8180857601
48,519187.27520432725
49,519187.27520432725
50,518737.3981100003
51,518258.70520722336
52,518258.70520722336
53,518258.70520722336
54,518258.70520722336
55,518258.70520722336
