,0
0,530391.284905406
1,445692.7544756861
2,445692.7544756861
3,431938.8372522031
4,394826.71081264527
5,394826.71081264527
6,348534.4569158499
7,326638.519800355
8,297260.2819875434
9,297260.2819875434
10,286162.70048424654
11,284881.36891336105
12,261005.35144899474
13,245860.6819413688
14,245860.6819413688
15,242112.34730234244
16,239197.20600945276
17,235367.763192538
18,226008.19589915208
19,226008.19589915208
20,226008.19589915208
21,222040.0616674365
22,219431.67011048427
23,219425.17384456546
24,218353.75637604925
25,214230.96842144924
26,210262.8341897337
27,210262.8341897337
28,210262.8341897337
29,210262.8341897337
30,208758.30372020515
31,208758.30372020515
32,208758.30372020515
33,208758.30372020515
34,208758.30372020515
