,0
0,558405.7556506019
1,555922.5832362344
2,501442.94389817695
3,501442.94389817695
4,455254.3740290566
5,419303.94950079976
6,406811.16380153317
7,374833.9592507773
8,369128.4726621823
9,334647.6944430847
10,327273.11947048287
11,310935.28284620756
12,310935.28284620756
13,304824.6095147823
14,300225.81949865597
15,270294.9785165955
16,270294.9785165955
17,263013.1512275604
18,256403.7674329395
19,249168.8654271662
20,249168.8654271662
21,248852.42742407892
22,238618.4797022271
23,238618.4797022271
24,233014.83572073697
25,223397.17942735844
26,223397.17942735844
27,219997.5367059567
28,219429.0451956429
29,218179.6014274602
30,216675.07095793166
31,216675.07095793166
32,215962.2231268452
33,212275.91783545795
34,212275.91783545795
35,208758.30372020515
36,208758.30372020515
37,208758.30372020515
38,208758.30372020515
39,208758.30372020515
