,0
0,488353.33124332834
1,488353.33124332834
2,483796.4967011199
3,435480.56737252814
4,433852.56697235466
5,382025.5674273359
6,347652.49647573725
7,328837.46305743704
8,326626.8501490694
9,287477.21160913364
10,282524.2662411758
11,268118.53494508046
12,259722.79705852232
13,246899.05357515116
14,233520.72553963898
15,230223.14958713733
16,219023.98023022036
17,218944.8115615889
18,218944.8115615889
19,212709.03083647028
20,212360.50429830432
21,212360.50429830432
22,212360.50429830432
23,208758.30372020515
24,208758.30372020515
25,208758.30372020515
26,208758.30372020515
27,208758.30372020515
