,0
0,603849.8276561472
1,515755.61529632367
2,515755.61529632367
3,515755.61529632367
4,489976.6261000123
5,430466.37390423845
6,422719.02935056394
7,406018.12429189036
8,388609.57879272284
9,361473.6957413308
10,322562.1563927282
11,322562.1563927282
12,264155.9496593726
13,264155.9496593726
14,247366.33342781663
15,247366.33342781663
16,246638.1637735365
17,244461.3060384186
18,232282.0879409584
19,232282.0879409584
20,223840.50703531923
21,223840.50703531923
22,215282.88466426087
23,214211.46719574466
24,214211.46719574466
25,214211.46719574466
26,211334.2516582499
27,210262.8341897337
28,210262.8341897337
29,210262.8341897337
30,210262.8341897337
31,210262.8341897337
