,0
0,559239.2974087575
1,559239.2974087575
2,503587.2700693165
3,458369.14596402727
4,429122.0439160321
5,397152.09272521327
6,380255.24568898766
7,359562.2451248466
8,311526.5117150188
9,311526.5117150188
10,305921.98497046315
11,267883.31232807355
12,267883.31232807355
13,243460.2130479729
14,223468.9836210267
15,223468.9836210267
16,223468.9836210267
17,220813.8670143505
18,220813.8670143505
19,216805.50768911067
20,214211.46719574466
21,214211.46719574466
22,212706.9367262161
23,208758.30372020515
24,208758.30372020515
25,208758.30372020515
26,208758.30372020515
27,208758.30372020515
