,0
0,952328.2152043972
1,952328.2152043972
2,897400.2755739881
3,818686.8840681567
4,750193.2583630602
5,750193.2583630602
6,750193.2583630602
7,728410.6896384405
8,719510.8544469632
9,695906.6301496474
10,678033.4690603683
11,671633.4464530516
12,627001.0968559688
13,627001.0968559688
14,598098.9424341676
15,590190.0950405836
16,578928.8407936069
17,578928.8407936069
18,578928.8407936069
19,578928.8407936069
20,577294.4232529997
21,570623.6866692213
22,556081.1073198619
23,556081.1073198619
24,556081.1073198619
25,546628.2486461678
26,546628.2486461678
27,546628.2486461678
28,543379.2129687066
29,543379.2129687066
30,539673.6406306727
31,538139.1686696631
32,533963.6254183961
33,529068.4914424693
34,529068.4914424693
35,529068.4914424693
36,529068.4914424693
37,526201.958842933
38,525858.9745731222
39,525607.9475055588
40,525607.9475055588
41,525607.9475055588
42,525109.6937842547
43,523923.80889165774
44,523073.445310604
45,523073.445310604
46,522228.25944815745
47,522228.25944815745
48,522228.25944815745
49,522228.25944815745
50,520987.0030268609
51,520987.0030268609
52,520987.0030268609
53,520897.7002817771
54,520897.7002817771
55,520897.7002817771
56,519719.37744665187
57,519719.37744665187
58,519719.37744665187
59,519719.37744665187
60,519719.37744665187
61,519240.68454387493
62,519240.68454387493
63,519240.68454387493
64,519240.68454387493
65,518986.2581841305
66,518986.2581841305
67,518986.2581841305
68,518986.2581841305
69,518965.5336540149
70,518965.5336540149
71,518965.5336540149
72,518802.12081526115
73,518802.12081526115
74,518802.12081526115
75,518669.27428298147
76,518485.13691411214
77,518485.13691411214
78,518190.5813802046
79,518190.5813802046
80,517936.1550204601
81,517936.1550204601
82,517936.1550204601
83,517936.1550204601
84,517936.1550204601
85,517752.01765159075
86,517752.01765159075
87,517752.01765159075
88,517752.01765159075
89,517752.01765159075
