,0
0,546655.1640679121
1,505407.63500403543
2,480336.14305385604
3,480336.14305385604
4,478155.93551422004
5,470701.8280844962
6,444387.1979463106
7,400873.4053310133
8,390921.58745156636
9,361339.3283247025
10,361339.3283247025
11,313428.3193216381
12,313428.3193216381
13,313428.3193216381
14,300532.8477594632
15,291595.059150277
16,291595.059150277
17,278051.8304623741
18,264077.81461873685
19,264077.81461873685
20,264077.81461873685
21,255863.0872766153
22,245816.96372395873
23,245816.96372395873
24,242683.52930395503
25,230661.54205747947
26,229812.95310932834
27,227419.3103453101
28,226179.20170065947
29,225273.71558708578
30,225273.71558708578
31,221926.47739539776
32,214361.40515262826
33,214361.40515262826
34,214361.40515262826
35,212360.50429830432
36,211962.7980743791
37,210262.8341897337
38,210262.8341897337
39,208758.30372020515
40,208758.30372020515
41,208758.30372020515
42,208758.30372020515
43,208758.30372020515
