,0
0,488353.33124332834
1,488353.33124332834
2,488353.33124332834
3,488353.33124332834
4,488353.33124332834
5,440335.04406489263
6,440033.89446141827
7,431779.00038333976
8,378164.50775874907
9,378164.50775874907
10,333988.2095840504
11,333988.2095840504
12,321928.76938173344
13,321928.76938173344
14,295711.99581377726
15,295711.99581377726
16,295711.99581377726
17,289151.3892953134
18,254014.44132538853
19,254014.44132538853
20,254014.44132538853
21,249208.74430332705
22,247051.69785981675
23,242502.43481399817
24,232126.30197282083
25,226499.4611366283
26,226499.4611366283
27,215930.93230609468
28,215930.93230609468
29,215930.93230609468
30,212856.8746830997
31,212706.9367262161
32,208758.30372020515
33,208758.30372020515
34,208758.30372020515
35,208758.30372020515
36,208758.30372020515
