,0
0,577484.925657528
1,577353.4457287069
2,455724.5342342678
3,455724.5342342678
4,404492.9993071734
5,388718.46385611733
6,353076.2834090947
7,353076.2834090947
8,347289.5358073397
9,315908.7174549382
10,298143.5656560652
11,286943.3084244413
12,280145.8462515943
13,266653.3955152348
14,244849.19547985747
15,237146.5926878147
16,230131.8812031004
17,225361.6041332618
18,220934.66944688954
19,220934.66944688954
20,214271.1935149735
21,212766.66304544496
22,212766.66304544496
23,211334.2516582499
24,211334.2516582499
25,211204.50036694173
26,211204.50036694173
27,209829.72118872136
28,208758.30372020515
29,208758.30372020515
30,208758.30372020515
31,208758.30372020515
32,208758.30372020515
