,0
0,950345.555827752
1,904485.7932286431
2,904485.7932286431
3,904485.7932286431
4,746341.3883534758
5,746341.3883534758
6,746341.3883534758
7,726411.8781570005
8,669655.4857634391
9,665069.4002604556
10,665069.4002604556
11,601538.9543589319
12,601538.9543589319
13,601538.9543589319
14,569681.6157471456
15,569681.6157471456
16,569319.1969875953
17,569319.1969875953
18,569319.1969875953
19,559507.466850766
20,559507.466850766
21,559507.466850766
22,557245.9304717935
23,555009.3481138712
24,552090.7282653177
25,551286.78756339
26,543902.2008808389
27,533107.0348279686
28,533107.0348279686
29,530936.6178184683
30,530936.6178184683
31,530936.6178184683
32,530936.6178184683
33,530936.6178184683
34,528627.1448485175
35,528627.1448485175
36,528627.1448485175
37,526170.3269020894
38,526170.3269020894
39,523694.01085839485
40,523694.01085839485
41,521703.91431431257
42,520568.7984612012
43,519863.9876122772
44,519863.9876122772
45,519863.9876122772
46,519863.9876122772
47,519863.9876122772
