,0
0,506533.5801203849
1,506533.5801203849
2,506533.5801203849
3,502820.08917012
4,369344.8364776779
5,369344.8364776779
6,369344.8364776779
7,369344.8364776779
8,338537.8240235289
9,325915.8758592962
10,318178.87232818146
11,290548.66639759194
12,277100.9594241416
13,261705.72645408878
14,256904.6136048625
15,247772.581177417
16,235839.84820094772
17,222966.033083531
18,222966.033083531
19,214211.46719574466
20,214211.46719574466
21,212706.9367262161
22,211334.2516582499
23,210262.8341897337
24,208758.30372020515
25,208758.30372020515
26,208758.30372020515
27,208758.30372020515
28,208758.30372020515
