,0
0,468200.9658435206
1,468200.9658435206
2,468200.9658435206
3,430497.26245953573
4,397659.85829623113
5,364334.5882436732
6,345948.6004791927
7,319693.06329659035
8,308815.61085305625
9,291208.0538932234
10,269063.1784001489
11,251947.94376412337
12,238455.51791557853
13,231665.91850348486
14,230857.22373982132
15,225314.12691887087
16,220336.9978552597
17,216825.0089148153
18,212360.50429830432
19,209829.72118872136
20,209829.72118872136
21,209829.72118872136
22,209829.72118872136
23,209829.72118872136
24,208758.30372020515
25,208758.30372020515
26,208758.30372020515
27,208758.30372020515
28,208758.30372020515
