,0
0,496780.39905920014
1,436181.4425783328
2,436181.4425783328
3,423411.98608992714
4,380958.0835321881
5,380958.0835321881
6,335533.6214214786
7,335533.6214214786
8,305369.72690080636
9,305369.72690080636
10,278971.80694764643
11,263573.9924557315
12,263573.9924557315
13,246185.25808188654
14,230232.92121293294
15,223158.20049539575
16,215020.55694963713
17,215020.55694963713
18,215020.55694963713
19,209829.72118872136
20,209829.72118872136
21,208758.30372020515
22,208758.30372020515
23,208758.30372020515
24,208758.30372020515
25,208758.30372020515
