,0
0,551369.6661238428
1,551369.6661238428
2,514445.5931443216
3,455253.46474178537
4,455253.46474178537
5,427273.60044402373
6,407706.6350012583
7,351564.20872428804
8,325668.08721882175
9,319615.0665568179
10,289096.96057206683
11,281417.47451926436
12,281417.47451926436
13,259484.83231044194
14,249209.30695148578
15,246428.98807527695
16,227535.00454953042
17,216865.23400833952
18,212856.8746830997
19,212856.8746830997
20,212856.8746830997
21,210262.8341897337
22,210262.8341897337
23,210262.8341897337
24,210262.8341897337
25,208758.30372020515
26,208758.30372020515
27,208758.30372020515
28,208758.30372020515
29,208758.30372020515
