,0
0,809988.3370048297
1,809988.3370048297
2,809988.3370048297
3,809988.3370048297
4,754150.9192757945
5,731491.0311515584
6,731491.0311515584
7,721509.3398487765
8,671766.1756506994
9,632400.9032880509
10,632400.9032880509
11,632400.9032880509
12,632400.9032880509
13,627475.6915809615
14,594292.5872695184
15,594292.5872695184
16,594292.5872695184
17,575966.1659607127
18,573269.2149074661
19,568199.506609087
20,556682.7801482766
21,556682.7801482766
22,556682.7801482766
23,556682.7801482766
24,556682.7801482766
