,0
0,543436.5278643904
1,529489.9014822087
2,445682.92860766454
3,420552.91850266105
4,420552.91850266105
5,408601.7332281531
6,380815.1834704447
7,335231.71158720966
8,333728.5084804004
9,278656.2524619297
10,278656.2524619297
11,278656.2524619297
12,265602.7300417548
13,256836.4396515121
14,248291.92480099003
15,245557.73202331527
16,241023.72555627153
17,227500.08348226573
18,223646.3244808223
19,221428.88257746457
20,219430.138977361
21,213034.2155428953
22,213034.2155428953
23,211962.7980743791
24,208758.30372020515
25,208758.30372020515
26,208758.30372020515
27,208758.30372020515
28,208758.30372020515
