,0
0,496544.9177794745
1,493845.2013234254
2,493845.2013234254
3,491944.4060200107
4,424802.82332616736
5,344164.50814250536
6,344164.50814250536
7,344164.50814250536
8,344164.50814250536
9,322392.35138795344
10,312352.4087101773
11,282059.80449898634
12,282059.80449898634
13,250952.1235331634
14,250952.1235331634
15,233252.64436336688
16,233252.64436336688
17,233252.64436336688
18,233252.64436336688
19,230608.2995400833
20,226464.14597307917
21,215172.6345986573
22,215172.6345986573
23,213797.8554204369
24,213797.8554204369
25,213431.92176682054
26,212726.4379519207
27,210262.8341897337
28,208758.30372020515
29,208758.30372020515
30,208758.30372020515
31,208758.30372020515
32,208758.30372020515
