,0
0,572169.5868162285
1,518695.2273433585
2,490343.56146188354
3,476585.2235019744
4,453462.80348030495
5,403328.4329363994
6,357614.0158804576
7,345161.14015728724
8,312370.0722132426
9,278927.2209684119
10,278189.4030524806
11,271146.08365738334
12,257002.34922137603
13,249676.11690042072
14,242822.26971798265
15,232589.96696316072
16,232589.96696316072
17,227307.16492229456
18,220697.9975153925
19,220697.9975153925
20,217180.3834001397
21,217180.3834001397
22,213431.92176682054
23,213034.2155428953
24,209829.72118872136
25,208758.30372020515
26,208758.30372020515
27,208758.30372020515
28,208758.30372020515
29,208758.30372020515
