,0
0,517824.38135557336
1,463180.6358663493
2,459151.831276129
3,423237.3325306651
4,410539.295653621
5,393455.64467945107
6,382902.65378529934
7,332156.6496337444
8,302729.585435226
9,267812.29760354717
10,267812.29760354717
11,265424.0306774789
12,253044.5821747729
13,252141.64288855685
14,234980.8723470408
15,226540.2102053337
16,219513.63165848923
17,219513.63165848923
18,212709.03083647028
19,212444.60901159237
20,212444.60901159237
21,208758.30372020515
22,208758.30372020515
23,208758.30372020515
24,208758.30372020515
25,208758.30372020515
