,0
0,862273.6173703088
1,862273.6173703088
2,808742.2652439409
3,779847.6669456234
4,779847.6669456234
5,775934.7918709188
6,758644.3202057927
7,734270.5064248879
8,709077.3368515824
9,706597.7824443958
10,687014.5512863585
11,634688.3331892799
12,606849.0547759776
13,606849.0547759776
14,606849.0547759776
15,606849.0547759776
16,592261.1244771443
17,592261.1244771443
18,590971.9716299821
19,583205.1542630645
20,583205.1542630645
21,583205.1542630645
22,583205.1542630645
23,578918.6515277023
24,559415.2222343242
25,559415.2222343242
26,559415.2222343242
27,559415.2222343242
28,559415.2222343242
29,554469.2828167941
30,554469.2828167941
31,545071.3336140059
32,544479.0570475862
33,544479.0570475862
34,544479.0570475862
35,544479.0570475862
36,536683.0877175345
37,536683.0877175345
38,536683.0877175345
39,523345.8624285284
40,523345.8624285284
41,523345.8624285284
42,523345.8624285284
43,523345.8624285284
