,0
0,925440.3160591602
1,869089.3191289656
2,869089.3191289656
3,818029.7907755668
4,818029.7907755668
5,818029.7907755668
6,727193.4501121641
7,715905.5551096357
8,715905.5551096357
9,690696.4331413751
10,675133.3831676834
11,664872.56802234
12,653896.1848892337
13,621310.5728445296
14,616201.404077177
15,608141.9627174273
16,608141.9627174273
17,605531.8382080607
18,582484.1047839234
19,582484.1047839234
20,582484.1047839234
21,565212.6712841593
22,549740.0008960258
23,549740.0008960258
24,549740.0008960258
25,549740.0008960258
26,549740.0008960258
