,0
0,945360.859252175
1,922270.6862222215
2,830806.5276785684
3,720153.6956422646
4,695880.5166550454
5,695880.5166550454
6,695880.5166550454
7,695880.5166550454
8,695880.5166550454
9,639575.9288196453
10,639575.9288196453
11,630036.1874432333
12,630036.1874432333
13,604615.1861160712
14,603065.9587316939
15,603065.9587316939
16,594359.3078497114
17,592416.0591959464
18,573066.9675414759
19,573066.9675414759
20,565125.5062022519
21,557760.0833285807
22,556713.7989578384
23,554367.3938701849
24,548414.6466676857
25,544288.2630360156
26,537474.2230871315
27,537474.2230871315
28,537474.2230871315
29,537474.2230871315
30,537474.2230871315
31,534694.9004241021
32,532724.9782176929
33,532580.3374867043
34,532580.3374867043
35,527777.1940663892
36,527767.7427647548
37,526218.5153803775
38,525822.9339243037
39,523690.6715669915
40,523690.6715669915
41,523063.0344626441
42,522696.21041123476
43,522696.21041123476
44,520993.13359821215
45,520696.87422717875
46,520696.87422717875
47,520696.87422717875
48,520696.87422717875
49,520696.87422717875
