,0
0,975616.4206320475
1,969317.0976764095
2,837609.6305982805
3,837609.6305982805
4,714447.6003911358
5,714447.6003911358
6,714447.6003911358
7,702615.6222456365
8,702615.6222456365
9,702615.6222456365
10,655860.3384689856
11,655860.3384689856
12,614428.7185556648
13,605621.2371016247
14,605621.2371016247
15,605621.2371016247
16,605621.2371016247
17,601283.535761577
18,577842.5108350693
19,577842.5108350693
20,574535.9758188319
21,569824.3815282732
22,557013.132496939
23,557013.132496939
24,554406.3397593283
25,554406.3397593283
26,541681.0269780906
27,541681.0269780906
28,541681.0269780906
29,541681.0269780906
30,533373.4108185454
31,533373.4108185454
32,533373.4108185454
33,532103.2561735979
34,529879.794480606
35,527031.63434539
36,526606.2274424689
37,526606.2274424689
38,525937.9342280872
39,525937.9342280872
40,525937.9342280872
41,525937.9342280872
42,525603.5957165175
43,525603.5957165175
44,525276.7203327956
45,525276.7203327956
46,525276.7203327956
47,525171.7771320776
48,524939.6335760391
49,524939.6335760391
50,524311.3824506454
51,523947.6638489649
52,523947.6638489649
53,523947.6638489649
54,523545.22535463586
55,523410.249830106
56,523333.6901065758
57,523333.6901065758
58,522567.53301056626
59,522567.53301056626
60,522567.53301056626
61,521720.25746058766
62,521720.25746058766
63,521602.195128416
64,521602.195128416
65,521602.195128416
66,521602.195128416
67,521602.195128416
