,0
0,569973.8153048496
1,466832.8656813347
2,466832.8656813347
3,434896.4510088938
4,357830.97653391864
5,357830.97653391864
6,331556.13760684966
7,303030.9038553645
8,303030.9038553645
9,278416.9574573123
10,274630.41430575436
11,262563.82594337576
12,253571.23704188605
13,236886.89670468404
14,230817.215809742
15,228133.92399450362
16,222193.87097539753
17,216543.17997448696
18,216543.17997448696
19,214890.805658329
20,214890.805658329
21,213949.13948112092
22,212444.60901159237
23,211204.50036694173
24,211204.50036694173
25,208758.30372020515
26,208758.30372020515
27,208758.30372020515
28,208758.30372020515
29,208758.30372020515
