,0
0,534737.4830394322
1,495440.5136842757
2,471822.267128994
3,443507.5834823934
4,427628.1038970206
5,395319.10657534294
6,393102.023155282
7,334773.6226181082
8,334773.6226181082
9,297349.5701543303
10,297349.5701543303
11,295233.8485479034
12,265595.1317236481
13,260960.30747403286
14,248815.74180091533
15,235691.7130596831
16,220252.41139241334
17,220252.41139241334
18,217524.3858053484
19,215172.6345986573
20,213928.29215161593
21,211204.50036694173
22,211204.50036694173
23,209829.72118872136
24,208758.30372020515
25,208758.30372020515
26,208758.30372020515
27,208758.30372020515
28,208758.30372020515
