,0
0,899180.0674090625
1,899180.0674090625
2,899180.0674090625
3,838342.2406256003
4,799374.9136673188
5,783660.9842764811
6,752020.7689482301
7,752020.7689482301
8,750076.8057530129
9,736982.4359108864
10,677275.9639220762
11,665747.1126416387
12,665747.1126416387
13,652512.9998966971
14,652512.9998966971
15,648866.569097338
16,641153.1622510027
17,626039.8624694698
18,601827.2537906298
19,601827.2537906298
20,583052.1223236747
21,583052.1223236747
22,583052.1223236747
23,578569.316440983
24,578569.316440983
25,570364.0807616884
26,560564.4195032667
27,556372.3103060937
28,556372.3103060937
29,556372.3103060937
30,556372.3103060937
31,537269.1446469277
32,537191.8986791259
33,537191.8986791259
34,535279.9780256104
35,535002.4526609196
36,535002.4526609196
37,524483.5355136619
38,524483.5355136619
39,524483.5355136619
40,522056.7609445883
41,522056.7609445883
42,522056.7609445883
43,519302.3315467913
44,519302.3315467913
45,519302.3315467913
46,519302.3315467913
47,519302.3315467913
48,518359.2346382173
49,518359.2346382173
50,518359.2346382173
51,518359.2346382173
52,518359.2346382173
