,0
0,563273.3431634026
1,490529.4048046404
2,477169.93806291086
3,462045.4866929775
4,377383.75867918343
5,355785.0836253036
6,355785.0836253036
7,355785.0836253036
8,291060.49238019035
9,291060.49238019035
10,270087.9690016896
11,267147.45565023524
12,246397.84585588152
13,241975.58456118143
14,230860.0117531186
15,225200.23247266054
16,219425.17384456546
17,217614.59744300318
18,216405.20205597676
19,209829.72118872136
20,209829.72118872136
21,208758.30372020515
22,208758.30372020515
23,208758.30372020515
24,208758.30372020515
25,208758.30372020515
