,0
0,564390.408317023
1,564390.408317023
2,530629.287552601
3,449609.0885556543
4,447414.1293599786
5,381010.6423335797
6,338608.0234904995
7,338608.0234904995
8,303983.719433379
9,283213.70715237194
10,283213.70715237194
11,283213.70715237194
12,261962.97111446215
13,237786.6880122475
14,227693.28524148642
15,227693.28524148642
16,221776.3225768503
17,215303.07132983633
18,215303.07132983633
19,211204.50036694173
20,211204.50036694173
21,211204.50036694173
22,210262.8341897337
23,210262.8341897337
24,208758.30372020515
25,208758.30372020515
26,208758.30372020515
27,208758.30372020515
28,208758.30372020515
