,0
0,496004.2084748153
1,496004.2084748153
2,477962.26519983885
3,433485.25104751263
4,373689.7510939985
5,373689.7510939985
6,347449.16995410714
7,327418.2844684768
8,315685.1570032092
9,308009.9549298346
10,282481.64295908133
11,274751.0133434217
12,255304.70226663328
13,249251.161282162
14,236322.0421979773
15,236322.0421979773
16,232734.2994209248
17,225610.50406649904
18,222974.7073464855
19,220697.9975153925
20,214936.45223634908
21,214936.45223634908
22,211962.7980743791
23,211962.7980743791
24,209829.72118872136
25,209829.72118872136
26,209829.72118872136
27,208758.30372020515
28,208758.30372020515
29,208758.30372020515
30,208758.30372020515
31,208758.30372020515
