,0
0,526457.1661062932
1,509478.07005033287
2,509478.07005033287
3,441188.7552525742
4,413869.2934273164
5,398578.4649007606
6,364780.4597375826
7,358473.39315011166
8,297166.42292074906
9,297166.42292074906
10,286122.5695930092
11,254167.88715976832
12,254167.88715976832
13,232881.108128216
14,232881.108128216
15,230307.2543004254
16,229601.48555915055
17,220934.66944688954
18,220934.66944688954
19,215421.7796521212
20,215421.7796521212
21,215421.7796521212
22,215421.7796521212
23,215421.7796521212
