,0
0,525549.7190983508
1,525549.7190983508
2,455038.01888720336
3,434159.4310586153
4,398769.2294404509
5,398769.2294404509
6,349419.82426486234
7,323447.54211063107
8,304593.0074228392
9,300456.22389724076
10,262105.58753534505
11,246299.83297199706
12,235301.31257168602
13,235301.31257168602
14,230793.7683817277
15,225406.84827757912
16,224459.78580985972
17,220535.53119790793
18,220535.53119790793
19,216849.22590652073
20,216849.22590652073
21,212726.4379519207
22,208758.30372020515
23,208758.30372020515
24,208758.30372020515
25,208758.30372020515
26,208758.30372020515
