,0
0,877476.9144192863
1,877476.9144192863
2,827146.7220594005
3,825202.3237779215
4,825202.3237779215
5,782353.1521148449
6,782353.1521148449
7,782353.1521148449
8,739384.7575643723
9,696123.7717035061
10,696123.7717035061
11,627006.338177679
12,627006.338177679
13,627006.338177679
14,627006.338177679
15,617956.6634012411
16,617956.6634012411
17,604031.7580241918
18,591663.0890947034
19,573613.6379564579
20,573613.6379564579
21,571190.7911676969
22,571190.7911676969
23,571190.7911676969
24,555434.0913852697
25,552016.6995794536
26,552016.6995794536
27,552016.6995794536
28,552016.6995794536
29,549376.8303502608
30,549376.8303502608
31,537923.4974435173
32,535541.0052304104
33,535541.0052304104
34,535541.0052304104
35,534768.2611492897
36,534768.2611492897
37,530918.5578960368
38,530918.5578960368
39,527836.4634121037
40,527836.4634121037
41,527836.4634121037
42,527836.4634121037
43,527836.4634121037
44,526357.831759372
45,526357.831759372
46,523174.0664303167
47,523174.0664303167
48,521302.85569529404
49,521302.85569529404
50,521302.85569529404
51,520296.18538766645
52,514501.4611381479
53,514501.4611381479
54,514501.4611381479
55,513558.364229574
56,513558.364229574
57,513558.364229574
58,513432.13632678136
59,513432.13632678136
60,513432.13632678136
61,513432.13632678136
62,513432.13632678136
63,512489.0394182074
64,512489.0394182074
65,512489.0394182074
66,512489.0394182074
67,512489.0394182074
