,0
0,564051.581073457
1,487814.1092094421
2,487814.1092094421
3,436394.4748287173
4,413979.4023339141
5,394584.8534365456
6,347608.38163209724
7,338012.61785057513
8,302542.3668287005
9,302542.3668287005
10,302542.3668287005
11,283200.97853189043
12,250023.0272212946
13,250023.0272212946
14,250023.0272212946
15,237852.8378352151
16,227212.18979098386
17,227212.18979098386
18,223338.5468898477
19,215971.1573996189
20,215971.1573996189
21,215971.1573996189
22,208758.30372020515
23,208758.30372020515
24,208758.30372020515
25,208758.30372020515
26,208758.30372020515
