,0
0,553834.4682412477
1,526085.5312191172
2,377294.98591453314
3,377294.98591453314
4,362894.57174594834
5,362894.57174594834
6,362894.57174594834
7,346605.22599555616
8,304624.52205567947
9,298673.88276245724
10,292433.93669768586
11,258932.87701023414
12,258293.74225422094
13,258024.67234178836
14,240315.07704295393
15,225171.28414112
16,225171.28414112
17,225171.28414112
18,217476.61952449297
19,208758.30372020515
20,208758.30372020515
21,208758.30372020515
22,208758.30372020515
23,208758.30372020515
