,0
0,524335.8227622217
1,524335.8227622217
2,482873.54288370704
3,463996.6491639814
4,424490.44653370394
5,418777.415661096
6,384418.94131568406
7,349771.64908908913
8,308821.30674089823
9,278280.69940058916
10,273330.96862617816
11,249512.98276763433
12,249512.98276763433
13,226034.24189555133
14,226034.24189555133
15,226034.24189555133
16,226034.24189555133
17,226034.24189555133
18,216244.05206717353
19,212275.91783545795
20,212275.91783545795
21,212275.91783545795
22,212275.91783545795
23,212275.91783545795
24,211204.50036694173
25,211204.50036694173
26,211204.50036694173
27,211204.50036694173
28,211204.50036694173
