,0
0,487283.8330771258
1,469043.3966707024
2,452240.4725481262
3,434810.8695516323
4,397111.1768861513
5,355301.38972221554
6,308647.47987124044
7,308647.47987124044
8,308647.47987124044
9,302815.8130547228
10,282378.5510440453
11,279438.31301063043
12,245018.70446839163
13,245018.70446839163
14,237142.3993171723
15,229790.96316968757
16,229790.96316968757
17,217132.7865057899
18,217132.7865057899
19,213516.0264801086
20,211204.50036694173
21,209829.72118872136
22,209829.72118872136
23,208758.30372020515
24,208758.30372020515
25,208758.30372020515
26,208758.30372020515
27,208758.30372020515
