,0
0,579523.3234109337
1,505113.09920577495
2,505113.09920577495
3,483791.3198467874
4,483791.3198467874
5,461749.48948980175
6,437153.6572656191
7,418185.53302316536
8,409210.4335535889
9,371874.35726318095
10,344612.3878925612
11,334293.55214346823
12,321118.2300467862
13,308061.4483370545
14,286759.59528981126
15,286759.59528981126
16,268535.74437197036
17,268535.74437197036
18,268535.74437197036
19,268535.74437197036
20,256411.79245946885
21,251594.61590782556
22,236961.7710430119
23,236961.7710430119
24,236961.7710430119
25,236961.7710430119
26,216734.7972771605
27,216734.7972771605
28,216734.7972771605
29,212766.66304544496
30,212766.66304544496
31,212766.66304544496
32,212766.66304544496
33,212766.66304544496
