,0
0,509557.3701867052
1,509557.3701867052
2,509557.3701867052
3,473332.851804127
4,473332.851804127
5,442036.2645553624
6,393364.6032587522
7,393364.6032587522
8,341949.75603022083
9,341949.75603022083
10,341949.75603022083
11,341949.75603022083
12,331843.43378370465
13,310888.80892355856
14,284298.83959187136
15,284298.83959187136
16,284298.83959187136
17,275156.90619195986
18,275156.90619195986
19,275156.90619195986
20,258083.45438803025
21,250070.17988255224
22,250070.17988255224
23,244019.61906420885
24,244019.61906420885
25,233822.24408991367
26,231909.1399826329
27,221492.52003706398
28,221492.52003706398
29,221492.52003706398
30,217524.3858053484
31,217524.3858053484
32,216715.29605145592
33,213431.92176682054
34,212766.66304544496
35,212766.66304544496
36,212766.66304544496
37,209829.72118872136
38,209829.72118872136
39,209829.72118872136
40,209829.72118872136
41,209829.72118872136
