,0
0,510642.306121545
1,462445.3735838298
2,462445.3735838298
3,462445.3735838298
4,453584.55461317615
5,453584.55461317615
6,414663.214340882
7,378596.4323802198
8,378596.4323802198
9,378596.4323802198
10,313787.3155391411
11,313787.3155391411
12,313787.3155391411
13,313787.3155391411
14,309713.699347896
15,309713.699347896
16,300096.0161905764
17,277955.16946632334
18,249959.25290426333
19,249959.25290426333
20,249959.25290426333
21,244558.23187250967
22,244558.23187250967
23,239493.01242709527
24,239493.01242709527
25,239493.01242709527
26,226884.7345705882
27,226884.7345705882
28,226884.7345705882
29,226075.64481669568
30,226075.64481669568
31,226075.64481669568
32,224711.18637593155
33,219108.0849435084
34,219108.0849435084
35,219108.0849435084
36,216926.31012164973
37,215282.88466426087
38,215282.88466426087
39,210262.8341897337
40,210262.8341897337
41,210262.8341897337
42,210262.8341897337
43,210262.8341897337
