,0
0,524456.6069668282
1,524456.6069668282
2,501330.3469520935
3,446407.3123083384
4,431346.7434824336
5,386274.6732878148
6,353699.2207418301
7,352250.52753233956
8,326361.4400585977
9,277546.3872309251
10,277546.3872309251
11,268937.59788626
12,248317.1907014734
13,246589.53833305062
14,243038.68613458014
15,241840.63419653077
16,234668.4207724018
17,221113.47700848474
18,221113.47700848474
19,217511.27643038557
20,213516.0264801086
21,212726.4379519207
22,208758.30372020515
23,208758.30372020515
24,208758.30372020515
25,208758.30372020515
26,208758.30372020515
