,0
0,560177.8507505564
1,535505.1951483821
2,479344.69544802717
3,465246.38765154505
4,426639.12543810275
5,406353.50185243966
6,395473.4951533296
7,356402.04259002686
8,325825.77293150796
9,281454.2406617383
10,281454.2406617383
11,262387.240044424
12,262387.240044424
13,262387.240044424
14,231828.11043601533
15,231828.11043601533
16,228073.9626872014
17,228073.9626872014
18,220053.72026069468
19,220053.72026069468
20,218357.62772712667
21,214408.9947211157
22,214408.9947211157
23,213467.32854390764
24,211962.7980743791
25,211962.7980743791
26,209829.72118872136
27,208758.30372020515
28,208758.30372020515
29,208758.30372020515
30,208758.30372020515
31,208758.30372020515
