,0
0,529052.998212937
1,529052.998212937
2,503748.56066069513
3,424574.3273492211
4,401668.9107480615
5,401668.9107480615
6,363916.4216822991
7,363916.4216822991
8,349125.22420809715
9,343762.48409546615
10,292927.32111987704
11,292927.32111987704
12,270318.13728489634
13,270318.13728489634
14,258798.24388535385
15,245045.8821379561
16,245045.8821379561
17,238274.71768625005
18,235436.1569856925
19,234939.7866008971
20,231621.1632596944
21,227653.02902797883
22,227522.59229679982
23,218353.75637604925
24,218329.53938434384
25,214361.40515262826
26,210262.8341897337
27,210262.8341897337
28,208758.30372020515
29,208758.30372020515
30,208758.30372020515
31,208758.30372020515
32,208758.30372020515
