,0
0,562459.5610971563
1,544405.857606053
2,497926.90913833515
3,497926.90913833515
4,456428.61886926094
5,350423.6580005077
6,350423.6580005077
7,337378.4006526346
8,290634.2226592952
9,290634.2226592952
10,290634.2226592952
11,277636.38409269624
12,255089.01333976115
13,246615.66465081833
14,246615.66465081833
15,246615.66465081833
16,234585.59491537465
17,227717.50223319186
18,223725.15100977084
19,219309.20864913982
20,217530.4927297151
21,216807.60179936487
22,211204.50036694173
23,209829.72118872136
24,208758.30372020515
25,208758.30372020515
26,208758.30372020515
27,208758.30372020515
28,208758.30372020515
