,0
0,539039.9784672612
1,474407.0583658589
2,381395.02976431587
3,381395.02976431587
4,381395.02976431587
5,357809.8179678479
6,352685.3569849088
7,343475.72390098585
8,297877.6422642997
9,293812.09553721524
10,284392.2720841779
11,254111.89311871442
12,229148.0496584493
13,229148.0496584493
14,227643.51918892076
15,218840.6169217866
16,218840.6169217866
17,215342.61098348972
18,215342.61098348972
19,215342.61098348972
20,213778.35419473232
21,211334.2516582499
22,211334.2516582499
23,209829.72118872136
24,208758.30372020515
25,208758.30372020515
26,208758.30372020515
27,208758.30372020515
28,208758.30372020515
