,0
0,584104.7285132054
1,535182.7194566233
2,481053.50773481646
3,461418.6585420447
4,421618.38224642014
5,371263.78807555337
6,344198.673999135
7,344198.673999135
8,318278.26672980015
9,285782.7248808189
10,262406.1218082224
11,250242.79266247823
12,238391.27526213403
13,227806.15289606902
14,227806.15289606902
15,227806.15289606902
16,227806.15289606902
17,218506.88024413944
18,218506.88024413944
19,218234.91723193033
20,215030.42287775635
21,215030.42287775635
22,214230.96842144924
23,213034.2155428953
24,211334.2516582499
25,209829.72118872136
26,208758.30372020515
27,208758.30372020515
28,208758.30372020515
29,208758.30372020515
30,208758.30372020515
