,0
0,527015.1619447201
1,519194.2409878613
2,494672.91042468406
3,441061.1167315734
4,426948.6933710808
5,403674.9074779451
6,352609.6440162297
7,341335.0941703623
8,287825.06268039916
9,287825.06268039916
10,253779.4877121083
11,253779.4877121083
12,252274.0735261254
13,249975.62785128035
14,237269.23667162593
15,236920.71013345994
16,228303.73910229435
17,228303.73910229435
18,221996.34345002647
19,218815.06027028072
20,213780.4483049865
21,213780.4483049865
22,212709.03083647028
23,212275.91783545795
24,212275.91783545795
25,211204.50036694173
26,211204.50036694173
27,208758.30372020515
28,208758.30372020515
29,208758.30372020515
30,208758.30372020515
31,208758.30372020515
