,0
0,3281329.7098214407
1,3211384.7473290423
2,3179572.1335203135
3,3085936.8125894032
4,2872575.874634403
5,2872575.874634403
6,2758662.9463234087
7,2758662.9463234087
8,2672112.10629805
9,2653806.548016214
10,2653806.548016214
11,2617857.2753335726
12,2575224.388622999
13,2570286.7479209267
14,2565928.3380767233
15,2551009.8237118702
16,2514505.618434178
17,2482948.079386037
18,2482948.079386037
19,2482948.079386037
20,2416760.5193168526
21,2416760.5193168526
22,2406778.510234476
23,2406778.510234476
24,2406778.510234476
25,2397277.3262235024
26,2388402.5988557977
27,2373232.598804679
28,2367020.855064344
29,2355246.5860154214
30,2331234.023037622
31,2301371.986087608
32,2282148.2861437197
33,2282148.2861437197
34,2282148.2861437197
35,2266517.021715456
36,2265723.7274941234
37,2233489.8842466767
38,2233489.8842466767
39,2223687.5992323025
40,2215755.830552356
41,2213760.902558171
42,2198336.1431365395
43,2192309.56559339
44,2192309.56559339
45,2184654.705238286
46,2176817.5651625264
47,2163750.607318654
48,2153996.709313473
49,2153996.709313473
50,2140093.9221624946
51,2140093.9221624946
52,2125349.3065518546
53,2125349.3065518546
54,2125349.3065518546
55,2125349.3065518546
56,2118823.6705318047
57,2118491.0972972033
58,2111698.862234721
59,2102190.956202735
60,2102190.956202735
61,2081349.3765084737
62,2081349.3765084737
63,2081349.3765084737
64,2081349.3765084737
65,2068962.4026861493
66,2068962.4026861493
67,2068962.4026861493
68,2065093.047670535
69,2064935.5582620765
70,2064935.5582620765
71,2062725.059536615
72,2061216.862557934
73,2055933.4634421829
74,2053047.3645241638
75,2053047.3645241638
76,2052894.3886860316
77,2047073.2140158853
78,2047073.2140158853
79,2046396.9562574292
80,2045772.108288033
81,2044655.6651469248
82,2043821.1099199948
83,2040407.3452132843
84,2036852.1864219897
85,2034676.6064004635
86,2029723.756369871
87,2029723.756369871
88,2029723.756369871
89,2026999.6510137122
90,2024841.3401364968
91,2024841.3401364968
92,2024841.3401364968
93,2022510.1969067715
94,2022510.1969067715
95,2022510.1969067715
96,2020886.6052178415
97,2020886.6052178415
98,2020886.6052178415
99,2019240.9511199559
100,2019240.9511199559
101,2019240.9511199559
102,2019240.9511199559
103,2019240.9511199559
