,0
0,2984958.3743563644
1,2891865.2204545
2,2838577.994563275
3,2703489.547906422
4,2670552.0061119907
5,2484516.0305883097
6,2436657.2599452254
7,2191866.705847408
8,2133110.179673879
9,2110501.135031214
10,2027592.9011837745
11,1933742.19314937
12,1926255.0559451806
13,1888734.4089224015
14,1658822.954087017
15,1658822.954087017
16,1588781.9956713319
17,1484059.1144264485
18,1484059.1144264485
19,1484059.1144264485
20,1459313.5118251904
21,1410309.4884280544
22,1388478.993078265
23,1311007.9897082888
24,1306151.6350967598
25,1267505.4311894712
26,1227252.6991050697
27,1217952.0524120133
28,1217952.0524120133
29,1167157.019137898
30,1147525.3461770841
31,1144238.6570155045
32,1120021.9627248147
33,1120021.9627248147
34,1119041.3232343856
35,1117868.4433007115
36,1114983.1163685876
37,1100537.45595051
38,1092455.768729162
39,1092317.655394568
40,1087895.2454847964
41,1085608.4742496843
42,1082854.834286176
43,1077462.9751345515
44,1077462.9751345515
45,1074885.4827424234
46,1072960.9123083327
47,1072960.9123083327
48,1072706.684532812
49,1067387.3726562895
50,1067387.3726562895
51,1066466.4468852966
52,1065609.5080749835
53,1064688.5823039906
54,1064622.0773453715
55,1063404.74951912
56,1063404.74951912
57,1063404.74951912
58,1063404.74951912
59,1063236.7659161605
60,1063185.8770594432
61,1062593.6707805102
62,1061952.9331312901
63,1061952.9331312901
64,1061952.9331312901
65,1061952.9331312901
66,1061952.9331312901
