,0
0,3139132.4071812667
1,3139132.4071812667
2,3068762.509505487
3,3037764.450891206
4,3026891.9477219307
5,2903402.841169705
6,2903402.841169705
7,2792667.15814123
8,2792667.15814123
9,2759876.634578242
10,2722886.7712980676
11,2666033.031943856
12,2618891.447580223
13,2578326.5662000393
14,2572815.19031531
15,2570660.963913262
16,2537515.4874513075
17,2530139.4747619536
18,2530139.4747619536
19,2434628.403641369
20,2434628.403641369
21,2410127.956065695
22,2410127.956065695
23,2410127.956065695
24,2404241.4220470325
25,2321192.562038849
26,2321192.562038849
27,2321192.562038849
28,2313933.6842258624
29,2313933.6842258624
30,2313933.6842258624
31,2313933.6842258624
32,2300613.7690844
33,2300613.7690844
34,2300613.7690844
35,2297277.702506196
36,2295390.9471152597
37,2269283.48418691
38,2269283.48418691
39,2262148.2741810284
40,2242309.264239197
41,2229394.5803274526
42,2223616.2302993075
43,2191571.952416804
44,2155452.245342585
45,2155452.245342585
46,2155452.245342585
47,2155452.245342585
48,2145283.298497446
49,2138850.4369937284
50,2138850.4369937284
51,2111474.5729871234
52,2105291.065428428
53,2105291.065428428
54,2099609.1494964105
55,2095616.4553677784
56,2078214.1794551336
57,2073922.92774338
58,2058704.3316012756
59,2058704.3316012756
60,2046372.0881790828
61,2046372.0881790828
62,2038854.7288633655
63,2038854.7288633655
64,2029883.5080600034
65,2029883.5080600034
66,2026279.6739421347
67,2022365.868839952
68,2022365.868839952
69,2022365.868839952
70,2015802.224228011
71,2013814.3601974298
72,2011196.9132239851
73,2011196.9132239851
74,2008750.3779466916
75,2007123.254338413
76,2003138.05589024
77,2003138.05589024
78,2000582.0121878113
79,1999626.4967503063
80,1996149.0041156537
81,1992117.1805320056
82,1991268.1392819444
83,1991268.1392819444
84,1991268.1392819444
85,1991268.1392819444
86,1991268.1392819444
