,0
0,2034873.8596372842
1,1958348.5866280436
2,1922372.8091063574
3,1867944.3081278442
4,1817039.561591922
5,1639197.9565415536
6,1554859.9098828486
7,1554859.9098828486
8,1482388.7091334462
9,1437165.548999458
10,1379054.4199284732
11,1295290.0925935516
12,1258682.6573507735
13,1109233.954041992
14,1109233.954041992
15,1109233.954041992
16,1058364.8233710772
17,1058364.8233710772
18,1000521.2815789926
19,995600.7129107976
20,968730.6781957055
21,935210.1344786371
22,854585.3085409376
23,854585.3085409376
24,821413.4962156712
25,813711.1497607536
26,789942.2799495305
27,776891.0215178811
28,768101.1024337129
29,768101.1024337129
30,755992.0727746639
31,750061.9471529722
32,742954.1308093499
33,739215.3466565447
34,720483.0838512384
35,715009.33051904
36,715009.33051904
37,712139.4829013564
38,712139.4829013564
39,703839.6643435811
40,703839.6643435811
41,703839.6643435811
42,701682.3661628515
43,701682.3661628515
44,698150.0828981999
45,694747.9989825424
46,694747.9989825424
47,693175.9417349321
48,689564.2504225532
49,689564.2504225532
50,688296.3732049911
51,688296.3732049911
52,685296.2687327159
53,685296.2687327159
54,683044.0520755274
55,682866.9846732313
56,681430.9273689539
57,681159.6970750844
58,679641.5541975809
59,679641.5541975809
60,678739.5455278904
61,678739.5455278904
62,678658.3931546216
63,678658.3931546216
64,678658.3931546216
65,678658.3931546216
66,678418.7531895052
67,678418.7531895052
68,678418.7531895052
69,678418.7531895052
70,678418.7531895052
