,0
0,2909413.7182633597
1,2687657.6998483026
2,2677444.7838092456
3,2559707.25700385
4,2492713.257711684
5,2293168.541292078
6,2252428.5066014365
7,2231673.259959174
8,2108816.527525797
9,2105322.382066759
10,2043613.86409895
11,1959005.6589308367
12,1857499.241500837
13,1829609.8017610942
14,1797344.4837628978
15,1781039.499585627
16,1712304.262343922
17,1648703.7044448142
18,1643633.957195159
19,1603232.5607121645
20,1573114.0331672395
21,1557480.9692289706
22,1534855.1443503061
23,1503378.744283047
24,1471821.4657780547
25,1458177.7285393837
26,1433501.0445178424
27,1384806.620189261
28,1384806.620189261
29,1383511.9215742836
30,1370453.7020226712
31,1355416.5447647243
32,1330833.7101616133
33,1330158.3635691826
34,1299126.8274117624
35,1299126.8274117624
36,1299126.8274117624
37,1276658.2671755473
38,1276606.1584034152
39,1261725.7273280188
40,1261725.7273280188
41,1255846.0432640666
42,1255846.0432640666
43,1249280.0223222305
44,1242006.0912577277
45,1242006.0912577277
46,1230381.0800707492
47,1230381.0800707492
48,1230381.0800707492
49,1230381.0800707492
50,1230381.0800707492
