,0
0,3279188.8114053304
1,3155535.0050520506
2,3144847.594413917
3,3027545.629149371
4,2808243.588867374
5,2808243.588867374
6,2746918.752126627
7,2742966.3481506472
8,2712686.959229095
9,2712686.959229095
10,2699319.137469287
11,2658298.807381208
12,2635273.6817985815
13,2629018.198302289
14,2542597.926133876
15,2542597.926133876
16,2487178.4809038965
17,2487178.4809038965
18,2487178.4809038965
19,2487178.4809038965
20,2472075.5407638643
21,2472075.5407638643
22,2451057.6608999083
23,2408215.954791792
24,2408215.954791792
25,2408215.954791792
26,2393271.6832088674
27,2356046.945409319
28,2356046.945409319
29,2340075.329250053
30,2340075.329250053
31,2323610.2672663014
32,2253711.3110521324
33,2253711.3110521324
34,2253711.3110521324
35,2253711.3110521324
36,2253711.3110521324
