,0
0,1951547.0835033169
1,1941558.42697474
2,1850194.9314442293
3,1850194.9314442293
4,1644443.7201450828
5,1614150.8682864865
6,1500463.7909882425
7,1497119.9761883125
8,1397357.242516248
9,1334371.366537861
10,1207765.2784779523
11,1207765.2784779523
12,1126654.613639141
13,1039519.0015450383
14,1039519.0015450383
15,954225.4741291504
16,929703.5206750405
17,929703.5206750405
18,881362.0043645583
19,854675.3160786846
20,854675.3160786846
21,814998.0364071252
22,801964.0034615317
23,798991.9241277534
24,762392.4166613788
25,755431.6295913002
26,754346.5879079911
27,738366.1776602459
28,714611.0333760517
29,714611.0333760517
30,714611.0333760517
31,714611.0333760517
32,704837.2130735893
33,704837.2130735893
34,704837.2130735893
35,695866.2066136556
36,695866.2066136556
37,695328.9205841104
38,693107.5887147795
39,692021.5868178712
40,686732.8865930556
41,686732.8865930556
42,685240.1015024075
43,683385.8933974459
44,683385.8933974459
45,679929.6887581438
46,678141.2045138743
47,675303.1418920727
48,674336.4750894622
49,671934.0331447097
50,670292.1359433379
51,668998.8760714486
52,668799.3508526898
53,668799.3508526898
54,668633.7843240455
55,668091.5182430978
56,668091.5182430978
57,668091.5182430978
58,667382.42401084
59,667382.42401084
60,667382.42401084
61,667182.8987920814
62,666943.258826965
63,666943.258826965
64,666943.258826965
65,666777.6922983207
66,666777.6922983207
67,666777.6922983207
68,666777.6922983207
69,666777.6922983207
