,0
0,3423690.7493619653
1,3220405.292912994
2,3107948.3637006907
3,2993185.0391776683
4,2974750.1921147928
5,2813844.8490877673
6,2813844.8490877673
7,2743884.8473037053
8,2743884.8473037053
9,2743884.8473037053
10,2672288.907481721
11,2660749.027929134
12,2509837.526580494
13,2509837.526580494
14,2509837.526580494
15,2481595.071607941
16,2481595.071607941
17,2481595.071607941
18,2481595.071607941
19,2481595.071607941
20,2476348.0699065938
21,2419126.941636993
22,2419126.941636993
23,2397001.4899897785
24,2397001.4899897785
25,2360875.4515667595
26,2360875.4515667595
27,2360875.4515667595
28,2351907.9227682804
29,2262175.9254001426
30,2262175.9254001426
31,2262175.9254001426
32,2262175.9254001426
33,2250772.404252931
34,2250772.404252931
35,2250772.404252931
36,2250772.404252931
37,2243293.507580455
38,2194814.9134465912
39,2194814.9134465912
40,2194814.9134465912
41,2194814.9134465912
42,2176548.113843686
43,2176548.113843686
44,2176548.113843686
45,2176342.618908135
46,2150070.4286386603
47,2128467.0410627294
48,2128467.0410627294
49,2128467.0410627294
50,2128467.0410627294
51,2128467.0410627294
