,0
0,3403032.0805813465
1,3193918.5848444044
2,3143218.4920692635
3,3085355.034186638
4,3085355.034186638
5,3078363.890523057
6,2857915.5587835102
7,2857915.5587835102
8,2829524.1550668366
9,2681410.2484356184
10,2681410.2484356184
11,2681410.2484356184
12,2681410.2484356184
13,2681410.2484356184
14,2599899.190886539
15,2592086.1166658793
16,2592086.1166658793
17,2592086.1166658793
18,2592086.1166658793
19,2551487.5472150273
20,2543307.0375635303
21,2522657.442339256
22,2522657.442339256
23,2522657.442339256
24,2466207.1967002274
25,2466207.1967002274
26,2424826.9094075323
27,2424826.9094075323
28,2424826.9094075323
29,2424826.9094075323
30,2413932.942385889
31,2398677.6256349036
32,2381467.756868951
33,2368552.217237226
34,2359387.7896058178
35,2340139.0408708523
36,2340139.0408708523
37,2332693.6840661787
38,2322120.860925609
39,2317439.286754748
40,2291109.0933656134
41,2283525.425933764
42,2283525.425933764
43,2265091.164113526
44,2265091.164113526
45,2215453.190552602
46,2215453.190552602
47,2215453.190552602
48,2215453.190552602
49,2215453.190552602
50,2201048.612492685
51,2201048.612492685
52,2200822.5967284525
53,2195446.961921412
54,2175563.9535467634
55,2175563.9535467634
56,2175563.9535467634
57,2169626.6510239076
58,2168034.8888437594
59,2164171.141493814
60,2161839.0361385434
61,2161839.0361385434
62,2161839.0361385434
63,2160243.902097137
64,2160243.902097137
65,2159531.975092296
66,2156451.3711955333
67,2155179.9788688165
68,2155179.9788688165
69,2152604.3017476583
70,2152604.3017476583
71,2152604.3017476583
72,2152604.3017476583
73,2152604.3017476583
