,0
0,1956221.7291204329
1,1956221.7291204329
2,1756119.740193129
3,1756119.740193129
4,1668023.4381427218
5,1650549.5288434057
6,1531806.562077476
7,1529106.5402588057
8,1355683.5883409472
9,1355683.5883409472
10,1355683.5883409472
11,1262337.345468163
12,1259987.5617898763
13,1138693.2866634768
14,1138693.2866634768
15,1126341.4877971592
16,1039535.7557266188
17,979834.2398957525
18,955668.237733337
19,928143.7289202472
20,896062.1138835588
21,864947.3565576092
22,837731.8070256781
23,810029.6834346704
24,810029.6834346704
25,810029.6834346704
26,801705.233699437
27,773299.2021170015
28,773299.2021170015
29,755890.9442039024
30,750432.657966112
31,740342.1420966972
32,732869.0561928413
33,721818.2054294635
34,721818.2054294635
35,720289.4935423249
36,720132.0200990231
37,714702.158820549
38,706198.5430775541
39,706198.5430775541
40,703495.384446513
41,701493.2593633685
42,692609.5102739686
43,692609.5102739686
44,692609.5102739686
45,686691.4096039275
46,686691.4096039275
47,686269.3519340341
48,684604.6733393867
49,679359.1258776785
50,679359.1258776785
51,677981.0839929418
52,675803.9400011053
53,673680.9995901838
54,673680.9995901838
55,673680.9995901838
56,673680.9995901838
57,673018.6308856097
58,673018.6308856097
59,672853.0643569654
60,672853.0643569654
61,672853.0643569654
62,672853.0643569654
63,672853.0643569654
64,672822.5846934079
65,672699.5226903241
66,672699.5226903241
67,672699.5226903241
68,672699.5226903241
69,672699.5226903241
