,0
0,3044134.228296271
1,3044134.228296271
2,2954555.716583738
3,2954555.716583738
4,2954555.716583738
5,2868595.61146643
6,2868595.61146643
7,2799537.398587217
8,2799537.398587217
9,2670818.1958039277
10,2670818.1958039277
11,2670818.1958039277
12,2670818.1958039277
13,2598432.1108785444
14,2539850.795679052
15,2498223.035655702
16,2498223.035655702
17,2498223.035655702
18,2472830.85438976
19,2460603.36915444
20,2437523.031953107
21,2417835.125722104
22,2380334.3214106695
23,2335444.862558774
24,2335444.862558774
25,2335444.862558774
26,2335444.862558774
27,2323748.142643949
28,2291620.824766167
29,2278910.2713683355
30,2268938.4802244855
31,2253403.872439965
32,2248963.5844565034
33,2246341.396704231
34,2206588.6941619846
35,2206133.1713857376
36,2206133.1713857376
37,2193705.538335376
38,2189404.5581620275
39,2189404.5581620275
40,2185767.5464073466
41,2163140.015110636
42,2163140.015110636
43,2163140.015110636
44,2163140.015110636
45,2155782.0461346214
46,2155538.1002553455
47,2154933.339131666
48,2142801.1550663095
49,2142579.3744273386
50,2142579.3744273386
51,2134605.3514799047
52,2134605.3514799047
53,2134605.3514799047
54,2134342.409390937
55,2134342.409390937
56,2131819.1471059667
57,2130237.746683087
58,2128931.465547004
59,2124367.29769125
60,2123622.521703424
61,2123575.7351961304
62,2122594.6014124965
63,2121246.1594473883
64,2121241.7826068257
65,2121241.7826068257
66,2121241.7826068257
67,2110057.1283187587
68,2110057.1283187587
69,2110057.1283187587
70,2107723.175729454
71,2107115.1329116095
72,2107115.1329116095
73,2105541.492004389
74,2105541.492004389
75,2104184.2963581556
76,2104184.2963581556
77,2104184.2963581556
78,2104184.2963581556
79,2104184.2963581556
