,0
0,2874757.967774314
1,2789839.6699083103
2,2643023.751070363
3,2522088.3383509642
4,2522088.3383509642
5,2430055.771963578
6,2281744.1710154926
7,2281744.1710154926
8,2188672.092700387
9,2133415.7359975786
10,2056137.140108657
11,2024443.1345155025
12,1853444.2485094916
13,1805863.551602975
14,1805863.551602975
15,1771897.0395336782
16,1771897.0395336782
17,1754195.869850422
18,1660613.7337041532
19,1591095.9247853833
20,1591095.9247853833
21,1552722.6944031399
22,1531024.2829579012
23,1467228.2530132537
24,1467228.2530132537
25,1407309.5160950548
26,1369503.2374495335
27,1351178.3785074141
28,1310540.4705952615
29,1310540.4705952615
30,1281828.1391957973
31,1281828.1391957973
32,1250045.2232309764
33,1244423.8246527812
34,1238036.795748629
35,1223215.2178725596
36,1207054.9653370264
37,1203904.55018068
38,1199930.329835845
39,1188387.9192226874
40,1184292.561907043
41,1177287.485764903
42,1174210.955131957
43,1171004.3957554584
44,1161430.571454463
45,1155912.5288462108
46,1155912.5288462108
47,1149158.6819148853
48,1147532.5614909728
49,1147532.5614909728
50,1142706.243087229
51,1140822.6665891246
52,1135595.8537196112
53,1134745.2445281253
54,1134180.2860237535
55,1131440.4521119075
56,1129223.1987285886
57,1129223.1987285886
58,1125057.686288187
59,1125057.686288187
60,1123642.1185923296
61,1123642.1185923296
62,1123642.1185923296
63,1123642.1185923296
64,1121174.6671075178
65,1121174.6671075178
66,1121174.6671075178
67,1121174.6671075178
68,1121174.6671075178
