,0
0,3363830.4919689335
1,3314924.3185615386
2,3238521.1520988364
3,3091361.5633235923
4,3090675.7301330403
5,2851900.713131959
6,2821644.8754658303
7,2812882.4323903657
8,2749509.984384161
9,2746384.3879052754
10,2687872.200038307
11,2687872.200038307
12,2632658.6189400433
13,2632658.6189400433
14,2632658.6189400433
15,2587866.8047578936
16,2550561.301447906
17,2546255.315988793
18,2493237.7662723213
19,2487878.9812107356
20,2487878.9812107356
21,2432649.2847363558
22,2432649.2847363558
23,2411805.4729984053
24,2411805.4729984053
25,2371392.0876320847
26,2344105.1033105114
27,2344105.1033105114
28,2344105.1033105114
29,2341928.3806764013
30,2310322.828621291
31,2310322.828621291
32,2271337.67729545
33,2271337.67729545
34,2245082.4108030954
35,2245082.4108030954
36,2244814.3005958362
37,2244814.3005958362
38,2236928.2673580716
39,2215226.4593352107
40,2215226.4593352107
41,2208857.5898800474
42,2205857.7735596215
43,2188142.7419721796
44,2182078.924373284
45,2182078.924373284
46,2181437.2924674996
47,2170798.5850863876
48,2167754.634855502
49,2157749.687613797
50,2155619.3213853077
51,2141050.6393707236
52,2141050.6393707236
53,2141050.6393707236
54,2140648.833964559
55,2136160.9585283767
56,2136160.9585283767
57,2135621.998012958
58,2124005.951441999
59,2124005.951441999
60,2124005.951441999
61,2124005.951441999
62,2124005.951441999
63,2118165.9584533675
64,2118165.9584533675
65,2118165.9584533675
66,2113489.9100648
67,2113489.9100648
68,2113489.9100648
69,2105727.360390395
70,2103721.1146609634
71,2103721.1146609634
72,2103721.1146609634
73,2102664.117823827
74,2102664.117823827
75,2102664.117823827
76,2102664.117823827
77,2090522.1167894746
78,2090522.1167894746
79,2090522.1167894746
80,2088580.2952473615
81,2088580.2952473615
82,2088580.2952473615
83,2088580.2952473615
84,2088580.2952473615
