,0
0,2773122.58265179
1,2773122.58265179
2,2543447.206004151
3,2392591.4113707608
4,2124884.7618150986
5,2124884.7618150986
6,2002190.2099372137
7,1892605.5531272641
8,1771940.9993971237
9,1771940.9993971237
10,1653020.4601029514
11,1579454.045052457
12,1529606.4071732415
13,1478570.9348339543
14,1336571.5541959996
15,1336571.5541959996
16,1336571.5541959996
17,1287278.1626333962
18,1225723.3235525687
19,1207678.1099416318
20,1207678.1099416318
21,1193594.882466812
22,1159640.4821312667
23,1112323.3929582606
24,1097878.0308803695
25,1089112.024717736
26,1081779.3132393842
27,1061308.4118751974
28,1034507.6992156408
29,1024927.101360997
30,1015827.7820996889
31,1011122.7367112935
32,989260.3252847845
33,989260.3252847845
34,982769.5410700003
35,981792.0837682508
36,968557.1335777126
37,968557.1335777126
38,961978.9818134852
39,961978.9818134852
40,957182.9383266224
41,950532.3741206574
42,948810.4871482918
43,945381.872247027
44,944003.1943155165
45,941816.4736898275
46,941007.129436124
47,939263.2205819425
48,939263.2205819425
49,935620.0858231026
50,935620.0858231026
51,934956.1507311678
52,932103.4447717306
53,932103.4447717306
54,932103.4447717306
55,931975.3240778765
56,931975.3240778765
57,931975.3240778765
58,931975.3240778765
59,931975.3240778765
