,0
0,2810831.81093309
1,2484840.130741287
2,2484840.130741287
3,2484840.130741287
4,2432637.6538856495
5,2382559.173937122
6,2257163.1541014947
7,2128949.9317319994
8,2074097.6202702248
9,2034265.1787995517
10,1973280.7566518274
11,1932904.2435268732
12,1898005.8242180198
13,1847089.172408859
14,1715639.1528474805
15,1713892.9087769664
16,1641781.500221772
17,1641781.500221772
18,1542747.3531473351
19,1542747.3531473351
20,1516623.398235181
21,1496999.988892437
22,1496999.988892437
23,1467515.9747876672
24,1444441.0747018408
25,1409507.234378333
26,1347733.3622698619
27,1347733.3622698619
28,1347733.3622698619
29,1347733.3622698619
30,1330427.9277111895
31,1278680.8512798091
32,1267326.879611525
33,1267326.879611525
34,1252964.7627268883
35,1219684.272364939
36,1218012.7191294522
37,1205317.877171097
38,1172594.1164158324
39,1170904.104386014
40,1158963.6985596423
41,1141131.7853369256
42,1131794.2832306114
43,1123697.0471754095
44,1115680.4558689445
45,1112128.7443606616
46,1108709.3682629715
47,1105115.2002040965
48,1105115.2002040965
49,1105115.2002040965
50,1103489.0797801842
51,1103489.0797801842
52,1103489.0797801842
53,1103489.0797801842
54,1103489.0797801842
