,0
0,3352619.599035509
1,3253574.76073879
2,3208464.441505295
3,3070443.0752398507
4,3022441.1953762854
5,2932301.2583578727
6,2870782.37862717
7,2850221.1934251096
8,2795189.1370189753
9,2785601.307422894
10,2757977.7891803235
11,2731379.222537618
12,2650275.927768932
13,2650275.927768932
14,2585992.6359739453
15,2585992.6359739453
16,2504852.43457744
17,2504852.43457744
18,2504852.43457744
19,2504852.43457744
20,2504852.43457744
21,2494887.153622354
22,2489798.369111876
23,2476672.761059947
24,2457604.6500649704
25,2457604.6500649704
26,2421394.7675134805
27,2410766.2497109976
28,2410766.2497109976
29,2372412.995140121
30,2372412.995140121
31,2372412.995140121
32,2372412.995140121
33,2353527.263787203
34,2308507.7146271933
35,2296911.085381262
36,2296911.085381262
37,2236446.7240781086
38,2236446.7240781086
39,2230014.449074771
40,2230014.449074771
41,2230014.449074771
42,2230014.449074771
43,2217556.704248526
44,2196727.349818121
45,2193413.588394062
46,2193413.588394062
47,2187269.7479173657
48,2178286.4452263284
49,2162348.129003817
50,2162348.129003817
51,2154951.478048044
52,2148513.676382141
53,2134827.792226199
54,2128452.6125159054
55,2107416.7600565976
56,2107416.7600565976
57,2102787.2311565983
58,2069851.9684950556
59,2069851.9684950556
60,2064355.6433333547
61,2064355.6433333547
62,2064355.6433333547
63,2062094.9274203433
64,2052366.1642571688
65,2041518.888203258
66,2032140.3605477738
67,2032140.3605477738
68,2031781.6304889063
69,2023393.2852937886
70,2023393.2852937886
71,2018383.1780722959
72,2012906.3882030107
73,2010792.041615811
74,2010792.041615811
75,2000563.414664041
76,2000563.414664041
77,2000563.414664041
78,1997872.8098061618
79,1993110.9172211196
80,1993110.9172211196
81,1989725.5736628766
82,1989725.5736628766
83,1989725.5736628766
84,1989725.5736628766
85,1989725.5736628766
86,1989547.6607416745
87,1989547.6607416745
88,1989457.619176548
89,1989457.619176548
90,1989457.619176548
91,1989457.619176548
92,1989457.619176548
