,0
0,3421430.1463393923
1,3317003.087390784
2,3271563.9405677626
3,3073955.7612278275
4,2953915.859981737
5,2953915.859981737
6,2870298.378399335
7,2781888.853957519
8,2738987.3268841407
9,2738987.3268841407
10,2738987.3268841407
11,2665457.3693524473
12,2610230.4662570464
13,2610230.4662570464
14,2610230.4662570464
15,2557937.8317381223
16,2557937.8317381223
17,2531853.495030915
18,2531853.495030915
19,2520723.0976832956
20,2520723.0976832956
21,2520292.4146057405
22,2452523.884272256
23,2452523.884272256
24,2442480.8547033
25,2441732.144080453
26,2426825.5567023447
27,2426825.5567023447
28,2399449.329039868
29,2385415.0437970185
30,2348098.237662306
31,2348098.237662306
32,2348098.237662306
33,2310033.178155673
34,2310033.178155673
35,2310033.178155673
36,2310033.178155673
37,2276154.230210095
38,2276154.230210095
39,2276154.230210095
40,2272176.8882095097
41,2256385.7797047747
42,2237871.4231353765
43,2237651.2494485886
44,2195594.276071663
45,2195594.276071663
46,2193213.4353862177
47,2193213.4353862177
48,2193213.4353862177
49,2159292.368511051
50,2159292.368511051
51,2159292.368511051
52,2159292.368511051
53,2142370.9295960106
54,2132430.583519118
55,2132430.583519118
56,2132430.583519118
57,2132430.583519118
58,2117079.2488850527
59,2116648.6287897653
60,2097963.449618806
61,2097963.449618806
62,2092695.2791700487
63,2092695.2791700487
64,2085419.7703706278
65,2085419.7703706278
66,2074165.2147724654
67,2069231.7878984124
68,2069231.7878984124
69,2057597.518044016
70,2057597.518044016
71,2056430.19418217
72,2056072.1570356265
73,2051517.714301166
74,2046487.6582505237
75,2040548.5566851257
76,2037164.9558553284
77,2037164.9558553284
78,2037164.9558553284
79,2035038.555632583
80,2030677.007837707
81,2030677.007837707
82,2030633.2878749184
83,2022121.9495605736
84,2022121.9495605736
85,2016656.1001557617
86,2016656.1001557617
87,2016331.1546777126
88,2015490.3260422933
89,2015490.3260422933
90,2014251.9926451116
91,2013828.0187388149
92,2013828.0187388149
93,2006382.2597931556
94,2006382.2597931556
95,2006382.2597931556
96,2006382.2597931556
97,2005761.8438050535
98,2005761.8438050535
99,2003274.9697415351
100,2002860.505657728
101,2002860.505657728
102,2001879.5351383511
103,2000217.2278348727
104,1999686.0702198253
105,1999686.0702198253
106,1999686.0702198253
107,1999686.0702198253
108,1999686.0702198253
