,0
0,2794805.9342030413
1,2751748.896997798
2,2612439.803341319
3,2612439.803341319
4,2355463.2830401273
5,2256695.331311401
6,2240165.6334044714
7,2113637.804561989
8,2113637.804561989
9,2051807.8931192684
10,1976648.0764082812
11,1892295.433260451
12,1892295.433260451
13,1827970.8474906622
14,1734889.7442167827
15,1734889.7442167827
16,1650681.5746201577
17,1650681.5746201577
18,1586522.7568708954
19,1586522.7568708954
20,1586522.7568708954
21,1508385.4772857656
22,1508385.4772857656
23,1482552.4355974498
24,1445987.477505585
25,1445987.477505585
26,1414358.4176478186
27,1372322.409880699
28,1339989.8617413102
29,1339989.8617413102
30,1333058.2662512122
31,1299764.1717534326
32,1296029.8426551786
33,1245686.121274655
34,1245686.121274655
35,1241160.9492018656
36,1241160.9492018656
37,1208562.925985283
38,1208562.925985283
39,1197783.5962992026
40,1183250.3024219426
41,1175905.7738131073
42,1175905.7738131073
43,1166762.5062429009
44,1166762.5062429009
45,1159220.6074848706
46,1157114.5641997647
47,1152957.432209159
48,1152957.432209159
49,1145646.6009461842
50,1144631.579201658
51,1144631.579201658
52,1144631.579201658
53,1139203.4145766601
54,1135931.3926736626
55,1135931.3926736626
56,1135931.3926736626
57,1135767.9111550539
58,1131801.454400928
59,1131295.026863205
60,1131295.026863205
61,1128991.044135556
62,1127608.2469529188
63,1127608.2469529188
64,1127608.2469529188
65,1127608.2469529188
66,1127608.2469529188
