,0
0,2717436.6372635337
1,2655370.6601884887
2,2655370.6601884887
3,2549766.249397092
4,2525994.2789994376
5,2400019.5217814436
6,2318180.900158111
7,2253511.992497531
8,2063545.7594320169
9,2051833.6188092793
10,2051833.6188092793
11,1904941.9773503083
12,1802610.9434079835
13,1784645.5978748929
14,1726291.860433559
15,1638455.253465305
16,1627451.1554688802
17,1533980.5097242272
18,1511902.715303658
19,1425499.5855892051
20,1407257.2858454399
21,1346373.7085620721
22,1322250.7676698815
23,1286176.7864690425
24,1237012.2158095983
25,1214738.1521666476
26,1196285.6186313275
27,1179097.2956984038
28,1158296.3462189776
29,1146127.442984216
30,1130065.2890925962
31,1109815.1315512483
32,1106951.951750021
33,1106951.951750021
34,1106574.9340773337
35,1098043.9031979782
36,1088105.7925119838
37,1088105.7925119838
38,1078450.867593123
39,1077415.655775547
40,1075600.5705352484
41,1072737.390734021
42,1071526.4463402187
43,1066805.5329021409
44,1066805.5329021409
45,1066186.6822261354
46,1062589.4095825935
47,1061535.082912913
48,1057971.063058306
49,1057971.063058306
50,1055856.0550715728
51,1055331.5824673665
52,1055331.5824673665
53,1050121.8698969325
54,1050121.8698969325
55,1050121.8698969325
56,1050121.8698969325
57,1050121.8698969325
