,0
0,2648289.79409372
1,2600386.073450648
2,2447701.5806750827
3,2363958.901687978
4,2340952.284801982
5,2259638.8907144284
6,2136393.08473824
7,2020381.9265688504
8,1915612.4087502584
9,1818343.9011393727
10,1818343.9011393727
11,1665626.5054162657
12,1576074.513324083
13,1576074.513324083
14,1435364.3628041956
15,1409548.7136274343
16,1334762.4153857105
17,1301166.8657096112
18,1281927.3802433263
19,1220818.5679143912
20,1212617.8327439872
21,1158048.312617297
22,1158048.312617297
23,1136588.375326307
24,1111289.8181992676
25,1072230.004060845
26,1072230.004060845
27,1064302.0296045493
28,1036239.5752182839
29,1021742.155323442
30,967418.2471683375
31,967418.2471683375
32,967418.2471683375
33,967418.2471683375
34,966654.699113498
35,954510.4754946913
36,952367.8588839311
37,944706.553099063
38,943688.6077340238
39,938732.5821441906
40,938732.5821441906
41,937429.06095181
42,931156.9840870636
43,931156.9840870636
44,930955.9180208421
45,927324.5684750173
46,920862.8147086378
47,918187.1317764269
48,916237.19685621
49,916237.19685621
50,915890.795478361
51,914567.585976063
52,914567.585976063
53,914567.585976063
54,914567.585976063
55,913691.9909738158
56,913691.9909738158
57,913691.9909738158
58,913691.9909738158
59,913345.5895959665
60,913345.5895959665
61,913345.5895959665
62,913345.5895959665
63,913345.5895959665
