,0
0,2752975.0593732325
1,2584886.1012210576
2,2466228.736282788
3,2328470.1742955847
4,2241058.1804828146
5,2237182.032148332
6,1936593.7139161723
7,1842324.8552254462
8,1842324.8552254462
9,1777524.862600223
10,1777524.862600223
11,1637431.8531275825
12,1571241.0099073302
13,1521031.64996079
14,1493115.0121937874
15,1355228.4581474974
16,1355228.4581474974
17,1281890.016728986
18,1279913.4573777309
19,1244883.1262258866
20,1165067.0034841534
21,1165067.0034841534
22,1134980.6035782883
23,1095720.761850359
24,1095720.761850359
25,1046094.4362391831
26,1046094.4362391831
27,1028362.5805432175
28,1028362.5805432175
29,1016156.7926169591
30,1000772.9695220693
31,983912.1098262465
32,983912.1098262465
33,973279.9041534981
34,963056.6319228403
35,958581.1164629074
36,952660.2860924987
37,945250.0904732543
38,935804.2202580603
39,935804.2202580603
40,933192.4152643982
41,930668.1305598154
42,925321.2014831533
43,919212.0579798177
44,917518.5336178499
45,913414.0873875626
46,912885.8024640325
47,912885.8024640325
48,909854.2780191151
49,909854.2780191151
50,908160.7536571473
51,906236.0799246868
52,906236.0799246868
53,905053.1342859932
54,904515.2696460991
55,904515.2696460991
56,904515.2696460991
57,904515.2696460991
58,904515.2696460991
59,903641.8635832551
60,903639.6746438518
61,903639.6746438518
62,903639.6746438518
63,903639.6746438518
64,902766.2685810081
65,902766.2685810081
66,902766.2685810081
67,902766.2685810081
68,902766.2685810081
