,0
0,3349683.7798270574
1,3272738.6094600665
2,3268954.8829179863
3,3215709.5703577967
4,3137598.5716534513
5,3076606.9344480704
6,2924315.4145610835
7,2853124.4222078747
8,2853124.4222078747
9,2712076.924935
10,2712076.924935
11,2712076.924935
12,2654247.397309338
13,2614556.435346479
14,2614556.435346479
15,2590455.268700376
16,2544912.3407055386
17,2523974.3168672207
18,2495854.8411123296
19,2495854.8411123296
20,2495854.8411123296
21,2495854.8411123296
22,2491701.7338359077
23,2471696.311509827
24,2421285.484273268
25,2421285.484273268
26,2389966.2088171258
27,2389966.2088171258
28,2358780.3027535034
29,2358780.3027535034
30,2358780.3027535034
31,2312091.124589357
32,2312091.124589357
33,2310273.822302247
34,2304626.923047517
35,2296367.380148185
36,2263771.9600216188
37,2263771.9600216188
38,2263771.9600216188
39,2238025.9791382584
40,2238025.9791382584
41,2238025.9791382584
42,2238025.9791382584
43,2238025.9791382584
