,0
0,2617076.4464193103
1,2617076.4464193103
2,2522871.887042615
3,2497638.9208676466
4,2266759.401669494
5,2266759.401669494
6,2237126.62903389
7,2233952.4375416934
8,2128531.890536809
9,2069380.0497384607
10,2009078.7998428105
11,1900370.8844484848
12,1900370.8844484848
13,1827895.4774466646
14,1778949.5625762464
15,1778949.5625762464
16,1723796.0977713265
17,1702980.8151814118
18,1648473.8371258646
19,1645330.43883053
20,1645330.43883053
21,1601039.981379039
22,1590674.8772952643
23,1547495.4668121273
24,1542405.7421936821
25,1520304.631021258
26,1502029.9321059415
27,1416887.6670147094
28,1403025.4385280358
29,1403025.4385280358
30,1377701.553567583
31,1348705.5466371335
32,1343870.2097945446
33,1343870.2097945446
34,1313841.0370128357
35,1303825.5059293867
36,1288989.1469224426
37,1288989.1469224426
38,1288989.1469224426
39,1283113.1759180478
40,1272322.6400543854
41,1265407.723995581
42,1256027.0893912949
43,1256027.0893912949
44,1250916.4153825808
45,1250916.4153825808
46,1250916.4153825808
47,1245060.733908095
48,1238168.9946649845
49,1238168.9946649845
50,1233058.3206562705
51,1233058.3206562705
52,1233058.3206562705
53,1233058.3206562705
54,1233058.3206562705
