,0
0,3426516.0517649823
1,3230811.006393192
2,3091954.436968292
3,3091954.436968292
4,2853241.4894288797
5,2853241.4894288797
6,2853241.4894288797
7,2773627.8840625156
8,2679465.825977368
9,2679465.825977368
10,2679465.825977368
11,2614014.7300397265
12,2614014.7300397265
13,2594262.947783827
14,2577977.7830696385
15,2570115.3204416633
16,2561564.999824123
17,2522550.16475284
18,2522550.16475284
19,2500796.670766444
20,2478067.755408948
21,2449871.5837318976
22,2427145.6598298526
23,2426249.765773474
24,2364306.1439383193
25,2364306.1439383193
26,2364306.1439383193
27,2339348.981916777
28,2339348.981916777
29,2296529.945636974
30,2296529.945636974
31,2276059.6240129042
32,2249214.1083625834
33,2249214.1083625834
34,2242364.7831651815
35,2229208.6822853973
36,2212274.5919964816
37,2210259.10064935
38,2196358.9823415205
39,2191614.810748952
40,2191614.810748952
41,2179523.1162930652
42,2170296.1542996084
43,2162059.802450804
44,2162059.802450804
45,2162059.802450804
46,2148681.5471852543
47,2148681.5471852543
48,2140458.324527811
49,2139855.2873546383
50,2131383.6091309604
51,2127313.132845126
52,2118901.8543090955
53,2113980.0639381916
54,2100063.247326773
55,2100063.247326773
56,2091124.4731184703
57,2091124.4731184703
58,2086162.1846225602
59,2082528.3716500348
60,2082528.3716500348
61,2082528.3716500348
62,2075025.2175099608
63,2072453.1388379547
64,2072453.1388379547
65,2072453.1388379547
66,2068432.2649048984
67,2068432.2649048984
68,2068432.2649048984
69,2068432.2649048984
70,2067633.0667152046
71,2066684.8790353772
72,2066662.5940001572
73,2065483.7997913032
74,2064081.564428437
75,2063736.4139217818
76,2063736.4139217818
77,2063498.452979806
78,2063498.452979806
79,2063498.452979806
80,2058396.8214158225
81,2058396.8214158225
82,2058396.8214158225
83,2058396.8214158225
84,2058396.8214158225
