,0
0,2123060.5907615586
1,2045833.1182301478
2,1986594.2347979846
3,1919300.9126352584
4,1722958.6158662685
5,1677619.1874095323
6,1662401.0485065405
7,1621785.0898838039
8,1451351.9856755554
9,1370735.3615471283
10,1347068.7271727847
11,1294203.9003307885
12,1286993.2712247984
13,1144977.5641851907
14,1113015.9066700132
15,1084617.86254404
16,1084617.86254404
17,1033663.5094641062
18,998019.4323719675
19,989013.010998068
20,926985.2429528345
21,926985.2429528345
22,890884.5891612676
23,881183.3420353298
24,827241.6475887779
25,827241.6475887779
26,821520.500435628
27,807219.1638543039
28,792366.5072322085
29,789862.9720220454
30,787386.3901673409
31,778454.6477606096
32,762574.7809851996
33,762574.7809851996
34,761702.8223475659
35,755146.8161491299
36,754009.1076943385
37,750215.0404409262
38,744924.6962842824
39,744924.6962842824
40,740293.7009149932
41,740259.8684129267
42,723427.2684823023
43,723237.7634989995
44,723237.7634989995
45,722539.0436959768
46,719503.6145214027
47,717954.9961005317
48,717954.9961005317
49,716809.6259768938
50,716336.376618581
51,713558.2537999878
52,712059.7703609304
53,712059.7703609304
54,712059.7703609304
55,711820.130395814
56,710912.7725674633
57,710673.132602347
58,710555.9828005189
59,710316.3428354025
60,710316.3428354025
61,710316.3428354025
62,710316.3428354025
63,710316.3428354025
