,0
0,2707588.017824482
1,2707588.017824482
2,2614635.6553321355
3,2463289.87526009
4,2402936.7852824987
5,2269413.8073187876
6,1927694.2252822293
7,1927694.2252822293
8,1927694.2252822293
9,1919929.138013346
10,1919929.138013346
11,1781138.4254192319
12,1618987.6626913024
13,1618987.6626913024
14,1575983.2115497547
15,1481451.543198675
16,1471534.8541807088
17,1405188.1917127725
18,1398610.4442366117
19,1233946.749674047
20,1228895.7887981175
21,1228895.7887981175
22,1193139.5700150037
23,1184423.6159549395
24,1130249.9668464193
25,1067883.821410327
26,1067883.821410327
27,1067883.821410327
28,1037266.5048655091
29,1027203.4022103978
30,1006479.2758356052
31,996969.0246956766
32,975536.6502242618
33,975536.6502242618
34,974201.9606143038
35,945866.8718265522
36,945866.8718265522
37,945866.8718265522
38,943382.3616568358
39,937729.9798332722
40,937729.9798332722
41,932337.9549011039
42,926002.2757047202
43,926002.2757047202
44,926002.2757047202
45,922121.9843028862
46,920637.6861909925
47,918016.1196671509
48,918016.1196671509
49,914959.0609560082
50,914959.0609560082
51,911461.3902164405
52,909683.7932583401
53,908533.5957464265
54,907833.3147980358
55,906957.7197957888
56,906957.7197957888
57,906957.7197957888
58,906326.045703617
59,905510.4754770977
60,905510.4754770977
61,905459.686529054
62,904021.6780380468
63,904021.6780380468
64,904012.4422103629
65,904012.4422103629
66,904012.4422103629
67,904012.4422103629
68,904012.4422103629
