,0
0,1846969.716115448
1,1846969.716115448
2,1846969.716115448
3,1781651.9947688421
4,1661835.7482359048
5,1661835.7482359048
6,1584290.2348128497
7,1437265.9130133817
8,1360532.0375182445
9,1309165.7619379966
10,1296726.8296439261
11,1198761.3686503416
12,1195522.176021091
13,1124141.5490124964
14,1124141.5490124964
15,1024184.8619481821
16,1024184.8619481821
17,984344.661732072
18,943787.5769451316
19,943787.5769451316
20,919827.7822595622
21,859240.6732493158
22,855060.3117050192
23,832961.0552457885
24,776340.5906872248
25,776340.5906872248
26,776340.5906872248
27,769830.227347334
28,748276.9023935772
29,733986.5523458575
30,731917.9355664722
31,723882.3283539787
32,723882.3283539787
33,723699.9711258648
34,718354.3707475218
35,718354.3707475218
36,716759.4240333078
37,716759.4240333078
38,714492.0273287491
39,712468.589385623
40,711657.608161214
41,709183.7410073518
42,709183.7410073518
43,705914.2352405731
44,704044.0086324689
45,702541.056885232
46,702051.6339380337
47,701831.9626529742
48,701083.572663173
49,700466.2993061383
50,698732.8916543062
51,698473.9246117031
52,698473.9246117031
53,698473.9246117031
54,698473.9246117031
55,698473.9246117031
