,0
0,2978670.305764659
1,2819853.3918772982
2,2673870.356471013
3,2619036.373326639
4,2478552.295392134
5,2277867.890798957
6,2277867.890798957
7,2110877.035676696
8,2043251.0812859917
9,1970596.7412204256
10,1889628.253560504
11,1815448.7163177528
12,1765496.912831205
13,1695029.1155200554
14,1610805.9815274389
15,1537120.996637943
16,1498223.0650556607
17,1392544.9718928996
18,1338441.7912888108
19,1264628.603769368
20,1264628.603769368
21,1261022.5461799062
22,1207729.8809478376
23,1207729.8809478376
24,1174193.2548357444
25,1136877.2945458337
26,1136877.2945458337
27,1136877.2945458337
28,1134279.075011914
29,1126628.9077819574
30,1107131.7156475428
31,1107131.7156475428
32,1107131.7156475428
33,1105509.491273304
34,1101075.6860388822
35,1093544.9098461997
36,1092746.7909653685
37,1089406.222086005
38,1077527.184106961
39,1077527.184106961
40,1072754.4052909217
41,1067132.391776279
42,1065229.4352760888
43,1065223.6290982391
44,1061763.2555273385
45,1058475.081928629
46,1057635.8885085478
47,1053965.3750321334
48,1052846.7443604234
49,1051555.7722096327
50,1051555.7722096327
51,1049794.6393295482
52,1048277.6765973252
53,1048277.6765973252
54,1048277.6765973252
55,1048277.6765973252
56,1048277.6765973252
57,1047093.1473123437
58,1047044.7326691722
59,1047044.7326691722
60,1047044.7326691722
61,1047044.7326691722
62,1047044.7326691722
