,0
0,2731184.95000372
1,2727568.1362400395
2,2727568.1362400395
3,2634211.568124583
4,2332423.6839034874
5,2332423.6839034874
6,2281854.470067416
7,2247899.6055687587
8,2182537.638853948
9,2011341.3958350031
10,1956531.46862169
11,1956531.46862169
12,1868790.3047427963
13,1829913.8807821977
14,1739561.2066957797
15,1739561.2066957797
16,1739561.2066957797
17,1733807.8899896673
18,1674725.5083054616
19,1663757.6759940423
20,1651399.325345918
21,1576680.9350573234
22,1572836.404503688
23,1530609.112901543
24,1494468.2647940503
25,1445872.0173752601
26,1410205.7750727267
27,1410205.7750727267
28,1398958.9472844389
29,1352385.1266009
30,1319477.711612129
31,1306362.842697317
32,1305076.3784905062
33,1278458.3009158769
34,1278458.3009158769
35,1254039.1487993596
36,1232954.9684009976
37,1232954.9684009976
38,1223462.0943733347
39,1207834.3557481794
40,1192609.0896867632
41,1192609.0896867632
42,1184885.127575243
43,1181255.8157510408
44,1169817.8785488454
45,1161663.9366801027
46,1161663.9366801027
47,1155989.7488038193
48,1152878.914324567
49,1152878.914324567
50,1149155.7385929113
51,1147087.4348261678
52,1144143.629586072
53,1142307.0250032733
54,1134499.8860083523
55,1134499.8860083523
56,1130607.5886970963
57,1130607.5886970963
58,1129224.791514459
59,1126441.9377471234
60,1122582.410949088
61,1122582.410949088
62,1122582.410949088
63,1122582.410949088
64,1121140.252119641
65,1121140.252119641
66,1121140.252119641
67,1120278.428221439
68,1120278.428221439
69,1120278.428221439
70,1118836.2693919921
71,1118836.2693919921
72,1118836.2693919921
73,1118836.2693919921
74,1118836.2693919921
