,0
0,2766361.524634932
1,2707552.276937013
2,2523109.552254845
3,2523109.552254845
4,2447614.630994465
5,2333807.531354637
6,2186387.4958305033
7,2164525.3149556248
8,2032556.107221536
9,2032556.107221536
10,1831823.1782053348
11,1816370.4561884906
12,1775129.951978088
13,1721279.128560457
14,1571117.0984873767
15,1571117.0984873767
16,1551673.3659415045
17,1482546.9651292337
18,1392354.7739805162
19,1317123.0060306424
20,1317123.0060306424
21,1317123.0060306424
22,1272896.3231704794
23,1217399.0660140917
24,1191186.1515985702
25,1164968.2199209335
26,1142937.7922444139
27,1128241.6699350951
28,1122249.1947214585
29,1122249.1947214585
30,1122249.1947214585
31,1114315.7902401944
32,1112687.324001204
33,1103763.8137832133
34,1095546.272545334
35,1079518.0980335118
36,1071937.255836359
37,1071937.255836359
38,1071937.255836359
39,1071813.1585609703
40,1066587.3881354094
41,1061892.5074061186
42,1061892.5074061186
43,1059799.8608131364
44,1053086.7095592273
45,1052056.8050485284
46,1050318.302589425
47,1048033.5016468933
48,1046909.837095594
49,1042440.5563380581
50,1042401.9963084137
51,1040130.5664758356
52,1038384.5398540117
53,1033391.7888459928
54,1033391.7888459928
55,1032809.5069417501
56,1032809.5069417501
57,1030955.4118219669
58,1029410.9854884775
59,1028323.0625388889
60,1028323.0625388889
61,1027466.3100233151
62,1026825.5723740951
63,1026825.5723740951
64,1026825.5723740951
65,1026825.5723740951
66,1026825.5723740951
