,0
0,2787652.3792082095
1,2779314.9585657762
2,2572010.5831957012
3,2569158.4267607327
4,2336721.023813791
5,2221718.878169328
6,2123831.252629838
7,1938620.1134310614
8,1938620.1134310614
9,1840912.4320969936
10,1688783.344259623
11,1688783.344259623
12,1529488.5313963587
13,1529488.5313963587
14,1411771.825936209
15,1411771.825936209
16,1255458.8038688223
17,1255458.8038688223
18,1255458.8038688223
19,1255458.8038688223
20,1221556.6651670588
21,1185412.7610846914
22,1159311.8846288414
23,1105801.8338502932
24,1082192.4782505105
25,1043315.9182172478
26,1043315.9182172478
27,1005016.853050509
28,1005016.853050509
29,992406.1692447307
30,989874.5785701186
31,973444.1476334617
32,968647.0598716503
33,968647.0598716503
34,959089.7703555805
35,945157.5910569887
36,945157.5910569887
37,945157.5910569887
38,945157.5910569887
39,942125.159967629
40,942125.159967629
41,941190.0151954617
42,936477.1833343153
43,936197.5582039687
44,933467.534575715
45,933467.534575715
46,929375.0309600038
47,929375.0309600038
48,928972.6702168214
49,927335.395434475
50,926775.7336347342
51,925675.0203820118
52,925260.113315586
53,925131.992621732
54,923462.3817415847
55,923462.3817415847
56,923462.3817415847
57,923462.3817415847
58,921964.3484748502
59,921964.3484748502
60,921964.3484748502
61,921964.3484748502
62,921964.3484748502
