,0
0,2733905.079158325
1,2733905.079158325
2,2711292.006518331
3,2640766.8098954195
4,2556203.309248892
5,2339903.5032976507
6,2242011.7646751017
7,2211964.845981087
8,2045061.2991840967
9,1833864.2215734094
10,1833864.2215734094
11,1833864.2215734094
12,1833864.2215734094
13,1665701.7138117843
14,1665701.7138117843
15,1638794.630357146
16,1609851.4448802946
17,1515898.1664251275
18,1483829.6760845426
19,1461816.3402972964
20,1455104.0407179163
21,1348105.0500141939
22,1321701.55499551
23,1295848.3563500654
24,1231371.6421410714
25,1225638.0172178238
26,1224842.460339966
27,1206353.1789697495
28,1145960.369875886
29,1145960.369875886
30,1137104.0385143682
31,1133542.1074385452
32,1124650.1541801605
33,1121611.8038587638
34,1112120.6980469471
35,1108007.0816992258
36,1108007.0816992258
37,1108007.0816992258
38,1104821.6234354659
39,1103411.300620759
40,1095063.5140372866
41,1087476.778035514
42,1086088.87007107
43,1086088.87007107
44,1078368.5849303375
45,1067171.7906000065
46,1067171.7906000065
47,1067171.7906000065
48,1062734.252271883
49,1061566.871726064
50,1056228.5174715004
51,1053384.8003502735
52,1047688.671663282
53,1044605.8589102856
54,1044605.8589102856
55,1044605.8589102856
56,1044605.8589102856
57,1042943.4551215209
58,1041855.5321719323
59,1041165.590540215
60,1041165.590540215
61,1041165.590540215
62,1040077.6675906264
63,1040077.6675906264
64,1039701.7841439849
65,1039701.7841439849
66,1039701.7841439849
67,1039701.7841439849
68,1039701.7841439849
