,0
0,2946547.910343935
1,2889532.721939994
2,2737468.4082239927
3,2664383.661677054
4,2596570.424223257
5,2402365.9154638173
6,2282055.893543592
7,2282055.893543592
8,2278718.975916615
9,2100737.0822910047
10,2100737.0822910047
11,1989038.1946147615
12,1981217.7178237766
13,1981217.7178237766
14,1906738.9618908758
15,1893136.5458174672
16,1845144.8828432972
17,1835754.3735885245
18,1807732.4795287997
19,1755894.1507127772
20,1740786.5066956906
21,1703375.4798291996
22,1687336.7088135385
23,1629633.0434818424
24,1606539.8429173771
25,1602436.044764462
26,1553171.7272850657
27,1553171.7272850657
28,1497773.065298855
29,1497773.065298855
30,1440212.7212470954
31,1440212.7212470954
32,1435756.1369448332
33,1401900.2990829854
34,1392874.3885756116
35,1391485.2049005001
36,1374157.9349673945
37,1353770.1525918632
38,1343031.2889586203
39,1339853.3494586502
40,1329752.8033505168
41,1312642.0560499819
42,1312642.0560499819
43,1310355.726729893
44,1292323.5726905607
45,1289277.8048336043
46,1284792.0696812896
47,1278310.9600967325
48,1265335.973981235
49,1265335.973981235
50,1261101.5125219997
51,1259758.8776283911
52,1257453.6567367623
53,1247406.9866188779
54,1244581.1006083775
55,1242797.7574744087
56,1236673.007766143
57,1234065.9950957927
58,1234065.9950957927
59,1234065.9950957927
60,1234065.9950957927
61,1234065.9950957927
