,0
0,2766252.7456400087
1,2690891.972525448
2,2522559.953684559
3,2405857.9300156827
4,2352495.6088209385
5,2352495.6088209385
6,2172173.046887642
7,2029202.2227254447
8,1988732.8557173337
9,1951912.0818822288
10,1812625.2596316168
11,1703766.2572926146
12,1679106.270518777
13,1679106.270518777
14,1585721.9980573005
15,1487403.0050966216
16,1315070.3882201929
17,1315070.3882201929
18,1305177.8922116272
19,1300574.7868263323
20,1253794.5459503166
21,1206586.2450918867
22,1187885.243580312
23,1098446.1281725124
24,1098446.1281725124
25,1098446.1281725124
26,1082946.6416411707
27,1045376.4862645783
28,1037820.4210958543
29,1012292.7031095581
30,1012292.7031095581
31,977585.17010121
32,970091.0565184872
33,970091.0565184872
34,970091.0565184872
35,962068.9509322462
36,956255.7933933204
37,947405.3294284795
38,945347.85333379
39,937762.630434291
40,937762.630434291
41,933948.7578744662
42,933948.7578744662
43,927646.9476068983
44,925501.8907655764
45,925319.6519917428
46,922826.3164269805
47,918616.1010029577
48,914241.5639239437
49,913972.3005832919
50,913154.0958478143
51,910320.4803918024
52,906955.9376733525
53,906955.9376733525
54,903931.4076087006
55,901545.3707053225
56,901545.3707053225
57,901545.3707053225
58,901417.2500114684
59,901417.2500114684
60,900338.3783986103
61,900201.0218770723
62,900201.0218770723
63,900201.0218770723
64,900201.0218770723
65,900201.0218770723
