,0
0,2792145.0905740336
1,2633954.89848831
2,2614013.11414771
3,2571427.456073023
4,2186264.8063676176
5,2082294.651055591
6,2082294.651055591
7,1896690.7854734056
8,1896690.7854734056
9,1896690.7854734056
10,1874016.9974588929
11,1685422.702693245
12,1684750.456088513
13,1660727.4716664788
14,1620141.730582121
15,1597998.0110901087
16,1533830.2898479828
17,1478018.1101640072
18,1439631.1580203352
19,1404094.2071146544
20,1300314.428270212
21,1277310.7481132392
22,1277310.7481132392
23,1155089.3552243859
24,1155089.3552243859
25,1148275.5876635795
26,1142800.7983154955
27,1108261.960788919
28,1078268.691083634
29,1063121.383167554
30,1048664.004538933
31,1048664.004538933
32,1021682.1595300194
33,1008564.1890199671
34,1008564.1890199671
35,990742.6535623623
36,968514.0646451798
37,968514.0646451798
38,968514.0646451798
39,967093.8700587122
40,959175.8642132154
41,954128.9828433747
42,949838.4952043867
43,945083.9554579718
44,943536.4261535972
45,943536.4261535972
46,936284.5592424774
47,931894.5121282614
48,931894.5121282614
49,930090.3314165084
50,930090.3314165084
51,928164.3099781123
52,928164.3099781123
53,923823.9568118807
54,923823.9568118807
55,920608.8372800015
56,920341.9833328926
57,920341.9833328926
58,919052.8852394095
59,918555.6364643364
60,918555.6364643364
61,918555.6364643364
62,917126.8638010132
63,917117.6279733293
64,917117.6279733293
65,917117.6279733293
66,917117.6279733293
67,917117.6279733293
