,0
0,2807449.739678166
1,2706603.4880584655
2,2706603.4880584655
3,2563418.9522467908
4,2542493.2987842946
5,2365632.7330301423
6,2298024.2270888775
7,2228114.2564213513
8,2173286.2325531445
9,2103813.9188884804
10,1942335.9716600997
11,1812395.008719513
12,1762500.0766074718
13,1745280.4921882786
14,1665866.2648188814
15,1501730.8505988617
16,1501730.8505988617
17,1477992.3406563161
18,1366176.790583195
19,1366176.790583195
20,1265800.174227848
21,1258330.4727313037
22,1258330.4727313037
23,1249425.3215636555
24,1222721.0188671898
25,1175132.0871447355
26,1144933.5712904404
27,1144933.5712904404
28,1120714.611407333
29,1120714.611407333
30,1107140.7442274557
31,1107140.7442274557
32,1107140.7442274557
33,1096615.9604664529
34,1088355.4998569281
35,1086898.328254906
36,1079382.1742004838
37,1079382.1742004838
38,1067779.8383108373
39,1063296.0221367613
40,1063296.0221367613
41,1060944.536156484
42,1059288.358189778
43,1056429.600161053
44,1050902.4130954973
45,1050239.1130067897
46,1047127.5803874478
47,1047127.5803874478
48,1046010.3868587035
49,1045161.2704441916
50,1043048.3589077293
51,1043048.3589077293
52,1041631.2571344014
53,1037097.7812017208
54,1037097.7812017208
55,1037097.7812017208
56,1037097.7812017208
57,1036841.2969286406
58,1036245.5223633599
59,1035389.4805408107
60,1034631.4487295499
61,1034631.4487295499
62,1034631.4487295499
63,1033774.6962139761
64,1033774.6962139761
65,1033774.6962139761
66,1033774.6962139761
67,1033774.6962139761
