,0
0,2670419.716033868
1,2515860.7435354744
2,2515860.7435354744
3,2459396.9402481243
4,2334141.3308189553
5,2140889.9131145654
6,2140889.9131145654
7,2057663.0020211083
8,1999854.0363772798
9,1898681.0049605342
10,1853029.5874702511
11,1794208.9722061795
12,1670830.0184406643
13,1668902.1878223068
14,1622987.4417528654
15,1601641.9845046257
16,1546195.206329301
17,1390371.84996261
18,1390371.84996261
19,1390371.84996261
20,1349163.5984635872
21,1339855.7659302736
22,1270544.0015841606
23,1236487.402917354
24,1195300.0806850276
25,1147641.5714222563
26,1112753.392931057
27,1104032.6806766577
28,1101275.8622292422
29,1073941.7839981017
30,1049700.3163433922
31,1035971.5288702233
32,1026533.1058878583
33,1020141.731763289
34,999141.428835999
35,983403.7779114705
36,976760.67241773
37,976760.67241773
38,968094.2130343834
39,968094.2130343834
40,960903.5338397045
41,960792.3225264625
42,960792.3225264625
43,954773.9005978503
44,948353.6465071208
45,948353.6465071208
46,947873.9161190584
47,945915.2152335142
48,943131.7550941984
49,943131.7550941984
50,942189.0280076463
51,940249.778363625
52,937463.0820857966
53,934835.6254123878
54,933744.0280563895
55,932404.6545821732
56,928761.90192537
57,928759.730662146
58,928759.730662146
59,928759.730662146
60,927620.9640938833
61,926509.2480279794
62,926509.2480279794
63,926509.2480279794
64,926509.2480279794
65,926509.2480279794
