,0
0,1995971.054558595
1,1958556.994324604
2,1941826.1881675415
3,1772057.737642348
4,1757187.871773803
5,1585133.914188875
6,1518362.5448401216
7,1518362.5448401216
8,1448260.9962826078
9,1399531.9858783886
10,1380790.9872104158
11,1275769.434674898
12,1229921.5636077758
13,1194776.9116641702
14,1130561.8915557323
15,1100983.3904739025
16,1026169.7286570128
17,978996.1885590107
18,978996.1885590107
19,978368.9427066804
20,913899.3975814381
21,913899.3975814381
22,859744.0386849034
23,797861.6012680833
24,797861.6012680833
25,797861.6012680833
26,797861.6012680833
27,778406.545290568
28,778406.545290568
29,773584.5372372018
30,773584.5372372018
31,756364.6306480754
32,745406.7592548708
33,743657.607201454
34,743657.607201454
35,731328.4713784434
36,724733.8236553749
37,724733.8236553749
38,724287.4645457853
39,718141.2891758286
40,716408.5018383217
41,707905.250264596
42,707905.250264596
43,706368.7401229417
44,700846.8192381398
45,695933.3593095836
46,694981.0277029702
47,694746.9802254328
48,693042.8236893185
49,688835.1320385695
50,685083.6536769199
51,684028.6308386126
52,682812.6785182263
53,679818.5838504983
54,679818.5838504983
55,679665.042183857
56,678955.9479515991
57,678671.5860570313
58,677962.4918247735
59,677962.4918247735
60,677962.4918247735
61,677808.9501581321
62,677808.9501581321
63,677808.9501581321
64,677473.0688775752
65,677473.0688775752
66,677319.5272109339
67,677319.5272109339
68,677319.5272109339
69,677319.5272109339
70,677319.5272109339
