,0
0,3392965.6629228736
1,3375114.1913768817
2,3090559.066976688
3,3042282.6223864704
4,2906779.376245637
5,2901943.628324919
6,2828725.9978687884
7,2786844.807276283
8,2775403.132537167
9,2641812.853644597
10,2641812.853644597
11,2641812.853644597
12,2618680.423521234
13,2609575.859925762
14,2547485.3155222004
15,2547485.3155222004
16,2497905.715500388
17,2489825.9470993998
18,2489825.9470993998
19,2489825.9470993998
20,2432796.9591582958
21,2432796.9591582958
22,2432796.9591582958
23,2432796.9591582958
24,2400636.609411854
25,2385167.7217287286
26,2385111.5929818796
27,2385111.5929818796
28,2345321.8138427692
29,2317683.9538890193
30,2317683.9538890193
31,2317683.9538890193
32,2316640.93658473
33,2302854.9164865986
34,2293807.652786551
35,2249340.5889822133
36,2223325.590752976
37,2218884.118652884
38,2218884.118652884
39,2218884.118652884
40,2218884.118652884
41,2190871.384310405
42,2190871.384310405
43,2190673.2403926156
44,2190673.2403926156
45,2170825.3733077883
46,2153184.549206039
47,2150139.9988094284
48,2150139.9988094284
49,2147204.0192180397
50,2134826.7971066884
51,2134826.7971066884
52,2131214.663814898
53,2119292.24535832
54,2119292.24535832
55,2114440.813450054
56,2114440.813450054
57,2112085.128551812
58,2112085.128551812
59,2112085.128551812
60,2102324.9089070256
61,2101623.903373622
62,2101623.903373622
63,2101623.903373622
64,2100829.692343451
65,2100829.692343451
66,2099079.491216402
67,2092145.4521172147
68,2084111.4876688246
69,2084111.4876688246
70,2083200.8227312656
71,2083200.8227312656
72,2082277.9153677586
73,2082277.9153677586
74,2081482.585119766
75,2081482.585119766
76,2080911.723684421
77,2080264.9657348057
78,2076320.559116554
79,2076171.9868181772
80,2076171.9868181772
81,2067966.0874574839
82,2067043.180093977
83,2063279.2992084683
84,2063279.2992084683
85,2063279.2992084683
86,2063279.2992084683
87,2063279.2992084683
