,0
0,3040376.90315104
1,3040376.90315104
2,3040376.90315104
3,3040376.90315104
4,2961349.3146824897
5,2898543.77143753
6,2857559.3797340137
7,2800619.3038259633
8,2754822.722596945
9,2716251.8393524764
10,2577221.227877968
11,2577221.227877968
12,2577221.227877968
13,2577221.227877968
14,2577221.227877968
15,2547662.5847179755
16,2547662.5847179755
17,2488746.5737473164
18,2488746.5737473164
19,2488746.5737473164
20,2412292.5651402194
21,2412292.5651402194
22,2412292.5651402194
23,2412292.5651402194
24,2402475.8187519764
25,2379139.8529726174
26,2379139.8529726174
27,2379139.8529726174
28,2324412.8237495217
29,2297744.7269840683
30,2293187.5130845415
31,2273541.0095868693
32,2240163.5537053994
33,2240163.5537053994
34,2240163.5537053994
35,2236654.9211547137
36,2232452.1022851556
37,2208800.691238819
38,2199753.9290087996
39,2177943.8988143136
40,2148686.758389188
41,2148686.758389188
42,2148686.758389188
43,2125528.25421845
44,2120790.6130919284
45,2120790.6130919284
46,2093249.6074136419
47,2093249.6074136419
48,2089781.0353590383
49,2089781.0353590383
50,2085955.3698823943
51,2085955.3698823943
52,2078819.1105650754
53,2068749.5699963043
54,2065150.820200928
55,2050931.063442612
56,2050931.063442612
57,2035312.2171606957
58,2035312.2171606957
59,2035312.2171606957
60,2035312.2171606957
61,2029470.4978762788
62,2029470.4978762788
63,2028012.2000932987
64,2024644.8652015803
65,2024374.9930916743
66,2022272.7507028363
67,2021145.4519385581
68,2017830.04080234
69,2015987.8513357947
70,2014511.9981103495
71,2014511.9981103495
72,2013482.977141175
73,2013482.977141175
74,2013325.643769023
75,2013325.643769023
76,2011837.643444575
77,2011837.643444575
78,2011837.643444575
79,2011163.9685540427
80,2011163.9685540427
81,2011163.9685540427
82,2011163.9685540427
83,2011163.9685540427
84,2010300.9045764818
85,2010300.9045764818
86,2010300.9045764818
87,2010300.9045764818
88,2010300.9045764818
