,0
0,2774035.128276583
1,2702616.1960925604
2,2571682.6147242244
3,2571682.6147242244
4,2381579.153668105
5,2306701.7256163
6,2306701.7256163
7,2194851.069388692
8,2076771.8106791691
9,1973945.5379054327
10,1885536.497815235
11,1797037.201386762
12,1731532.4317631465
13,1687413.4038631138
14,1539277.7896742509
15,1349926.1953418178
16,1349926.1953418178
17,1349926.1953418178
18,1303561.3764949935
19,1298200.3122529488
20,1276153.9456265045
21,1222383.1661004068
22,1222383.1661004068
23,1208440.600943861
24,1143535.325567044
25,1143535.325567044
26,1143535.325567044
27,1131503.51980153
28,1120987.8507931095
29,1120987.8507931095
30,1111607.829961476
31,1103908.330022036
32,1096468.539270318
33,1096468.539270318
34,1082881.8577624687
35,1082881.8577624687
36,1079122.7108496148
37,1072766.505461035
38,1069972.8874046293
39,1069972.8874046293
40,1054708.6740113378
41,1054708.6740113378
42,1054708.6740113378
43,1054708.6740113378
44,1051541.2742889596
45,1051541.2742889596
46,1051238.9339822838
47,1048304.1393028556
48,1045871.9924295917
49,1044021.3154397839
50,1043044.8578742342
51,1041454.1867226535
52,1040422.4199615355
53,1038140.8450752695
54,1035980.6906965164
55,1035980.6906965164
56,1034036.7259243786
57,1034036.7259243786
58,1034036.7259243786
59,1034036.7259243786
60,1034036.7259243786
