,0
0,3532835.8015847825
1,3357896.1090955855
2,3121766.088237189
3,3119297.924939882
4,3052778.456751132
5,2940190.0489765364
6,2886180.304820084
7,2792485.2022838136
8,2772054.1519700554
9,2694704.732617159
10,2694704.732617159
11,2667685.8340281313
12,2667685.8340281313
13,2636200.059296277
14,2636200.059296277
15,2593502.764515019
16,2583352.229469996
17,2557572.6485241055
18,2535903.016955543
19,2535903.016955543
20,2518002.9096050225
21,2426807.709585882
22,2416061.219069274
23,2416061.219069274
24,2416061.219069274
25,2416061.219069274
26,2390266.108703744
27,2373547.693181778
28,2373547.693181778
29,2364713.711123999
30,2355237.1148745534
31,2338732.9682504893
32,2322788.6221611234
33,2310614.5086345007
34,2298777.1147840694
35,2298777.1147840694
36,2279472.090297767
37,2279472.090297767
38,2260770.4549566368
39,2260770.4549566368
40,2260659.3378612213
41,2253416.571520433
42,2248768.700616933
43,2225817.501219734
44,2200552.5141677833
45,2200552.5141677833
46,2200552.5141677833
47,2200552.5141677833
48,2190063.9146794374
49,2190063.9146794374
50,2190063.9146794374
51,2190063.9146794374
52,2189654.9256916875
53,2186348.87475291
54,2174064.0411259867
55,2174064.0411259867
56,2174064.0411259867
57,2172925.0264416984
58,2172665.2260719165
59,2171365.9568707645
60,2169687.4173683533
61,2168927.8375767097
62,2167321.017860348
63,2166209.6787743554
64,2159488.487434373
65,2159488.487434373
66,2159488.487434373
67,2158377.148348381
68,2158377.148348381
69,2156987.4619188593
70,2156590.6040261704
71,2156590.6040261704
72,2156384.808029816
73,2154735.321230512
74,2154735.321230512
75,2154735.321230512
76,2153316.582097883
77,2153316.582097883
78,2153316.582097883
79,2153316.582097883
80,2153316.582097883
