,0
0,2613873.9842288
1,2613873.9842288
2,2532589.700040746
3,2532589.700040746
4,2164235.838079512
5,2074114.9439886636
6,2074114.9439886636
7,2003665.3065798467
8,1863312.7136951885
9,1693776.43342382
10,1693776.43342382
11,1693776.43342382
12,1560831.2334143138
13,1466379.6697437516
14,1402195.6276000983
15,1389561.0570541373
16,1337515.6964408155
17,1293962.4052701138
18,1167740.572604459
19,1167740.572604459
20,1166565.2316571379
21,1151896.1499946432
22,1135555.9322251375
23,1090452.0507571646
24,1037487.99027437
25,1028983.7940780218
26,1028983.7940780218
27,1016772.6692985039
28,1009733.7071658495
29,977107.3668881647
30,977107.3668881647
31,961658.3482681033
32,961658.3482681033
33,959605.1474524383
34,955531.5673269143
35,952264.9060397393
36,948057.4340305806
37,943070.3675468997
38,931182.3609964808
39,931182.3609964808
40,926679.4974917237
41,925481.7410126955
42,922180.4898265817
43,917601.0146189404
44,916221.9676970949
45,913190.5571555311
46,911719.6982846609
47,908111.8979362997
48,906707.314773869
49,901989.9612954664
50,901989.9612954664
51,897350.883931479
52,897087.380545072
53,897087.380545072
54,895297.6831158139
55,895065.5718509341
56,895065.5718509341
57,895065.5718509341
58,893799.6498490791
59,893799.6498490791
60,893453.2484712298
61,892753.9882584009
62,892753.9882584009
63,892407.5868805517
64,892407.5868805517
65,892407.5868805517
66,892407.5868805517
67,892407.5868805517
