,0
0,2850844.081065438
1,2807917.041674515
2,2591485.6259180307
3,2591485.6259180307
4,2450707.003932377
5,2382667.5512058646
6,2204911.9099686113
7,2178994.6053995984
8,2135112.0493334117
9,2073082.3880569867
10,1843872.6861300117
11,1843872.6861300117
12,1806612.6057367716
13,1707859.6946705582
14,1707859.6946705582
15,1656967.664230968
16,1656967.664230968
17,1653690.059102586
18,1614520.49087331
19,1546922.4810758133
20,1535772.1697124182
21,1506088.7961291478
22,1480791.2739969578
23,1469224.6342475873
24,1448329.9177101296
25,1418635.409426936
26,1388123.3023224894
27,1368547.2322931918
28,1332869.722139762
29,1332869.722139762
30,1298171.8897837652
31,1291846.1685706617
32,1256084.4621237887
33,1246039.7743771854
34,1246039.7743771854
35,1231308.8611516485
36,1231308.8611516485
37,1223414.9981243836
38,1223414.9981243836
39,1212140.5625817904
40,1197440.730445744
41,1195192.5804077033
42,1188412.3246289382
43,1154572.4446203632
44,1154572.4446203632
45,1154572.4446203632
46,1146932.9924317978
47,1146932.9924317978
48,1143478.8060110388
49,1135074.0873849706
50,1131278.457756006
51,1126618.0192909047
52,1126618.0192909047
53,1126385.5614498234
54,1122809.0959418737
55,1117941.2969484366
56,1115955.6867207002
57,1115464.5673330384
58,1110710.630905884
59,1110710.630905884
60,1110710.630905884
61,1110710.630905884
62,1110710.630905884
