,0
0,2831495.6837635264
1,2670504.2842092365
2,2579533.2546391245
3,2449014.6749979695
4,2436373.148022725
5,2223819.587665484
6,2147059.083339415
7,2147059.083339415
8,2126972.4727878007
9,2046192.4570572043
10,2030814.9662188243
11,1886313.185673269
12,1868080.7343871407
13,1767597.698100431
14,1766351.4138269883
15,1692553.5928584223
16,1610172.0556600785
17,1610172.0556600785
18,1608864.5768175635
19,1546101.0757454047
20,1546101.0757454047
21,1494089.3284295776
22,1478071.5603021441
23,1460526.5041333002
24,1449630.9367834514
25,1431535.311213942
26,1394504.2038244805
27,1394504.2038244805
28,1341437.546990833
29,1331350.6836839928
30,1319404.1338839696
31,1309653.8444239018
32,1284160.077523267
33,1284160.077523267
34,1242692.5232955073
35,1242692.5232955073
36,1234617.7780309473
37,1212646.153770806
38,1201413.408877479
39,1191419.1050261136
40,1153508.6529707818
41,1153508.6529707818
42,1153508.6529707818
43,1152071.4060523813
44,1149896.715532851
45,1137764.351498146
46,1137764.351498146
47,1136322.1926686992
48,1136322.1926686992
49,1132689.0936922703
50,1132689.0936922703
51,1132689.0936922703
52,1132071.398049919
53,1132071.398049919
54,1130905.7505583018
55,1130905.7505583018
56,1130905.7505583018
57,1130905.7505583018
58,1130905.7505583018
