,0
0,2988865.9626771337
1,2888334.877154274
2,2619985.833803631
3,2558510.1186543037
4,2335940.584096697
5,2232208.168383503
6,2189574.2446147823
7,2117452.7529687197
8,2010922.2410240155
9,1649577.9345417402
10,1649577.9345417402
11,1649577.9345417402
12,1649577.9345417402
13,1649577.9345417402
14,1582141.9716422898
15,1549892.1717922927
16,1491452.7433757223
17,1437152.867032652
18,1339638.5593246578
19,1339638.5593246578
20,1312665.0151797875
21,1300735.6607899591
22,1258495.7016094916
23,1209333.5356047542
24,1209333.5356047542
25,1154752.4732754752
26,1134558.2375173876
27,1109861.4890849756
28,1099505.3694434727
29,1095634.9708419507
30,1072567.2924555393
31,1032535.8530966233
32,1023823.175558702
33,992497.0546045384
34,992497.0546045384
35,978985.8820477518
36,975950.8205946606
37,972243.1562970785
38,965638.2545887129
39,955351.9090961228
40,952564.3434166507
41,948497.2782205333
42,943174.8122672791
43,937554.9399731592
44,937554.9399731592
45,932405.0614815288
46,927006.0665294663
47,927006.0665294663
48,922842.354406649
49,922842.354406649
50,917028.6126925263
51,916045.0173204765
52,913291.0922929496
53,911358.9026923066
54,911358.9026923066
55,909665.3783303387
56,909665.3783303387
57,908681.7829582889
58,908681.7829582889
59,908681.7829582889
60,908681.7829582889
61,908681.7829582889
