,0
0,2908798.988750512
1,2641246.573232077
2,2641246.573232077
3,2559773.4994754954
4,2508775.869462737
5,2311222.7688093395
6,2195684.9748460893
7,2088700.092205881
8,2066095.8243283853
9,1970192.2709315794
10,1771750.9898752016
11,1739594.93051132
12,1615994.855834807
13,1577018.5430471273
14,1559808.439026039
15,1523148.5361004933
16,1456260.057806049
17,1434789.9110534831
18,1385240.1932179756
19,1353790.6237888401
20,1266524.768508987
21,1240349.0374251937
22,1240349.0374251937
23,1203692.1771670247
24,1130002.4747957238
25,1130002.4747957238
26,1130002.4747957238
27,1106279.9087777487
28,1106279.9087777487
29,1099741.9002063165
30,1099741.9002063165
31,1099741.9002063165
32,1095641.466401056
33,1083573.5404682974
34,1083573.5404682974
35,1083573.5404682974
36,1082096.3383139481
37,1079736.2605232943
38,1075840.77116284
39,1075840.77116284
40,1075784.325937879
41,1074984.0186472666
42,1073614.4779393033
43,1073614.4779393033
44,1072765.7560055193
45,1072765.7560055193
46,1072765.7560055193
47,1072757.7254237295
48,1072757.7254237295
49,1072757.7254237295
50,1072757.7254237295
51,1072757.7254237295
