,0
0,2875666.630164134
1,2813013.989475561
2,2740473.5980453314
3,2637019.009586305
4,2510856.42699894
5,2440567.467622473
6,2356036.0958190192
7,2193414.098527529
8,2083302.2186729605
9,2016943.2115550346
10,1945757.0798619415
11,1783189.8548686653
12,1783189.8548686653
13,1728502.08281939
14,1504292.7485986948
15,1504292.7485986948
16,1400774.445403207
17,1400774.445403207
18,1379890.9245260279
19,1305451.9813161455
20,1305451.9813161455
21,1281935.6958125583
22,1256207.804394055
23,1202483.2330411635
24,1174359.26846712
25,1172723.8404606201
26,1166225.9615574481
27,1166225.9615574481
28,1152736.3487045236
29,1136921.7260310173
30,1131290.6493338237
31,1123772.0722102947
32,1120973.0429807038
33,1116396.415567977
34,1116396.415567977
35,1112222.1704425598
36,1102816.868424077
37,1101424.4728772133
38,1094657.206387495
39,1094657.206387495
40,1087082.8459761748
41,1087082.8459761748
42,1087082.8459761748
43,1081357.4034524015
44,1079011.0962868491
45,1078768.646427225
46,1075540.484115296
47,1074155.755680167
48,1070471.544500305
49,1070471.544500305
50,1068013.9919733098
51,1067782.821539295
52,1067036.8502282703
53,1065753.0174433999
54,1065753.0174433999
55,1064630.1689192597
56,1064301.2010555698
57,1063542.245969671
58,1061105.05736528
59,1061105.05736528
60,1061105.05736528
61,1061105.05736528
62,1061105.05736528
