,0
0,2839354.1491130665
1,2732946.1103664534
2,2679483.775376443
3,2598467.835741583
4,2424470.2052211924
5,2343543.746294379
6,2246567.315250353
7,2155068.012423381
8,2070232.5598039252
9,1916135.0354599003
10,1695581.8189988665
11,1695581.8189988665
12,1695581.8189988665
13,1499861.780865327
14,1499861.780865327
15,1432199.120460669
16,1414958.4255854145
17,1315149.1188639333
18,1315149.1188639333
19,1237303.782536214
20,1237303.782536214
21,1184713.0688983544
22,1168817.4582494912
23,1159011.953897816
24,1127587.6429150866
25,1125921.5298294583
26,1110337.8219692833
27,1098077.8166306312
28,1074471.1331653455
29,1071939.1546380874
30,1071939.1546380874
31,1071939.1546380874
32,1070300.3974627603
33,1066187.42227751
34,1055809.532542843
35,1055809.532542843
36,1052945.617353555
37,1047982.417793943
38,1047982.417793943
39,1047795.8027343218
40,1044155.5131173973
41,1044155.5131173973
42,1044155.5131173973
43,1041821.8612625565
44,1039465.3982043595
45,1039189.5119794785
46,1035755.5269568332
47,1035755.5269568332
48,1035755.5269568332
49,1035755.5269568332
50,1033866.9043726538
51,1033866.9043726538
52,1033866.9043726538
53,1033866.9043726538
54,1033866.9043726538
