,0
0,2027873.7733102303
1,1946463.0219422895
2,1762977.9978534598
3,1686109.4588852483
4,1535777.9586360143
5,1459898.8997854264
6,1459898.8997854264
7,1362064.9883063259
8,1334287.5525779962
9,1334287.5525779962
10,1334287.5525779962
11,1193432.461088551
12,1193432.461088551
13,1108993.5628740452
14,1035432.0343017054
15,955090.4548735153
16,955090.4548735153
17,955090.4548735153
18,901305.252309062
19,901305.252309062
20,901305.252309062
21,878553.7034897848
22,842591.0281578219
23,808124.0338070948
24,807846.7110884851
25,789195.3235473166
26,772354.8145842622
27,743802.3352719428
28,743802.3352719428
29,743802.3352719428
30,737900.8421206078
31,724434.1756239502
32,721698.4640941848
33,720252.2812036943
34,711369.0944764868
35,711369.0944764868
36,707511.4274024871
37,707511.4274024871
38,698779.0897387752
39,698779.0897387752
40,698779.0897387752
41,697916.8741537635
42,696973.5017609464
43,696191.4504816128
44,693769.949044561
45,693769.949044561
46,692703.2118316777
47,692282.6419730847
48,691194.5446836831
49,691194.5446836831
50,690688.9013405582
51,688794.4033231495
52,688554.7633580333
53,688554.7633580333
54,688554.7633580333
55,688554.7633580333
56,688554.7633580333
