,0
0,2778926.0748685473
1,2740374.709982482
2,2626527.555345879
3,2423638.4843949084
4,2328909.012251578
5,2205324.962386911
6,2161660.1090009212
7,2002026.9765471714
8,2002026.9765471714
9,1875768.5304408537
10,1837877.440831178
11,1667188.3419339494
12,1627742.4118014618
13,1589425.3908688272
14,1536023.983835489
15,1470349.2923772328
16,1449292.1384683645
17,1334027.7980787458
18,1334027.7980787458
19,1301038.0734008553
20,1244770.8061826346
21,1165346.2401001386
22,1165346.2401001386
23,1102825.5121370938
24,1102825.5121370938
25,1081434.7295577677
26,1053424.6656252616
27,1053424.6656252616
28,1043151.7643216274
29,1027901.2884632843
30,987019.8650685728
31,987019.8650685728
32,986210.4106246384
33,972488.6427301134
34,967648.3060685105
35,961880.5132100986
36,943721.9282432315
37,940529.1917534949
38,940529.1917534949
39,937997.3550217665
40,932820.822927866
41,928172.0297484362
42,926508.419270866
43,923344.7169296442
44,919863.3668753008
45,915333.6957152745
46,909932.9468347558
47,909567.2188642173
48,908031.5819793799
49,906257.0546727898
50,904731.4238355351
51,902880.9453752306
52,902880.9453752306
53,900302.1945209219
54,899538.6464660824
55,899007.5244751235
56,899007.5244751235
57,899007.5244751235
58,898864.1860299148
59,898333.0640389561
60,898333.0640389561
61,898333.0640389561
62,898100.6379750753
63,897569.5159841166
64,897569.5159841166
65,897569.5159841166
66,897569.5159841166
67,897569.5159841166
