,0
0,3158706.236902988
1,3158706.236902988
2,3065710.7117879563
3,2990532.3829101594
4,2809298.6975255986
5,2809298.6975255986
6,2809298.6975255986
7,2809298.6975255986
8,2792251.3982362715
9,2749728.7166869435
10,2703308.769697814
11,2655824.139725467
12,2655824.139725467
13,2630931.5206781393
14,2598261.8738397188
15,2598261.8738397188
16,2598261.8738397188
17,2536340.8569211424
18,2536340.8569211424
19,2520083.341359193
20,2520083.341359193
21,2515635.2833047733
22,2476349.2523084716
23,2461181.981604248
24,2416571.5233759843
25,2416571.5233759843
26,2386287.609920242
27,2361937.737891974
28,2361937.737891974
29,2361937.737891974
30,2361937.737891974
31,2317869.745981595
32,2317869.745981595
33,2317789.7492632004
34,2310742.3172095194
35,2297909.8921567737
36,2297909.8921567737
37,2297909.8921567737
38,2284051.043260806
39,2269640.848540394
40,2269640.848540394
41,2259482.9241857203
42,2235477.2534407447
43,2235477.2534407447
44,2210422.919312894
45,2210422.919312894
46,2210422.919312894
47,2198244.9596407963
48,2186158.368320508
49,2173480.880468698
50,2159239.467319844
51,2159239.467319844
52,2156366.8826495726
53,2148120.210040089
54,2134734.8910603886
55,2125128.867085871
56,2125128.867085871
57,2117878.591712413
58,2111888.7647901215
59,2101367.317005295
60,2097141.8369423994
61,2072264.4425635687
62,2072264.4425635687
63,2072264.4425635687
64,2071640.271580654
65,2059945.8645128268
66,2057476.5177941048
67,2052858.128724696
68,2052858.128724696
69,2049706.4249616761
70,2046887.4969023198
71,2041359.7227677605
72,2040975.3943091258
73,2034598.310674442
74,2034598.310674442
75,2031782.0462550728
76,2029139.1528441878
77,2028980.5178536763
78,2027403.1692284495
79,2025679.7469926826
80,2025679.7469926826
81,2022927.901466004
82,2022927.901466004
83,2022860.385082438
84,2020515.7515003097
85,2018075.3460593722
86,2018075.3460593722
87,2017214.980639316
88,2017214.980639316
89,2017214.980639316
90,2017214.980639316
91,2017214.980639316
92,2016680.6928699848
93,2016680.6928699848
94,2016680.6928699848
95,2016680.6928699848
96,2016680.6928699848
