,0
0,2661293.3136342703
1,2559700.773114562
2,2559700.773114562
3,2357414.7791433353
4,2242618.6377409752
5,2087602.7313403315
6,2087602.7313403315
7,2028492.6201640824
8,1856316.1397234884
9,1815401.5684506348
10,1750401.7274278365
11,1552357.141527996
12,1548849.5747640554
13,1548849.5747640554
14,1520867.5794336163
15,1421733.1616639267
16,1367366.5165891878
17,1260254.0555923365
18,1260254.0555923365
19,1260254.0555923365
20,1222929.3462284303
21,1208048.1103951784
22,1167447.5458375856
23,1135039.0132563696
24,1126587.8746351732
25,1103907.1772788046
26,1103907.1772788046
27,1085597.391506707
28,1071402.206177557
29,1063821.924678447
30,1048428.555897434
31,1048428.555897434
32,1020052.6589246228
33,999755.2979929995
34,999755.2979929995
35,999755.2979929995
36,999755.2979929995
37,999755.2979929995
