,0
0,2870065.5138573837
1,2689664.8039709753
2,2549390.2748270286
3,2546474.0811335435
4,2484752.986486549
5,2447897.1346036363
6,2284679.235797945
7,2241228.852039281
8,2113630.4107298073
9,2054384.9619152583
10,1925526.9040806904
11,1925526.9040806904
12,1925526.9040806904
13,1925526.9040806904
14,1863043.026095569
15,1784000.140628264
16,1719868.3758721494
17,1719868.3758721494
18,1674692.673592174
19,1669643.471287705
20,1597027.0663803348
21,1584287.167734859
22,1584287.167734859
23,1583065.0385347104
24,1502223.4397505198
25,1502223.4397505198
26,1472582.861150406
27,1452679.1010329186
28,1446673.1813283858
29,1417790.580501661
30,1396424.109138377
31,1380604.9007052719
32,1371504.7469106335
33,1347625.2971850976
34,1347625.2971850976
35,1344427.0467480714
36,1319439.9320819776
37,1292123.5373322687
38,1292123.5373322687
39,1280747.3341663198
40,1280747.3341663198
41,1280747.3341663198
42,1278471.2523561453
43,1275830.8095649672
44,1265735.1914506375
45,1265735.1914506375
46,1252135.746194636
47,1252135.746194636
48,1247061.184313349
49,1243449.4792057467
50,1241743.885147695
51,1238425.7950249338
52,1235465.8027572872
53,1228958.813533947
54,1224826.4688326644
55,1224826.4688326644
56,1224826.4688326644
57,1221417.0052747834
58,1221417.0052747834
59,1221417.0052747834
60,1221417.0052747834
61,1221417.0052747834
