,0
0,2711226.4587543565
1,2711226.4587543565
2,2597471.6551729674
3,2416781.1765272715
4,2292429.812085657
5,2292429.812085657
6,2123959.942198877
7,1982753.683390116
8,1715861.5416093706
9,1715861.5416093706
10,1715861.5416093706
11,1615589.1157589413
12,1615589.1157589413
13,1578347.916437495
14,1435158.446305392
15,1435158.446305392
16,1427910.18633862
17,1383643.4722190376
18,1376957.0351245268
19,1362632.6287229457
20,1305849.8357971394
21,1261988.590849818
22,1187228.169341313
23,1187228.169341313
24,1154574.0783732974
25,1154574.0783732974
26,1113351.1184248962
27,1069926.9722528511
28,1058024.6627793862
29,1057207.8039629962
30,1042544.0299911969
31,1040476.3878592716
32,1015010.539811874
33,1011184.4907642307
34,996706.7342401892
35,993047.5515180244
36,987532.1938081388
37,985839.4974805068
38,978319.5156502079
39,971964.8849482619
40,971964.8849482619
41,968599.1718204024
42,967175.1047934995
43,964726.311009371
44,955956.820691522
45,954223.0069951017
46,952655.4141545431
47,949737.5002148316
48,948448.4021213484
49,946735.5991379895
50,946529.1066631872
51,945446.5010445063
52,943503.1662371217
53,942022.725172224
54,942022.725172224
55,942022.5714749143
56,939989.236557365
57,939005.6411853152
58,939005.6411853152
59,938834.6620730904
60,938834.6620730904
61,938834.6620730904
62,938834.6620730904
63,938834.6620730904
