,0
0,2709116.1566951657
1,2659087.104934134
2,2654644.199925286
3,2483502.7490346874
4,2250891.059055764
5,2216168.5897533963
6,1960568.5350777132
7,1960568.5350777132
8,1947800.0877092488
9,1747871.4811383365
10,1737577.0272364905
11,1664865.9495534203
12,1642721.7736872083
13,1468536.5116456004
14,1468536.5116456004
15,1385746.2690663652
16,1380834.415370509
17,1306927.853607386
18,1306927.853607386
19,1244275.0606815892
20,1176394.241756933
21,1106296.2343910274
22,1106296.2343910274
23,1028950.9984235549
24,1028950.9984235549
25,1028950.9984235549
26,1028950.9984235549
27,1014581.4819964714
28,1014581.4819964714
29,1008638.9158572756
30,976399.9918092294
31,976399.9918092294
32,975136.0321579262
33,974923.8230369297
34,962302.9896797548
35,961470.4606537707
36,952166.8989941903
37,952166.8989941903
38,952166.8989941903
39,950198.5286448938
40,940338.2746198053
41,940338.2746198053
42,934641.393215789
43,934641.393215789
44,931816.256040347
45,930774.1590543741
46,925576.1983133457
47,925576.1983133457
48,925576.1983133457
49,924792.938155791
50,922954.6525307123
51,920837.0174716138
52,920837.0174716138
53,920299.1528317197
54,920299.1528317197
55,920299.1528317197
56,920299.1528317197
57,920299.1528317197
