,0
0,2909468.9128732593
1,2908086.8312614285
2,2633993.2198794717
3,2553353.604357762
4,2383051.8153640083
5,2246765.6719303993
6,2246765.6719303993
7,2209832.311291926
8,2049709.0588859657
9,2018211.5092762625
10,1978241.0588715181
11,1929082.5311843753
12,1860780.0112560336
13,1724550.5461946053
14,1724550.5461946053
15,1578779.9093589068
16,1578779.9093589068
17,1556691.051395011
18,1482965.2383485548
19,1413985.5426455762
20,1403218.5957804078
21,1392323.3392278713
22,1373283.0286248645
23,1356881.5031854208
24,1262198.3380882172
25,1262198.3380882172
26,1226827.8454263527
27,1226827.8454263527
28,1197590.7828465612
29,1184681.0603910983
30,1149361.486875124
31,1137381.1101106997
32,1130439.9452486192
33,1101105.5902676014
34,1100871.0695872696
35,1100871.0695872696
36,1098965.082437119
37,1091249.0280767407
38,1084251.341295036
39,1081635.491462864
40,1078363.0334523574
41,1078363.0334523574
42,1076421.9633164469
43,1073746.1046525047
44,1073746.1046525047
45,1070534.804371667
46,1067276.260893997
47,1065123.4129529067
48,1064744.7751196125
49,1060744.7262915955
50,1058236.3943777753
51,1056573.9905890105
52,1056573.9905890105
53,1055117.7887127409
54,1051906.4884319033
55,1051148.4566206424
56,1051148.4566206424
57,1051148.4566206424
58,1051036.9136934099
59,1048616.4780933843
60,1048616.4780933843
61,1048509.672215736
62,1048509.672215736
63,1048509.672215736
64,1048509.672215736
65,1048509.672215736
