,0
0,3242043.213967623
1,3242043.213967623
2,3161315.6387152686
3,2966565.3868666315
4,2966565.3868666315
5,2829804.2747573573
6,2767129.6670493158
7,2767129.6670493158
8,2613892.3223737953
9,2591492.032896252
10,2591492.032896252
11,2591492.032896252
12,2555764.8095716643
13,2481775.8735311967
14,2481775.8735311967
15,2481775.8735311967
16,2481775.8735311967
17,2454467.7549141343
18,2438870.0914085
19,2421379.0518378965
20,2395909.943883237
21,2386725.5533003174
22,2373909.372021928
23,2326900.349879404
24,2324686.4576942283
25,2284498.0514639853
26,2284498.0514639853
27,2284381.249688867
28,2274397.9214614467
29,2274397.9214614467
30,2229545.3144192467
31,2229545.3144192467
32,2214972.676157951
33,2214972.676157951
34,2194815.559141679
35,2188826.6907215533
36,2188826.6907215533
37,2172199.8572965027
38,2169677.6793302097
39,2163652.6633649706
40,2158198.8607120872
41,2158198.8607120872
42,2148367.75378714
43,2147669.2030210677
44,2145140.8561248207
45,2143610.2368071545
46,2123485.1554132043
47,2123485.1554132043
48,2123485.1554132043
49,2123485.1554132043
50,2123262.959324485
51,2116237.5768890926
52,2108332.194830226
53,2102577.19806314
54,2102577.19806314
55,2102577.19806314
56,2101869.784334026
57,2092900.5925008215
58,2092900.5925008215
59,2092900.5925008215
60,2090871.0559472467
61,2090871.0559472467
62,2090871.0559472467
63,2089141.6948416345
64,2087922.5908336514
65,2087922.5908336514
66,2087922.5908336514
67,2087922.5908336514
68,2087922.5908336514
69,2086474.7348210318
70,2086474.7348210318
71,2086474.7348210318
72,2086474.7348210318
73,2086474.7348210318
