,0
0,2865127.130070077
1,2777007.0573121742
2,2671625.021882489
3,2659220.3955256455
4,2543880.7043495737
5,2473845.4403109076
6,2248761.846028839
7,1994647.8222734462
8,1994647.8222734462
9,1978003.7982053522
10,1897124.205324725
11,1829137.1756145502
12,1711861.869736981
13,1711861.869736981
14,1627208.20394862
15,1561063.6714034993
16,1561063.6714034993
17,1497465.0832410464
18,1435870.5604993212
19,1397538.8295583478
20,1354631.216449817
21,1286473.9209212097
22,1237993.4726077076
23,1226782.1827634429
24,1223484.3720655495
25,1174991.9756378208
26,1165252.1986445321
27,1156608.4040055901
28,1135582.9866382768
29,1133379.637626222
30,1106997.2184369252
31,1088013.2592733211
32,1088013.2592733211
33,1088013.2592733211
34,1083998.5448227501
35,1082360.940830986
36,1072698.8681873514
37,1072698.8681873514
38,1072621.9775036443
39,1065240.7916370032
40,1065240.7916370032
41,1060980.4502328383
42,1060648.2591007247
43,1056573.4845383924
44,1056237.6232228342
45,1051598.8140636228
46,1050238.9913556941
47,1050238.9913556941
48,1047733.7722463235
49,1047313.2999479558
50,1044561.3537917474
51,1041294.0027773436
52,1041294.0027773436
53,1035991.200633385
54,1035991.200633385
55,1035991.200633385
56,1032426.1561423218
57,1031201.2262850147
58,1030286.2815349019
59,1030286.2815349019
60,1030286.2815349019
61,1030021.4273323232
62,1029413.6627586425
63,1029413.6627586425
64,1029413.6627586425
65,1029413.6627586425
66,1029413.6627586425
67,1028499.2297016162
68,1028499.2297016162
69,1028499.2297016162
70,1028499.2297016162
71,1028450.8150584447
72,1028450.8150584447
73,1028450.8150584447
74,1028450.8150584447
75,1028450.8150584447
