,0
0,2962360.210761258
1,2691327.148313431
2,2691327.148313431
3,2520680.507006533
4,2354888.3123778813
5,2308766.741232996
6,2285274.313490011
7,2211815.415012231
8,2093492.2120476156
9,1878426.468026421
10,1837574.6537118468
11,1837574.6537118468
12,1820811.4821853582
13,1680454.7997870748
14,1630902.1154589567
15,1571974.5530038716
16,1502958.3889135176
17,1457086.688313089
18,1402266.0356594515
19,1402266.0356594515
20,1384311.9880404703
21,1332815.6852044445
22,1323472.0521772124
23,1255400.105871672
24,1242152.6936624194
25,1235383.851251108
26,1196827.5696887935
27,1196827.5696887935
28,1170949.7676803672
29,1152180.2137045492
30,1152180.2137045492
31,1137690.5885979775
32,1122923.6017930096
33,1108959.043922803
34,1108959.043922803
35,1095848.00801301
36,1090511.1331966892
37,1088449.8367108223
38,1082207.2082952382
39,1076286.8963833612
40,1068642.8792339806
41,1063680.852232314
42,1063680.852232314
43,1063680.852232314
44,1060718.8242813398
45,1058050.334277355
46,1057797.1766694253
47,1056636.1895724393
48,1051841.972245598
49,1048571.0917780948
50,1048571.0917780948
51,1048571.0917780948
52,1046639.0851118744
53,1046639.0851118744
54,1044239.1844884255
55,1044239.1844884255
56,1043426.591668942
57,1042744.623760012
58,1041053.8495101191
59,1040547.7442973105
60,1040547.7442973105
61,1040547.7442973105
62,1040547.7442973105
63,1039789.7124860496
64,1039789.7124860496
65,1039789.7124860496
66,1039789.7124860496
67,1039789.7124860496
