,0
0,2842378.713535371
1,2755333.5202046386
2,2633023.1072009904
3,2606382.75636372
4,2474043.2056921953
5,2293642.0648280135
6,2293642.0648280135
7,2225259.320427703
8,2225259.320427703
9,2017767.4643001396
10,2017767.4643001396
11,1933861.6618830066
12,1933861.6618830066
13,1848743.0639951578
14,1848743.0639951578
15,1833129.226040417
16,1705009.6369688353
17,1705009.6369688353
18,1682722.0949238914
19,1641728.862355699
20,1560309.9668257346
21,1560309.9668257346
22,1512492.8915710887
23,1494202.671544209
24,1468959.722683415
25,1426541.2971916315
26,1426142.8490247005
27,1411972.0598540162
28,1383194.3203904694
29,1363783.3039789624
30,1349256.5635464448
31,1342748.3801159312
32,1316507.1021458802
33,1316507.1021458802
34,1300204.5559539984
35,1300204.5559539984
36,1297455.699207346
37,1270340.5455395645
38,1263359.0600758626
39,1214970.9549318699
40,1214970.9549318699
41,1192993.3442020928
42,1188442.8510426693
43,1188442.8510426693
44,1175775.1556378792
45,1175775.1556378792
46,1169168.2333206097
47,1162468.2786549735
48,1160003.6256406496
49,1160003.6256406496
50,1160003.6256406496
51,1160003.6256406496
52,1160003.6256406496
