,0
0,2953332.3284781757
1,2807323.318004226
2,2707375.5811721077
3,2544928.6146361507
4,2485580.785123367
5,2485580.785123367
6,2207925.010959623
7,2207925.010959623
8,2153403.4489417854
9,2000326.8532552987
10,1973725.623329775
11,1973725.623329775
12,1884140.8749239873
13,1884140.8749239873
14,1884140.8749239873
15,1767742.8291340594
16,1767742.8291340594
17,1713123.2245006957
18,1658134.7425006907
19,1643037.3795527099
20,1586361.7456244158
21,1563273.577721957
22,1531416.0672115248
23,1521644.732139121
24,1441311.636499828
25,1441311.636499828
26,1407450.8998211122
27,1402160.1601437505
28,1384599.4395489865
29,1367798.3882779314
30,1347201.2042150898
31,1347201.2042150898
32,1330050.406126717
33,1330050.406126717
34,1306971.5369817053
35,1304501.8993017485
36,1293669.1287314522
37,1280509.5418964413
38,1279174.0076679382
39,1277609.6135056599
40,1265029.3812573073
41,1265029.3812573073
42,1259010.2182642124
43,1259010.2182642124
44,1252157.2167277636
45,1252157.2167277636
46,1252157.2167277636
47,1249211.3947604087
48,1244140.6254212987
49,1244140.6254212987
50,1243973.961273869
51,1241194.8034539437
52,1235957.369967404
53,1235957.369967404
54,1233011.548000049
55,1233011.548000049
56,1233011.548000049
57,1233011.548000049
58,1230730.4788507486
59,1230730.4788507486
60,1230730.4788507486
61,1230730.4788507486
62,1230730.4788507486
