,0
0,3034908.541824052
1,2853770.8123858343
2,2696549.4103901656
3,2562129.5534283323
4,2562129.5534283323
5,2353454.0342696123
6,2154803.626480336
7,2121330.476051867
8,1990924.264392334
9,1990924.264392334
10,1968472.582057423
11,1939047.0154360242
12,1889238.473918336
13,1870190.5691173493
14,1822395.6360779626
15,1751339.7908387226
16,1648272.6964799904
17,1648272.6964799904
18,1618164.159245914
19,1553914.887185196
20,1531113.951784152
21,1529527.0105271505
22,1529347.6643081387
23,1460891.0203351004
24,1423245.8437088293
25,1362767.596969001
26,1362767.596969001
27,1356357.3860045448
28,1333395.4901424805
29,1286131.3049276597
30,1284965.6574360426
31,1284965.6574360426
32,1283256.1992470145
33,1249781.2989630864
34,1247014.4026926458
35,1246785.3401186042
36,1231740.0931594353
37,1214938.7490072085
38,1208235.913011275
39,1200631.3273067328
40,1200631.3273067328
41,1192161.1571786178
42,1190482.2996167254
43,1185334.5699980808
44,1185334.5699980808
45,1182851.0421676303
46,1182851.0421676303
47,1182851.0421676303
48,1182851.0421676303
49,1182851.0421676303
