,0
0,2656894.651704297
1,2481084.0200017192
2,2481084.0200017192
3,2442126.5048418175
4,2282107.1671799286
5,2095732.1697288381
6,2058894.602584197
7,2058894.602584197
8,1840558.2977246002
9,1840558.2977246002
10,1758296.5292680888
11,1758296.5292680888
12,1653260.284464622
13,1606368.2127816589
14,1574312.9203626604
15,1498314.7339921407
16,1454629.724805383
17,1372276.0582942502
18,1299265.0673248137
19,1299265.0673248137
20,1261421.487194788
21,1253418.9908523106
22,1176500.9311833165
23,1161576.3775048568
24,1124205.8714891234
25,1114426.007448708
26,1078364.2008973542
27,1051932.173206026
28,1042837.0509047888
29,1027574.6730827553
30,1025508.5805826872
31,1011445.7882020271
32,996699.6134748396
33,988584.5529848376
34,979714.7495307687
35,965139.4945603481
36,955857.2231035671
37,953220.2293587051
38,942335.3796703502
39,935830.2441743824
40,935794.4027036987
41,931339.8841514603
42,927068.7811594185
43,924533.3818971069
44,922899.1885538001
45,913671.9328043023
46,913671.9328043023
47,913671.9328043023
48,913671.9328043023
49,909107.3175984867
50,909107.3175984867
51,906120.9375273789
52,906120.9375273789
53,906120.9375273789
54,906120.9375273789
55,905238.6279221534
56,904682.929036372
57,903440.7271776114
58,902938.0720897657
59,902635.9103079854
60,901300.7973074191
61,901300.7973074191
62,901300.7973074191
63,901300.7973074191
64,901300.7973074191
