,0
0,3265734.032994136
1,3250593.321047257
2,3250593.321047257
3,3165188.450831196
4,3024949.0642565507
5,2968266.4849772113
6,2904854.1700237035
7,2825897.572503629
8,2808912.517924477
9,2780531.80645329
10,2739969.703701562
11,2695847.845614469
12,2690638.5741815246
13,2629057.8592900126
14,2617142.756794691
15,2606198.2374886777
16,2601138.0634757816
17,2524477.7540111737
18,2524477.7540111737
19,2524477.7540111737
20,2473493.3075125134
21,2454531.8375717895
22,2454531.8375717895
23,2444110.060149506
24,2394474.197213503
25,2387053.535618393
26,2360304.542842733
27,2360304.542842733
28,2343771.1701510665
29,2343771.1701510665
30,2329342.736651519
31,2300912.2623742395
32,2283878.3625277663
33,2272690.702806504
34,2272690.702806504
35,2272690.702806504
36,2263218.3441528846
37,2249444.608968519
38,2232790.3033610014
39,2231713.2750634835
40,2230762.1071116147
41,2222819.405899972
42,2216790.7931335475
43,2208765.879964507
44,2196595.056099019
45,2192489.6185284974
46,2188642.4534248766
47,2175799.9816180393
48,2172390.9525990407
49,2172390.9525990407
50,2164346.549574503
51,2156373.0610191245
52,2151765.0220853365
53,2147170.7965018474
54,2145603.4958808604
55,2144152.798619866
56,2135939.3581577996
57,2135939.3581577996
58,2129930.5656275833
59,2125317.354471734
60,2120535.5596576626
61,2120302.339077177
62,2118150.4191172775
63,2116640.3455974725
64,2108175.5278339614
65,2108175.5278339614
66,2106174.7908394537
67,2102244.6101109916
68,2101708.0971215935
69,2097203.893763082
70,2096952.559298453
71,2096952.559298453
72,2090736.4630507142
73,2090736.4630507142
74,2090736.4630507142
75,2084906.2663506814
76,2084906.2663506814
77,2081523.9560012019
78,2081523.9560012019
79,2081523.9560012019
80,2081523.9560012019
81,2081523.9560012019
