,0
0,2008946.8940004385
1,1927876.4539640765
2,1828833.451728237
3,1728097.1547659764
4,1630546.4241440727
5,1522051.7943995309
6,1522051.7943995309
7,1454193.1808380233
8,1437004.2624458787
9,1355640.9316559236
10,1295913.0837370378
11,1200517.7130687174
12,1148391.661095587
13,1096032.132391251
14,1071141.0197227166
15,997709.4237127979
16,962714.1553327936
17,943417.6370902607
18,920161.2890755108
19,890495.2055729611
20,832977.1070186895
21,832977.1070186895
22,832977.1070186895
23,832977.1070186895
24,785676.8398985271
25,785573.4445632573
26,747878.6485060154
27,747878.6485060154
28,739643.6573062075
29,739643.6573062075
30,733552.2979289708
31,730318.2325532368
32,728038.0590376208
33,727361.9025547305
34,719410.2651586086
35,711304.4435845041
36,711304.4435845041
37,710568.5797454338
38,709545.376734566
39,704958.6530644821
40,704024.3832603059
41,702499.6502247514
42,702216.4084498113
43,701948.4477165345
44,700478.2850456374
45,700478.2850456374
46,700478.2850456374
47,699988.8620984391
48,699988.8620984391
49,699988.8620984391
50,699988.8620984391
51,699988.8620984391
