,0
0,3195226.6595989056
1,3195226.6595989056
2,3157906.8334816797
3,3098755.4957577577
4,3022672.7839293005
5,2906614.1627062615
6,2892468.0838956954
7,2712449.935131137
8,2712449.935131137
9,2712449.935131137
10,2641072.0928917937
11,2630126.8755613677
12,2630126.8755613677
13,2573878.982812363
14,2573878.982812363
15,2545545.8747624094
16,2536464.850763962
17,2486425.335784053
18,2486425.335784053
19,2486425.335784053
20,2443065.4836567976
21,2443065.4836567976
22,2440350.543298219
23,2440350.543298219
24,2395709.358919324
25,2343398.6734678824
26,2343398.6734678824
27,2306491.3186117196
28,2306491.3186117196
29,2306491.3186117196
30,2306172.398180111
31,2306172.398180111
32,2306172.398180111
33,2299338.017678088
34,2272220.3279740666
35,2267232.903920983
36,2226929.604905065
37,2226929.604905065
38,2217308.366430484
39,2204015.3459698744
40,2203475.2688965634
41,2186309.388695631
42,2182844.3678757153
43,2154045.5677488283
44,2154045.5677488283
45,2154045.5677488283
46,2117183.7033842886
47,2117183.7033842886
48,2117183.7033842886
49,2117183.7033842886
50,2117183.7033842886
