,0
0,2819037.2688100175
1,2819037.2688100175
2,2714365.017991359
3,2597322.3630206333
4,2546291.1725447574
5,2546291.1725447574
6,2338121.254582274
7,2195584.6103327954
8,2148893.2634037593
9,2043434.6719380813
10,1966161.1366277817
11,1923131.9662613063
12,1781726.0474491175
13,1780869.2401143808
14,1759771.3103249536
15,1631019.5538850937
16,1593868.5768314728
17,1544921.4092022288
18,1486601.3236598894
19,1486601.3236598894
20,1412958.0218953565
21,1354340.386198464
22,1319848.608135241
23,1304521.608194311
24,1291362.029650025
25,1259351.4198211168
26,1221492.4385825386
27,1197544.6317279574
28,1135966.634112696
29,1135966.634112696
30,1135966.634112696
31,1135966.634112696
32,1128094.2958859864
33,1101764.5497996192
34,1094614.539867111
35,1094614.539867111
36,1094444.4891651757
37,1087867.2777424308
38,1082178.4856346268
39,1081358.5044889566
40,1076604.552355068
41,1076604.552355068
42,1076604.552355068
43,1069277.0154610907
44,1069277.0154610907
45,1065221.7343651047
46,1060131.3629236727
47,1060131.3629236727
48,1060131.3629236727
49,1060131.3629236727
50,1060131.3629236727
51,1060123.3323418829
52,1060123.3323418829
53,1059682.228329294
54,1059682.228329294
55,1057123.1301939532
56,1057115.0996121634
57,1057115.0996121634
58,1056732.951247544
59,1056732.951247544
60,1056357.0678009028
61,1056357.0678009028
62,1056357.0678009028
63,1056357.0678009028
64,1056357.0678009028
