,0
0,2796036.0764651005
1,2796036.0764651005
2,2796036.0764651005
3,2644408.01876509
4,2508584.6223846828
5,2464139.7565563507
6,2346599.7014189586
7,2175399.49366528
8,2103838.7256774306
9,2100721.5901188524
10,1933276.0941046844
11,1894188.8168869438
12,1820637.3868905476
13,1802570.2096136382
14,1591741.7169602488
15,1591741.7169602488
16,1587769.9640853864
17,1532009.9819758034
18,1457046.0201573938
19,1456304.3951132814
20,1387660.86181707
21,1269376.4329419096
22,1269376.4329419096
23,1259706.2382648988
24,1258869.7864712975
25,1210930.3556728764
26,1191946.345796331
27,1159612.7062257833
28,1134844.1297917992
29,1134844.1297917992
30,1130460.7239076095
31,1110445.1707915587
32,1110445.1707915587
33,1110445.1707915587
34,1103760.9585383197
35,1103760.9585383197
36,1096611.4659544665
37,1088145.7750093746
38,1078458.19926044
39,1077594.846160009
40,1075931.2965272402
41,1058689.9110559947
42,1058689.9110559947
43,1056068.537820182
44,1055496.6767522332
45,1052493.3389318718
46,1051516.429086789
47,1043796.6874989436
48,1043796.6874989436
49,1037444.9082192333
50,1037444.9082192333
51,1037444.9082192333
52,1037444.9082192333
53,1034679.8026746956
54,1034679.8026746956
55,1033323.3673722119
56,1032901.9380933897
57,1031660.9635834469
58,1031660.9635834469
59,1031660.9635834469
60,1031660.9635834469
61,1031660.9635834469
