,0
0,2866437.3770418554
1,2572650.0743180704
2,2572650.0743180704
3,2405976.674834448
4,2405976.674834448
5,2214956.980219451
6,2103005.5162083046
7,2103005.5162083046
8,1893491.2294531544
9,1893491.2294531544
10,1763089.6099398423
11,1683016.5411586894
12,1683016.5411586894
13,1521567.5111854135
14,1521567.5111854135
15,1450343.3488702497
16,1393413.2262473265
17,1362800.5085727852
18,1356593.2604993044
19,1356593.2604993044
20,1257579.128432252
21,1170638.6490942074
22,1127855.4326695472
23,1127855.4326695472
24,1111096.5730172892
25,1083513.9687595335
26,1035887.8599836086
27,1035887.8599836086
28,1019181.6219154326
29,1015708.7210700036
30,992437.8422517701
31,992437.8422517701
32,990121.673500578
33,975708.9992085578
34,975708.9992085578
35,962179.4696501491
36,962179.4696501491
37,960190.1227840253
38,945670.404330252
39,945670.404330252
40,943031.4500248269
41,935282.8565426619
42,933589.3321806941
43,931514.7260656338
44,931514.7260656338
45,926066.1415391741
46,923552.9576654404
47,918784.5538624914
48,918784.5538624914
49,912955.1362150398
50,912955.1362150398
51,910089.4947235724
52,909344.7026296741
53,908206.1251531699
54,906421.09816583
55,903893.3629556973
56,902123.6476217627
57,902123.6476217627
58,902123.6476217627
59,901465.2285976064
60,898089.1161723658
61,898089.1161723658
62,898089.1161723658
63,898037.021926311
64,897104.0843628311
65,897104.0843628311
66,897104.0843628311
67,897104.0843628311
68,897104.0843628311
