,0
0,2026620.7941276503
1,1893124.8197219402
2,1826416.8664737553
3,1804952.1359438384
4,1611124.1827222249
5,1611124.1827222249
6,1563132.661670979
7,1502475.4017414672
8,1421683.9977278123
9,1387072.633471488
10,1295678.5345023512
11,1126002.0029108587
12,1126002.0029108587
13,1126002.0029108587
14,984310.117588999
15,984310.117588999
16,984310.117588999
17,984310.117588999
18,970101.3575538953
19,837334.9285405312
20,837334.9285405312
21,837334.9285405312
22,837334.9285405312
23,828846.0873940302
24,773627.1737515576
25,773627.1737515576
26,770803.3769326486
27,757337.4225341443
28,721642.0363625837
29,721642.0363625837
30,721642.0363625837
31,717094.4452848334
32,710170.3374997134
33,710170.3374997134
34,706760.9040393028
35,703274.2274446888
36,697145.6540223367
37,694680.8501047717
38,694680.8501047717
39,694680.8501047717
40,686944.9568090885
41,685926.453885633
42,685926.453885633
43,683579.702185771
44,678174.5139112938
45,675877.4766644438
46,675233.0027937099
47,674472.9022860291
48,671989.9605752074
49,671989.9605752074
50,670844.3544692867
51,669945.1234569086
52,669507.879842586
53,668031.7055085968
54,667365.8026165466
55,666876.3796693484
56,666876.3796693484
57,666876.3796693484
58,666676.8544505896
59,666676.8544505896
60,666676.8544505896
61,666676.8544505896
62,666676.8544505896
