,0
0,3172299.712767817
1,3172299.712767817
2,3172299.712767817
3,2828151.2514437595
4,2828151.2514437595
5,2828151.2514437595
6,2828151.2514437595
7,2786413.969829026
8,2731179.9818198527
9,2676673.939899483
10,2676673.939899483
11,2603358.8350600675
12,2603358.8350600675
13,2575349.354407931
14,2540045.0054110605
15,2540045.0054110605
16,2540045.0054110605
17,2531061.2650115713
18,2487423.118367879
19,2487423.118367879
20,2475587.8670125087
21,2475587.8670125087
22,2461770.8524445337
23,2438818.835706182
24,2426686.9434905495
25,2400688.7924952456
26,2400688.7924952456
27,2393194.064982318
28,2375079.178160789
29,2363716.8007959914
30,2334091.41659491
31,2312188.909626642
32,2312188.909626642
33,2281289.137241718
34,2281289.137241718
35,2281289.137241718
36,2281289.137241718
37,2260297.978856012
38,2260297.978856012
39,2227488.4918755377
40,2227488.4918755377
41,2227488.4918755377
42,2211582.137565714
43,2199413.09975997
44,2183823.3155983775
45,2183823.3155983775
46,2183823.3155983775
47,2171246.324171747
48,2166115.52502909
49,2161258.021166721
50,2158513.6556974035
51,2142375.360841085
52,2133576.504149939
53,2126938.9796836562
54,2126938.9796836562
55,2121263.6972662583
56,2121263.6972662583
57,2107932.7899090126
58,2105942.9518450545
59,2105942.9518450545
60,2103337.490097647
61,2102757.3534903135
62,2099523.48180443
63,2084768.6219625294
64,2084768.6219625294
65,2084768.6219625294
66,2075704.0548819278
67,2070764.5102099308
68,2068863.6924506063
69,2068863.6924506063
70,2068863.6924506063
71,2065238.554698657
72,2062233.9383620215
73,2059714.4245091581
74,2059589.8220123698
75,2058585.321435739
76,2056668.1471328507
77,2056668.1471328507
78,2055490.3424817687
79,2053844.5449364176
80,2053749.0832665586
81,2053749.0832665586
82,2053749.0832665586
83,2053749.0832665586
84,2052821.6005346505
85,2051161.1035037427
86,2051031.6397417774
87,2051031.6397417774
88,2051031.6397417774
89,2051031.6397417774
90,2051031.6397417774
