,0
0,2816410.158914161
1,2665380.2360940417
2,2356317.664360293
3,2356317.664360293
4,2108322.1447937447
5,2108322.1447937447
6,1965785.6479954896
7,1937083.8846882626
8,1846012.4955344824
9,1716237.928872809
10,1629861.488902972
11,1520124.152609246
12,1520124.152609246
13,1483506.9685268018
14,1442742.1253326507
15,1426606.8024545761
16,1337381.7575443038
17,1296149.6059139364
18,1173706.8926522592
19,1173706.8926522592
20,1165234.0294938534
21,1119286.1415747218
22,1084453.010061982
23,1084453.010061982
24,1026622.9338876803
25,1026622.9338876803
26,1020280.3985675587
27,978621.4006455729
28,978621.4006455729
29,978621.4006455729
30,978621.4006455729
31,963509.3135843403
32,950978.397949378
33,950978.397949378
34,943526.855934582
35,939018.7817186025
36,935977.4814838127
37,932032.7490760799
38,923224.6577054403
39,923224.6577054403
40,916607.0705071224
41,913629.6636348446
42,911300.4688135667
43,907344.5481293895
44,905119.5280493044
45,905119.5280493044
46,904712.7764337452
47,903016.3772585113
48,901738.106401335
49,901738.106401335
50,901738.106401335
51,900404.6607194988
52,899115.5626260156
53,899106.3267983317
54,899106.3267983317
55,899106.3267983317
56,899106.3267983317
57,899106.3267983317
