,0
0,2105759.416435799
1,1943153.118209527
2,1845302.4074568453
3,1785463.1690915937
4,1740267.5288989032
5,1648309.4708362164
6,1648309.4708362164
7,1614245.5547387744
8,1457003.4597683202
9,1397725.0660354288
10,1347827.431933804
11,1347827.431933804
12,1304560.0005694255
13,1267730.1092440404
14,1227472.442644226
15,1094403.6081736316
16,1079572.9161709847
17,1051602.2049561096
18,1017878.5100609432
19,1017878.5100609432
20,974328.0438798706
21,950947.7885551908
22,950947.7885551908
23,913707.3542122487
24,902929.1351082979
25,875197.2135630117
26,875197.2135630117
27,854326.9614883311
28,839672.4417915537
29,824486.6056612609
30,820300.2303017762
31,809067.662899599
32,800951.8298244006
33,792426.1441910301
34,787446.7545674819
35,774552.2661540825
36,772958.6109591372
37,766732.5044005087
38,756621.6319280572
39,756621.6319280572
40,748964.3837138884
41,748964.3837138884
42,744208.7559161629
43,744208.7559161629
44,740304.4195718069
45,737570.0336398457
46,735712.1635819218
47,735138.1089652727
48,730295.639205912
49,728205.6895745851
50,727294.9610288338
51,724037.3500778779
52,722464.5324715296
53,722310.9908048882
54,722310.9908048882
55,718823.3614701487
56,718013.0231846453
57,715419.9258800755
58,715419.9258800755
59,715419.9258800755
60,715406.9899570427
61,713476.2613570471
62,713476.2613570471
63,713476.2613570471
64,713476.2613570471
65,713322.7196904058
66,713322.7196904058
67,713322.7196904058
68,713322.7196904058
69,713322.7196904058
