,0
0,2887187.1670367755
1,2555671.003496467
2,2555671.003496467
3,2230825.6161189126
4,2230825.6161189126
5,2215993.6457208847
6,1972251.8722356444
7,1972251.8722356444
8,1903931.5486305237
9,1894083.698926471
10,1810256.7618825682
11,1790793.6251484675
12,1686805.4498260743
13,1609098.6410647873
14,1496073.2845303968
15,1490057.000113844
16,1386133.1799725178
17,1386133.1799725178
18,1386133.1799725178
19,1378739.141652538
20,1299779.4302785478
21,1255776.3384171366
22,1237977.6279338324
23,1237977.6279338324
24,1173437.7931388447
25,1148665.4557029651
26,1133173.4138731142
27,1111653.4197532134
28,1085542.5877311057
29,1072786.1573720444
30,1072786.1573720444
31,1047433.3854014619
32,1036593.1501080926
33,1025624.0977132905
34,1007541.6365924579
35,1006328.5170465547
36,981609.6653317877
37,981609.6653317877
38,974758.9571758033
39,974758.9571758033
40,973222.4294572371
41,967076.5010720647
42,961092.9326786089
43,960845.9865108624
44,956220.9279383622
45,955989.2707377096
46,946408.4212449471
47,946408.4212449471
48,940501.5012653755
49,940501.5012653755
50,936277.6576507315
51,935830.1660083443
52,932169.2590684729
53,928030.2263729182
54,928030.2263729182
55,926420.0589683257
56,924878.816244217
57,922825.6154285519
58,921842.0200565018
59,921842.0200565018
60,921842.0200565018
61,921842.0200565018
62,921842.0200565018
