,0
0,3388228.092620667
1,3181729.1870269445
2,3037512.406607121
3,3037512.406607121
4,2964778.9277012665
5,2957398.738847463
6,2897869.2213514512
7,2800904.370692246
8,2739861.5143995713
9,2696641.6388872233
10,2625998.1812159703
11,2625998.1812159703
12,2625998.1812159703
13,2622243.1165133296
14,2600138.9115255848
15,2583479.1764342883
16,2490357.4089100384
17,2490357.4089100384
18,2490357.4089100384
19,2467020.9527534703
20,2452693.5749967555
21,2447099.208215252
22,2441602.4250846584
23,2441602.4250846584
24,2428254.781148273
25,2405570.2851843615
26,2368700.757470325
27,2362027.31955046
28,2362027.31955046
29,2362027.31955046
30,2341122.833110277
31,2341122.833110277
32,2341122.833110277
33,2313116.3351057586
34,2304004.6833804427
35,2275274.4725983455
36,2275274.4725983455
37,2275274.4725983455
38,2264760.7226700727
39,2255693.7482924783
40,2241642.0225393213
41,2230419.4547992353
42,2226578.940097132
43,2204228.0841530086
44,2204228.0841530086
45,2202299.0402347003
46,2187060.7624217574
47,2172023.4047264205
48,2159808.273575634
49,2159808.273575634
50,2135504.8230826505
51,2130043.5844630483
52,2130043.5844630483
53,2130043.5844630483
54,2130043.5844630483
55,2121687.793122149
56,2120922.308152769
57,2111867.205564001
58,2094408.0401663277
59,2094408.0401663277
60,2085515.7655911634
61,2085515.7655911634
62,2085515.7655911634
63,2082617.572764596
64,2082617.572764596
65,2077589.4028552978
66,2075239.570868826
67,2074103.158984243
68,2067740.8213531168
69,2067740.8213531168
70,2067116.3240137591
71,2063836.1647722165
72,2063836.1647722165
73,2062924.6099513068
74,2062924.6099513068
75,2062924.6099513068
76,2062924.6099513068
77,2061892.9677629932
78,2061892.9677629932
79,2061892.9677629932
80,2061587.4925685704
81,2061587.4925685704
82,2061587.4925685704
83,2061587.4925685704
84,2061587.4925685704
