,0
0,2809869.9379469696
1,2783927.44450841
2,2723960.297595148
3,2556781.3702128637
4,2493592.530952559
5,2233495.272967835
6,2193648.4483960154
7,2193648.4483960154
8,2193648.4483960154
9,1977598.069448868
10,1977598.069448868
11,1930073.1651344884
12,1861866.3007843224
13,1766597.9001087171
14,1649757.6585916558
15,1641407.8779825324
16,1553625.7009413342
17,1516865.692482898
18,1374445.0331097601
19,1337915.4436267489
20,1309667.2177602411
21,1309667.2177602411
22,1258161.5640600608
23,1258161.5640600608
24,1235380.5779170773
25,1215932.016410714
26,1188105.8733111522
27,1160504.363307956
28,1149958.4226317233
29,1149958.4226317233
30,1147261.9058125236
31,1134643.240898262
32,1131405.2551261494
33,1123475.7440098238
34,1121237.2502670686
35,1113276.596436239
36,1113028.9957957983
37,1109453.8302272975
38,1103221.4741661823
39,1102750.8572585708
40,1097002.0733569919
41,1093328.296572624
42,1093048.6910202608
43,1093048.6910202608
44,1086253.7296048617
45,1083310.2961712938
46,1082731.4067499663
47,1080561.5587513903
48,1080561.5587513903
49,1080561.5587513903
50,1077994.43003426
51,1077994.43003426
52,1076700.2335743916
53,1076302.952855837
54,1076302.952855837
55,1074133.1048572613
56,1074133.1048572613
57,1074133.1048572613
58,1074133.1048572613
59,1074133.1048572613
