,0
0,2853597.479417191
1,2853597.479417191
2,2635645.332454191
3,2582541.2836197275
4,2511519.554514505
5,2390222.0978841446
6,2358481.2458712407
7,2298334.0363747873
8,2155666.0871329764
9,1992257.9188185928
10,1992257.9188185928
11,1992257.9188185928
12,1952451.5794963
13,1917135.282753368
14,1878469.7784459672
15,1799562.023839137
16,1703135.251576928
17,1703135.251576928
18,1699235.5104424676
19,1647591.828710563
20,1620376.886068603
21,1567136.728021675
22,1507208.692520493
23,1494352.2227923216
24,1464238.9024702567
25,1464238.9024702567
26,1444073.2786366171
27,1423773.9671338855
28,1387140.7956329745
29,1369892.1798564862
30,1350833.6338316153
31,1319479.9928687927
32,1276408.533147421
33,1276408.533147421
34,1276408.533147421
35,1258230.7578632424
36,1243646.7613132207
37,1238731.560587342
38,1215887.9372312648
39,1215887.9372312648
40,1213090.876101623
41,1201613.7895921136
42,1190913.2571302354
43,1180604.59434537
44,1180604.59434537
45,1180604.59434537
46,1162329.8582339778
47,1162329.8582339778
48,1157994.1679722252
49,1156855.8327361932
50,1152972.2822163526
51,1148878.7103076284
52,1147095.3671736596
53,1147095.3671736596
54,1147095.3671736596
55,1147095.3671736596
56,1147095.3671736596
