,0
0,2770636.999236414
1,2664090.037641326
2,2606218.3419255377
3,2457465.6919702133
4,2391424.698321957
5,2149906.100068319
6,2070306.6565536032
7,2070306.6565536032
8,2064818.8097701964
9,1824438.199265897
10,1824438.199265897
11,1700706.652862465
12,1700706.652862465
13,1700706.652862465
14,1578664.7684862055
15,1517516.1429136987
16,1415479.172227887
17,1350826.0083091334
18,1350826.0083091334
19,1255517.4537489766
20,1255517.4537489766
21,1249864.8583788436
22,1210135.1870798091
23,1191424.8469036089
24,1164450.998788155
25,1081347.1173912184
26,1055644.7272816617
27,1051493.4551827675
28,1021405.8306383676
29,1021405.8306383676
30,1009313.3406414575
31,983419.7654874154
32,981821.0264828108
33,981821.0264828108
34,977459.5472547889
35,961647.1587608897
36,934147.5568795927
37,934147.5568795927
38,933274.150816749
39,933274.150816749
40,933227.8039885149
41,926346.335988427
42,925253.5824178623
43,923000.6323891839
44,919862.172813809
45,919862.172813809
46,916214.1495501518
47,912496.8894719806
48,909387.0594576844
49,905124.8161799671
50,905124.8161799671
51,903455.2052998199
52,902035.6334919223
53,898236.9650975312
54,897321.5954639306
55,897321.5954639306
56,894259.178172142
57,894259.178172142
58,892970.0800786589
59,892417.2401594496
60,892417.2401594496
61,891867.6130106016
62,891627.3985691387
63,890727.2547180257
64,890727.2547180257
65,890189.3900781316
66,890189.3900781316
67,890174.4147988167
68,890174.4147988167
69,890174.4147988167
70,890174.4147988167
71,890174.4147988167
