,0
0,2773942.163071612
1,2531511.4525509924
2,2497726.1922028144
3,2335347.212971773
4,2235132.51114139
5,2235132.51114139
6,2108641.82205798
7,1998518.084470613
8,1965508.5027510147
9,1920320.990362551
10,1774343.2159303585
11,1774343.2159303585
12,1578076.3428632899
13,1572107.7382200477
14,1474874.263915792
15,1468778.854665691
16,1468778.854665691
17,1408440.4249421814
18,1381878.2323524486
19,1354765.8793327785
20,1262327.8937670337
21,1262327.8937670337
22,1231024.8460073369
23,1164774.7240879983
24,1164774.7240879983
25,1145728.7659139407
26,1127008.8970596015
27,1101392.350547364
28,1082859.0355967232
29,1036185.702044932
30,1016839.5948225529
31,1002627.0341200237
32,990153.6666851393
33,990153.6666851393
34,987912.9782081535
35,975091.8194014443
36,957594.5377264742
37,954841.1104287292
38,951236.4466794805
39,942046.8551486647
40,932765.9974412255
41,930574.6385570702
42,927629.7913351584
43,921885.1935184574
44,921885.1935184574
45,921885.1935184574
46,921885.1935184574
47,918026.6905685609
48,914166.6519033321
49,912729.494417218
50,910611.3205811263
51,906665.3622319887
52,906665.3622319887
53,906665.3622319887
54,902533.7510412011
55,902533.7510412011
56,902465.7079337537
57,901550.3383001531
58,898973.3806098814
59,898973.3806098814
60,898736.097619035
61,897225.6493523698
62,897225.6493523698
63,895855.8779711174
64,895855.8779711174
65,895855.8779711174
66,894980.2829688701
67,894980.2829688701
68,894980.2829688701
69,894442.418328976
70,894442.418328976
71,894442.418328976
72,894442.418328976
73,894442.418328976
