,0
0,2873100.7518838285
1,2835053.1896621226
2,2740514.11085527
3,2622970.967696847
4,2356386.8912006854
5,2274496.350244311
6,2274496.350244311
7,2274496.350244311
8,2118650.5422193836
9,2081287.9544000106
10,2054897.5142002262
11,1943463.6155259043
12,1943463.6155259043
13,1911204.1190005294
14,1843492.826926037
15,1758681.1479150774
16,1701665.2323468886
17,1659621.923707629
18,1659621.923707629
19,1652027.3583568283
20,1635608.9143857143
21,1590966.941506713
22,1533649.3354015837
23,1531265.3799082045
24,1482927.3623319438
25,1439443.7461595037
26,1439443.7461595037
27,1412965.154632463
28,1410562.5440141123
29,1357319.9961627645
30,1357319.9961627645
31,1323988.8031198003
32,1323988.8031198003
33,1323988.8031198003
34,1312394.4118905414
35,1307555.4651926847
36,1287088.2156985865
37,1287088.2156985865
38,1277257.8252117408
39,1262035.2237220218
40,1262035.2237220218
41,1262035.2237220218
42,1258148.5281667556
43,1254724.392459047
44,1249361.5747429128
45,1235079.7946247226
46,1235079.7946247226
47,1232085.4654251772
48,1232085.4654251772
49,1229781.4826975283
50,1229781.4826975283
51,1229781.4826975283
52,1229781.4826975283
53,1229781.4826975283
