,0
0,2789014.194211879
1,2709630.156561635
2,2555789.547222985
3,2395784.290898859
4,2343104.562914428
5,2236383.1591059966
6,2188587.7749988507
7,2080062.2012326492
8,1890872.1733083664
9,1881233.3189218806
10,1756925.8322700178
11,1700481.7005371288
12,1642048.8854897697
13,1602115.6225752197
14,1494154.3140156886
15,1494154.3140156886
16,1439580.1397131358
17,1410027.5584184576
18,1351389.2666567757
19,1286969.2481940335
20,1286969.2481940335
21,1250775.5939975602
22,1229288.786365456
23,1181139.8048204621
24,1181139.8048204621
25,1162757.6660634275
26,1117972.5557006048
27,1117972.5557006048
28,1117972.5557006048
29,1117972.5557006048
30,1106625.4346917192
31,1106089.615287736
32,1102862.0390144426
33,1098226.369657236
34,1094986.8418741731
35,1093845.2381609655
36,1081659.5976966822
37,1079739.3306125111
38,1079739.3306125111
39,1070473.6466588702
40,1061979.0849441686
41,1058486.3911532536
42,1053363.2312038944
43,1053363.2312038944
44,1053363.2312038944
45,1050002.2398969429
46,1050002.2398969429
47,1047361.6457610306
48,1045390.7578852259
49,1045014.8744385844
50,1043800.4133100399
51,1041911.5860674103
52,1041535.7026207688
53,1040420.8565675133
54,1039188.9312983226
55,1039188.9312983226
56,1039188.9312983226
57,1039188.9312983226
58,1038398.4342905501
59,1038398.4342905501
60,1038022.5508439086
61,1038022.5508439086
62,1038022.5508439086
63,1038022.5508439086
64,1038022.5508439086
