,0
0,3336457.496714781
1,3336457.496714781
2,3129546.2075187014
3,3038769.194895436
4,3015702.976420909
5,2898598.8879798925
6,2863870.142481918
7,2781753.709007564
8,2781753.709007564
9,2752429.123168915
10,2688119.571043264
11,2688119.571043264
12,2646449.4113134244
13,2504901.521630619
14,2504901.521630619
15,2504901.521630619
16,2483139.5729142916
17,2483139.5729142916
18,2465467.3060206193
19,2465467.3060206193
20,2465467.3060206193
21,2420822.775121923
22,2420822.775121923
23,2420822.775121923
24,2411094.8333850265
25,2386892.7858591755
26,2386892.7858591755
27,2363010.7462635883
28,2363010.7462635883
29,2363010.7462635883
30,2352612.9141409863
31,2309707.682870585
32,2309707.682870585
33,2309707.682870585
34,2309707.682870585
35,2309707.682870585
