,0
0,2718633.5093955672
1,2687838.3458909695
2,2571584.2692247685
3,2542820.2300051837
4,2378599.0284449835
5,2121763.244780142
6,2121763.244780142
7,2088763.371253444
8,2088763.371253444
9,1886719.1843687836
10,1885437.3443356357
11,1758104.1220764776
12,1582293.9921796303
13,1437152.52266578
14,1437152.52266578
15,1437152.52266578
16,1436785.3617060012
17,1416062.2039661498
18,1326697.7308151932
19,1326697.7308151932
20,1299901.3971629066
21,1178104.7127270992
22,1178104.7127270992
23,1151850.5160774908
24,1090653.743801348
25,1078996.880360821
26,1078996.880360821
27,1053604.7899999698
28,1034877.8391033026
29,1004375.06854697
30,1004375.06854697
31,1002410.056426684
32,982239.0551242022
33,969204.3458828548
34,962131.8020742858
35,955063.2026361417
36,946999.5955680598
37,941864.772480969
38,941864.772480969
39,938658.0907910086
40,931398.1638440631
41,926314.5347848287
42,920342.6358955748
43,919010.7275080316
44,919010.7275080316
45,917316.6728881536
46,912373.9191537217
47,911289.5419699649
48,910128.1671467075
49,907029.866456483
50,906196.8956731145
51,906196.8956731145
52,905809.6955153435
53,902810.9467292154
54,901608.5404818928
55,899235.7169163063
56,899235.7169163063
57,899172.141406357
58,898028.7246095941
59,898019.4887819102
60,896995.4704801906
61,896995.4704801906
62,896986.2346525067
63,896448.3700126125
64,896320.2493187585
65,896320.2493187585
66,896320.2493187585
67,896320.2493187585
68,896320.2493187585
