,0
0,2930113.0780019197
1,2706704.203113399
2,2519301.1498299395
3,2477271.8652458466
4,2467777.122809984
5,2379240.142179828
6,2342363.705858671
7,2257098.649442314
8,2207060.9683344844
9,2029797.2153103356
10,2029797.2153103356
11,2029797.2153103356
12,1971021.244554211
13,1906911.1073019193
14,1906911.1073019193
15,1889192.644551345
16,1804034.010833011
17,1768165.3788321577
18,1672724.8997102522
19,1672724.8997102522
20,1663554.3975268267
21,1598915.755711084
22,1556915.7508226798
23,1518708.3839590084
24,1518120.6022626366
25,1445435.4858192622
26,1445435.4858192622
27,1445435.4858192622
28,1412770.1161263527
29,1399408.8263457622
30,1323426.8428138003
31,1308624.4077734347
32,1308624.4077734347
33,1302477.3448473704
34,1257264.3755098698
35,1257264.3755098698
36,1243181.509703581
37,1231969.3471351243
38,1230821.168175101
39,1211585.897029498
40,1175156.9327826134
41,1175156.9327826134
42,1163409.9649863953
43,1158983.4539452635
44,1151328.8673843218
45,1138828.4251527253
46,1138828.4251527253
47,1135879.4345271396
48,1127046.772860552
49,1122660.74406337
50,1114691.7837163648
51,1113652.9926035057
52,1111222.1534970987
53,1110761.6805648035
54,1106074.4238784544
55,1104284.8346973788
56,1104284.8346973788
57,1102685.4531578757
58,1102685.4531578757
59,1101980.8519697299
60,1101547.117921844
61,1101427.1081720744
62,1099123.1254444255
63,1099123.1254444255
64,1099123.1254444255
65,1098755.3500063145
66,1098755.3500063145
67,1098755.3500063145
68,1098755.3500063145
69,1098755.3500063145
