,0
0,2653368.2508071475
1,2653368.2508071475
2,2642411.5877094246
3,2473580.137961273
4,2338068.0292745926
5,2214131.847942466
6,2044740.405485673
7,2044740.405485673
8,1979576.5901165572
9,1954459.859153465
10,1768597.1945619297
11,1718768.3703761545
12,1663674.045298317
13,1556150.8309131765
14,1556150.8309131765
15,1495006.964561983
16,1428608.6584811138
17,1399067.4956569534
18,1326987.99925262
19,1303908.1999545468
20,1264821.587694482
21,1233470.6377222128
22,1224455.3428416185
23,1186274.7117292832
24,1125294.2195424328
25,1118951.681846721
26,1104227.106226122
27,1060861.831310305
28,1034754.7601944888
29,1015954.145033499
30,1015954.145033499
31,1014399.2149730929
32,997330.542736781
33,978664.2468916606
34,971509.542809901
35,967708.4379590591
36,960171.4355261798
37,955373.8723399742
38,952512.8971328465
39,943633.7518547571
40,943633.7518547571
41,940887.7786797441
42,932874.3760116769
43,930048.984156325
44,927674.1692120319
45,927674.1692120319
46,924685.9324503671
47,923618.8679157319
48,923618.8679157319
49,922035.3416851596
50,922035.3416851596
51,922035.3416851596
52,921161.9356223156
53,921161.9356223156
54,921161.9356223156
55,921161.9356223156
56,921161.9356223156
