,0
0,1969387.4048210299
1,1969387.4048210299
2,1844953.7529966992
3,1844953.7529966992
4,1769873.1745547054
5,1672757.8773800542
6,1657486.0582942446
7,1605090.9353958203
8,1602702.9107878902
9,1503444.8194472913
10,1470351.4627415724
11,1461304.4727271148
12,1335299.4054452842
13,1261858.0216261304
14,1261858.0216261304
15,1231458.800438417
16,1183471.2578714604
17,1115899.2469298728
18,1066157.2251108105
19,1062883.2979380947
20,1062883.2979380947
21,1036037.9038572544
22,953103.2077297536
23,946268.6056952337
24,937889.3715504563
25,926916.675882903
26,877860.8961962305
27,862882.6084630362
28,826487.3707309763
29,821457.7513038657
30,821457.7513038657
31,775644.0207005226
32,775644.0207005226
33,762341.4034767359
34,758654.0836394053
35,741361.5168708728
36,741361.5168708728
37,733994.2401885488
38,733994.2401885488
39,733444.8890982073
40,731875.6351289673
41,724951.0783339343
42,720515.8618471095
43,719093.0699584502
44,712869.8615433245
45,710040.8306096939
46,709481.1179316931
47,701296.6571023037
48,700067.9134555173
49,698055.9707265144
50,698055.9707265144
51,696372.6279370777
52,694035.6457152592
53,691443.821394628
54,688198.3077124059
55,688198.3077124059
56,687490.6949888427
57,687363.0864033384
58,684480.3952605114
59,683606.5981991453
60,683606.5981991453
61,682098.396727542
62,680468.413451295
63,679185.3309409826
64,678522.9622364084
65,678522.9622364084
66,678522.9622364084
67,677876.1313253598
68,677836.0165790021
69,677836.0165790021
70,677836.0165790021
71,677836.0165790021
72,677836.0165790021
73,677636.4913602435
74,677636.4913602435
75,677636.4913602435
76,677636.4913602435
77,677636.4913602435
