,0
0,2704608.475774063
1,2704608.475774063
2,2704608.475774063
3,2426447.367260173
4,2349219.6629173816
5,2240204.360506826
6,2207208.707955996
7,2004865.239248279
8,1963703.3043083663
9,1947396.5052639311
10,1825934.7218482466
11,1825934.7218482466
12,1716009.3627800338
13,1508739.0310103805
14,1508739.0310103805
15,1508739.0310103805
16,1434756.6004208315
17,1361881.0576412564
18,1359931.0789626162
19,1337016.2278818819
20,1232959.001201796
21,1198230.41387799
22,1198230.41387799
23,1154439.5735352614
24,1148884.3971439325
25,1148884.3971439325
26,1138437.7391973434
27,1135041.7561892138
28,1132901.6658488933
29,1129566.7331820852
30,1114167.9777028929
31,1112211.50437115
32,1104639.3934953029
33,1098915.8610468856
34,1094456.6935834514
35,1093895.0508994535
36,1084595.945958195
37,1084363.840141849
38,1082822.6190427614
39,1082803.6406580794
40,1076793.4201951108
41,1075341.6038072808
42,1070677.8149638358
43,1070677.8149638358
44,1069225.9985760057
45,1069225.9985760057
46,1069225.9985760057
47,1068920.1231012456
48,1068920.1231012456
49,1068920.1231012456
50,1068920.1231012456
51,1068920.1231012456
