,0
0,1977196.3319376165
1,1885061.9092416673
2,1653158.9755513119
3,1587991.4094980385
4,1587991.4094980385
5,1587991.4094980385
6,1501762.033437759
7,1495629.6085996754
8,1389051.3576348964
9,1316265.3942954587
10,1304422.1343371754
11,1220656.860624137
12,1119287.3001561512
13,1107430.1027182061
14,1096135.582550381
15,981145.7728938652
16,961743.1155258465
17,947721.9402608327
18,940494.4605334409
19,888428.081304164
20,863728.4658055251
21,863275.8703281576
22,837721.8375060436
23,809640.0613296987
24,775639.4094914466
25,773511.3362984895
26,764540.3932501901
27,752746.6754795007
28,752746.6754795007
29,735948.4308661072
30,735948.4308661072
31,735948.4308661072
32,727539.3290475382
33,720562.0852990482
34,720562.0852990482
35,720562.0852990482
36,709232.9255347793
37,709232.9255347793
38,700730.4126685695
39,700730.4126685695
40,699849.760001702
41,699849.760001702
42,691790.9050302666
43,690747.9598843919
44,683599.5370889211
45,683599.5370889211
46,683599.5370889211
47,683141.9946566141
48,677873.4344753484
49,677793.8557525962
50,674693.6750214867
51,674693.6750214867
52,673862.5512495157
53,673862.5512495157
54,672409.094301641
55,671919.6713544427
56,671919.6713544427
57,671919.6713544427
58,671700.0000693832
59,671588.018639641
60,671210.5771221849
61,671210.5771221849
62,671210.5771221849
63,671210.5771221849
64,671210.5771221849
