,0
0,2862853.8502290407
1,2809689.8777495176
2,2523429.0741067682
3,2523429.0741067682
4,2478015.8412115905
5,2408064.3120697
6,2328801.094697327
7,2212290.445240294
8,2212290.445240294
9,2137335.312257021
10,2020956.4090094836
11,2018760.0194356728
12,1956687.7860693717
13,1954466.0248037349
14,1919725.9502167206
15,1833625.5918570652
16,1799242.929571152
17,1778890.0215785578
18,1705041.773332121
19,1645298.7660822056
20,1644004.4058701883
21,1602861.156410575
22,1561047.1283267806
23,1537871.5433647053
24,1486024.905292152
25,1390689.2292884735
26,1390689.2292884735
27,1365215.0798547592
28,1365215.0798547592
29,1365215.0798547592
30,1292159.4626137184
31,1292159.4626137184
32,1292159.4626137184
33,1292159.4626137184
34,1284219.7916258741
35,1259670.5360081624
36,1259670.5360081624
37,1256018.8692950546
38,1241490.9194650757
39,1220452.0700837355
40,1220452.0700837355
41,1213817.0563918278
42,1183752.2228065361
43,1183752.2228065361
44,1183752.2228065361
45,1180021.9525570145
46,1180021.9525570145
47,1167959.5241174647
48,1167959.5241174647
49,1167959.5241174647
50,1162723.6996330118
51,1162723.6996330118
52,1162723.6996330118
53,1157666.6450909583
54,1155379.1710241765
55,1154120.826038375
56,1154120.826038375
57,1154120.826038375
58,1153753.0506002638
59,1153753.0506002638
60,1153753.0506002638
61,1153753.0506002638
62,1153753.0506002638
