,0
0,2858021.5223131552
1,2809437.4131635106
2,2739042.9644369055
3,2712295.077592524
4,2523022.53433969
5,2485479.5492613497
6,2290390.843090615
7,2286162.3359097475
8,2113049.931490385
9,2113049.931490385
10,2070951.3028721474
11,2070951.3028721474
12,1980923.8409299084
13,1971250.080646543
14,1937033.1095639844
15,1803219.5210652656
16,1803219.5210652656
17,1752498.6796421038
18,1752498.6796421038
19,1710434.4223690194
20,1702202.8105933294
21,1606409.335110983
22,1606409.335110983
23,1606409.335110983
24,1591820.02280695
25,1573902.4528482687
26,1529028.9726066166
27,1485146.43542201
28,1485146.43542201
29,1476495.466154868
30,1476495.466154868
31,1443487.4539851255
32,1405687.111663948
33,1405687.111663948
34,1404025.7748916864
35,1382629.4546064434
36,1366207.5831869335
37,1354790.7833205136
38,1338328.1627188982
39,1314352.0165927452
40,1292007.3610987775
41,1290655.1430407483
42,1288699.2204314892
43,1268450.5445705196
44,1261789.3704643345
45,1245333.043586808
46,1245333.043586808
47,1241485.300976145
48,1229950.0766047367
49,1229950.0766047367
50,1217109.4550066323
51,1217109.4550066323
52,1217109.4550066323
53,1212513.8143115982
54,1210502.5326893625
55,1209119.7355067255
56,1209119.7355067255
57,1209119.7355067255
58,1205202.9830486234
59,1203820.1858659864
60,1203820.1858659864
61,1203452.4104278754
62,1203452.4104278754
63,1203452.4104278754
64,1203452.4104278754
65,1203452.4104278754
