,0
0,1982490.1681083366
1,1963642.2748744143
2,1963642.2748744143
3,1863252.3859493167
4,1793158.6289417082
5,1593250.9746471073
6,1505445.1713678283
7,1505445.1713678283
8,1499007.308905241
9,1499007.308905241
10,1499007.308905241
11,1315653.9966023844
12,1315653.9966023844
13,1239477.4301166763
14,1168291.8514341128
15,1168291.8514341128
16,1011611.283788233
17,1011611.283788233
18,980403.6281971158
19,980403.6281971158
20,976423.3072187298
21,964851.2199449871
22,921713.8220653649
23,878753.3068162475
24,878753.3068162475
25,834879.3844114844
26,834879.3844114844
27,817527.5683669208
28,777442.2449474436
29,771040.2382622964
30,767243.1854563082
31,765201.6417658912
32,759862.6473802975
33,753494.7463319227
34,751118.0177275882
35,745000.9988459114
36,732441.830340286
37,732441.830340286
38,721883.489661921
39,721883.489661921
40,715451.9441813766
41,715451.9441813766
42,711556.2619666076
43,711556.2619666076
44,710194.3806635409
45,708978.6472925751
46,703061.431106751
47,703061.431106751
48,703061.431106751
49,702426.5170253987
50,702426.5170253987
51,702426.5170253987
52,702426.5170253987
53,700257.2891709349
54,700134.2271678512
55,700134.2271678512
56,700134.2271678512
57,700134.2271678512
58,700134.2271678512
