,0
0,1910828.0538228354
1,1910828.0538228354
2,1793902.2563488295
3,1727050.3996355967
4,1687858.3276223338
5,1610125.7630358255
6,1447120.403309392
7,1443702.9088517625
8,1443702.9088517625
9,1336371.3957091623
10,1259856.6507350348
11,1259856.6507350348
12,1179304.6845940216
13,1135800.9142258991
14,1041563.182499118
15,916629.5132692154
16,916629.5132692154
17,916629.5132692154
18,916629.5132692154
19,872287.107357368
20,827389.3892354945
21,827389.3892354945
22,783586.570300091
23,781133.1718575904
24,781133.1718575904
25,766038.790569578
26,766038.790569578
27,755643.1803763789
28,751336.6299847858
29,748984.2938311426
30,743191.6440507773
31,739655.2564299798
32,736366.7769773796
33,727540.0883408468
34,722490.3452444398
35,719587.9230757774
36,710787.8724711372
37,703156.5326090786
38,703156.5326090786
39,703156.5326090786
40,703156.5326090786
41,701523.2778731674
42,699897.4352478302
43,695079.1413077145
44,691389.2886286868
45,689855.8488385382
46,686468.6777688062
47,686468.6777688062
48,684518.3283287961
49,680828.4756497683
50,679564.2668030636
51,679275.8054284696
52,678898.3639110134
53,677446.3175107387
54,677446.3175107387
55,677446.3175107387
56,675812.3729443529
57,675812.3729443529
58,675812.3729443529
59,675812.3729443529
60,675812.3729443529
61,675150.0042397788
62,675150.0042397788
63,675150.0042397788
64,675150.0042397788
65,675150.0042397788
