,0
0,3391970.666963259
1,3362441.1395793473
2,3335848.4994366504
3,3220747.5861540423
4,3154661.1115459767
5,3034051.2762119267
6,2995519.8880246156
7,2965886.2087880326
8,2882058.383748017
9,2826611.0382062583
10,2746860.723403807
11,2746860.723403807
12,2710876.852154518
13,2664609.422419209
14,2659240.4058796396
15,2659240.4058796396
16,2624481.433375179
17,2624481.433375179
18,2575655.494646819
19,2564859.876666242
20,2564859.876666242
21,2560200.9128488796
22,2548481.0101582464
23,2529941.239805402
24,2526845.6613644212
25,2519604.988679645
26,2472751.5003796658
27,2471009.1557011046
28,2471009.1557011046
29,2430205.525703699
30,2425456.542631756
31,2376749.5804706207
32,2376749.5804706207
33,2371609.632558465
34,2348995.5258169244
35,2348995.5258169244
36,2348730.847126734
37,2335215.898256113
38,2316010.900597362
39,2287712.6052279933
40,2287712.6052279933
41,2281743.2071429025
42,2275178.127887163
43,2258286.4225240555
44,2255850.202348808
45,2238942.0974767706
46,2236364.603997551
47,2212433.1250886344
48,2212433.1250886344
49,2202490.052374518
50,2201184.9599356926
51,2176760.4012127
52,2176760.4012127
53,2176760.4012127
54,2176760.4012127
55,2169750.025565779
56,2166231.7509957687
57,2157878.412144375
58,2157878.412144375
59,2145576.872275817
60,2141608.440178337
61,2136400.29081936
62,2130290.6419107807
63,2128525.504446664
64,2125845.103818816
65,2116440.7716912786
66,2114211.9007959715
67,2112367.3802018375
68,2103502.2838941403
69,2098626.6751498817
70,2098626.6751498817
71,2097226.4286413197
72,2097226.4286413197
73,2097226.4286413197
74,2097226.4286413197
75,2097226.4286413197
76,2096584.4630235385
77,2094771.0724875983
78,2094771.0724875983
79,2094508.9851165388
80,2094508.9851165388
81,2094508.9851165388
82,2094508.9851165388
83,2094508.9851165388
