,0
0,2871015.788338844
1,2818047.7309878445
2,2664567.183081221
3,2630902.2340550395
4,2432758.8688565325
5,2337796.4502287675
6,2151609.4802918127
7,2106217.9437303296
8,2095238.6406789417
9,2012428.4306623794
10,1877980.0018265517
11,1819612.9084699403
12,1719020.0051685467
13,1705142.1699431469
14,1624658.8066589301
15,1506034.967261999
16,1471801.672550874
17,1371630.4874239552
18,1371630.4874239552
19,1277893.0156044725
20,1277893.0156044725
21,1265124.8983519326
22,1254907.0551817734
23,1239122.8674153069
24,1186522.72618364
25,1162344.419248647
26,1162344.419248647
27,1162344.419248647
28,1130159.4803584395
29,1130159.4803584395
30,1117891.4041779353
31,1102196.4319812283
32,1094026.362018248
33,1094026.362018248
34,1093309.5762150623
35,1081834.4474369222
36,1081599.8215192643
37,1071913.3852914614
38,1067590.5385799692
39,1057467.6749698261
40,1057467.6749698261
41,1049511.5553515826
42,1049511.5553515826
43,1049511.5553515826
44,1047253.1125778375
45,1044270.6011285001
46,1042521.6264072243
47,1039907.756268754
48,1038703.4907676667
49,1038159.7989950775
50,1036080.6908142125
51,1035108.6487351422
52,1035091.518563537
53,1034301.0215557645
54,1034141.1529754767
55,1033925.138109123
56,1032520.6024029903
57,1032263.1415714013
58,1032263.1415714013
59,1032144.7189563488
60,1032144.7189563488
61,1030791.9418041814
62,1030216.9570725035
63,1029792.6589826908
64,1029792.6589826908
65,1029792.6589826908
66,1029576.2194232835
67,1029486.7835079305
68,1029151.9213334707
69,1029151.9213334707
70,1029151.9213334707
71,1029151.9213334707
72,1028894.4605018817
73,1028846.0458587104
74,1028846.0458587104
75,1028846.0458587104
76,1028846.0458587104
77,1028846.0458587104
