,0
0,3037206.1372632957
1,3037206.1372632957
2,2999553.393215272
3,2975065.6382678966
4,2975065.6382678966
5,2865298.733680582
6,2864494.7369459122
7,2787985.3290015245
8,2712746.2172862533
9,2712746.2172862533
10,2655795.4723063433
11,2650935.1791053233
12,2605063.226892841
13,2605063.226892841
14,2605063.226892841
15,2593631.7842007563
16,2547541.014131967
17,2538238.5604781415
18,2514383.774113457
19,2514383.774113457
20,2514383.774113457
21,2504958.54896741
22,2463793.1156493668
23,2463793.1156493668
24,2448014.118591222
25,2444014.9005426434
26,2416908.258841697
27,2416908.258841697
28,2406083.8006440806
29,2371058.8121361113
30,2371058.8121361113
31,2351344.4965989077
32,2327039.335806738
33,2327039.335806738
34,2312067.4468539185
35,2312067.4468539185
36,2296743.377478703
37,2289129.5813501584
38,2289129.5813501584
39,2275460.139696884
40,2272189.8169056335
41,2254662.0198222334
42,2254662.0198222334
43,2250018.6628527567
44,2250018.6628527567
45,2246158.579570149
46,2226684.528202923
47,2226684.528202923
48,2226684.528202923
49,2218833.815371837
50,2216741.538843285
51,2210326.5726070064
52,2209699.725374338
53,2209334.2527938983
54,2209334.2527938983
55,2205522.4360223487
56,2205522.4360223487
57,2205190.289365629
58,2202909.284125712
59,2202909.284125712
60,2199625.678624815
61,2199625.678624815
62,2199625.678624815
63,2199625.678624815
64,2197941.0532642426
65,2197941.0532642426
66,2197941.0532642426
67,2197941.0532642426
68,2197771.245954917
69,2197771.245954917
70,2197771.245954917
71,2197771.245954917
72,2197771.245954917
