,0
0,3313830.695566546
1,3214537.432755115
2,3065960.9963409933
3,3008472.57760428
4,2808847.0651083263
5,2808847.0651083263
6,2808847.0651083263
7,2808847.0651083263
8,2762651.64083025
9,2762651.64083025
10,2694932.4945881274
11,2685316.948500986
12,2640265.162004154
13,2614996.158876309
14,2614686.3141678893
15,2572890.138081232
16,2572890.138081232
17,2523510.4507854413
18,2462598.6036750283
19,2462598.6036750283
20,2462598.6036750283
21,2450443.8537175218
22,2444992.083984994
23,2444992.083984994
24,2444992.083984994
25,2417961.60565651
26,2392988.043140522
27,2340909.7356609143
28,2340909.7356609143
29,2340909.7356609143
30,2337310.8550858404
31,2331020.7880717306
32,2297928.4425363718
33,2290361.4995109015
34,2290361.4995109015
35,2286160.307529831
36,2273286.322442932
37,2268435.4789210814
38,2268435.4789210814
39,2249560.645568714
40,2242840.18384341
41,2241169.260072272
42,2233262.4016507585
43,2216642.197056395
44,2190174.1437167027
45,2190174.1437167027
46,2190012.6536786533
47,2189638.821527582
48,2189638.821527582
49,2177668.493770096
50,2143704.6383374385
51,2143704.6383374385
52,2143704.6383374385
53,2143704.6383374385
54,2143704.6383374385
55,2123477.3234095233
56,2123477.3234095233
57,2123477.3234095233
58,2123477.3234095233
59,2118982.038468945
60,2113442.5652981084
61,2104305.3498527324
62,2102647.8273414457
63,2102647.8273414457
64,2099912.9128868002
65,2099912.9128868002
66,2098877.9557190742
67,2098127.997071403
68,2098127.997071403
69,2096445.510714348
70,2095410.5535466217
71,2095410.5535466217
72,2095410.5535466217
73,2095410.5535466217
74,2095410.5535466217
75,2092780.1428831825
76,2092780.1428831825
77,2092780.1428831825
78,2092780.1428831825
79,2092780.1428831825
