,0
0,3106098.7905269624
1,3106098.7905269624
2,3106098.7905269624
3,3062099.336083164
4,3030648.111327392
5,2871881.9270383217
6,2742376.4378994554
7,2723556.459472346
8,2715414.083398425
9,2704788.9907606994
10,2704788.9907606994
11,2636662.960541312
12,2636662.960541312
13,2588083.1615244513
14,2588083.1615244513
15,2568756.4185105464
16,2521741.970908259
17,2521741.970908259
18,2521741.970908259
19,2521741.970908259
20,2503513.0199491796
21,2420163.54642185
22,2420163.54642185
23,2406824.648137546
24,2406824.648137546
25,2385649.819325101
26,2385649.819325101
27,2385649.819325101
28,2360666.450467788
29,2333804.9499844676
30,2333804.9499844676
31,2281662.5983784175
32,2281662.5983784175
33,2281000.210215626
34,2281000.210215626
35,2281000.210215626
36,2260365.2509162785
37,2243991.859661486
38,2242119.957988607
39,2233501.387241812
40,2202919.2966427887
41,2198766.793598019
42,2181561.66761013
43,2181561.66761013
44,2159115.1436142153
45,2159115.1436142153
46,2139803.575782964
47,2119290.4417965724
48,2119290.4417965724
49,2119290.4417965724
50,2103070.2526594433
51,2099506.9167362824
52,2096318.337704369
53,2088080.4669826683
54,2084187.4967591628
55,2084187.4967591628
56,2074257.589269129
57,2071294.0230620666
58,2071280.3251248875
59,2071280.3251248875
60,2055153.4430589161
61,2055153.4430589161
62,2051510.613396619
63,2049304.9461725287
64,2048185.673530517
65,2048185.673530517
66,2044450.1138565652
67,2041372.7356702436
68,2040805.5369164702
69,2040805.5369164702
70,2036795.974111483
71,2036629.9382949977
72,2036629.9382949977
73,2036629.9382949977
74,2032820.077706401
75,2032820.077706401
76,2031966.6310470114
77,2031966.6310470114
78,2031966.6310470114
79,2031836.903825375
80,2031372.9442434802
81,2031372.9442434802
82,2031372.9442434802
83,2030389.770362454
84,2028271.0456956164
85,2028271.0456956164
86,2028159.8891632932
87,2028159.8891632932
88,2028159.8891632932
89,2028159.8891632932
90,2028159.8891632932
