,0
0,2837223.663577378
1,2752493.0762819867
2,2723223.401844415
3,2440127.7125169192
4,2401613.4175203727
5,2215320.4294375544
6,2142181.057401239
7,2122695.563604379
8,2011169.796499651
9,1974053.890628835
10,1828796.9478081702
11,1758947.8078900746
12,1658063.1800108592
13,1634815.7972605925
14,1598194.9942255926
15,1417628.7468269411
16,1417628.7468269411
17,1404049.2275301781
18,1314899.2544149628
19,1314899.2544149628
20,1314899.2544149628
21,1295066.0178960527
22,1247104.1309018394
23,1223454.4632844464
24,1180884.6139154125
25,1180568.332188387
26,1101735.6224786334
27,1101735.6224786334
28,1098785.1173953004
29,1073188.156787009
30,1066853.8833617696
31,1029472.0072148059
32,1001495.8878448439
33,1001495.8878448439
34,986078.8972224552
35,986078.8972224552
36,985921.7399383058
37,981967.9984241604
38,974608.6710923087
39,968941.8922007959
40,966397.1825876263
41,958881.3899611387
42,958881.3899611387
43,957122.8357566533
44,956302.6144680645
45,956302.6144680645
46,952337.6156032016
47,949225.6437849075
48,947573.035387034
49,947573.035387034
50,947573.035387034
51,944893.7593923752
52,944893.7593923752
53,944722.7802801505
54,943917.9634105243
55,943570.1276557036
56,942942.3186785763
57,942865.9624523922
58,942765.3107860774
59,941789.6660541294
60,941789.6660541294
61,941522.7138243973
62,940984.8491845032
63,940984.8491845032
64,940984.8491845032
65,940984.8491845032
66,940984.8491845032
