,0
0,2032174.7244730943
1,2032174.7244730943
2,1969252.0166167389
3,1812950.1473686777
4,1812950.1473686777
5,1724572.074423996
6,1674641.6610908671
7,1568672.8560747025
8,1568672.8560747025
9,1486883.4187544493
10,1412338.665587916
11,1343959.799545285
12,1279355.090870091
13,1237135.1979798228
14,1217483.2031948434
15,1193191.5610751521
16,1122603.427200243
17,961106.7484023322
18,961106.7484023322
19,945590.1946742277
20,945590.1946742277
21,904353.0131497761
22,887826.7783927271
23,833321.1821010738
24,833321.1821010738
25,832811.408265994
26,783432.1772376709
27,783432.1772376709
28,783432.1772376709
29,777093.566328903
30,764496.8937014017
31,760813.0930508098
32,743885.1924910634
33,743305.1761833673
34,728730.8945287655
35,721215.8361772215
36,720517.9176164328
37,708652.3048465325
38,708652.3048465325
39,708652.3048465325
40,701766.9556993883
41,701766.9556993883
42,701766.9556993883
43,701643.8936963045
44,699622.1331935129
45,699622.1331935129
46,699622.1331935129
47,699622.1331935129
48,699468.5915268717
49,699468.5915268717
50,699468.5915268717
51,699468.5915268717
52,699468.5915268717
53,699345.5295237879
54,699345.5295237879
55,699345.5295237879
56,699345.5295237879
57,699345.5295237879
