,0
0,2073048.7868941687
1,1939832.5192732434
2,1841536.3661618582
3,1841536.3661618582
4,1695344.187142735
5,1611045.8925682402
6,1527249.7191444924
7,1497733.2888189084
8,1473401.4203967692
9,1457337.405144573
10,1345910.6100977405
11,1310305.1610966378
12,1290955.6976808542
13,1248902.5217618197
14,1180683.4744230076
15,1169456.7564592918
16,1092763.9068048738
17,1039806.7126610997
18,1001805.2641839207
19,946776.5329452516
20,901503.9112253828
21,901503.9112253828
22,862957.7255276649
23,820722.4792705482
24,820722.4792705482
25,820722.4792705482
26,791062.3630180073
27,756681.6861982743
28,747506.671222676
29,739649.0684623509
30,734137.1395532608
31,734137.1395532608
32,734137.1395532608
33,734137.1395532608
34,730092.4921852465
35,725046.7442623546
36,716879.1421148728
37,714560.9619003462
38,710089.700508989
39,705812.8221230707
40,699537.4019647815
41,699537.4019647815
42,699537.4019647815
43,697084.8285006952
44,694855.2581601737
45,688889.8479581061
46,686880.0985553766
47,686588.899618971
48,680297.716305604
49,674643.1489278419
50,674643.1489278419
51,674643.1489278419
52,674643.1489278419
53,674643.1489278419
54,671819.0626035037
55,671344.7285984771
56,670325.5701269585
57,670325.5701269585
58,670325.5701269585
59,670325.5701269585
60,670325.5701269585
