,0
0,2028212.7412885642
1,1855898.1337539381
2,1855898.1337539381
3,1855898.1337539381
4,1774147.6379730192
5,1598459.6900023257
6,1598459.6900023257
7,1555656.7032886806
8,1520419.5188339446
9,1349478.7823449445
10,1330025.2814813834
11,1256388.6337067855
12,1243528.5896727496
13,1125524.2158959634
14,1125524.2158959634
15,969578.1303217659
16,969578.1303217659
17,969578.1303217659
18,969578.1303217659
19,923541.7843100086
20,849279.7066145825
21,849279.7066145825
22,841205.4956139668
23,829065.1637163411
24,816057.8104617278
25,807023.5496840186
26,790414.8377613804
27,782508.7515946395
28,761172.5617205607
29,750265.7339343891
30,749123.2639253577
31,732044.629196339
32,732044.629196339
33,723596.7840015698
34,721442.3465315555
35,721442.3465315555
36,718478.2086021156
37,715477.3707698514
38,709103.0135596625
39,703695.3897325115
40,703695.3897325115
41,695803.0894671476
42,695603.5642483889
43,694696.3925733346
44,693928.8843008073
45,691259.2153329836
46,689279.372479928
47,688123.8463473644
48,685718.4367972353
49,683782.6563071358
50,682983.5578961055
51,682440.717007139
52,679178.6243232414
53,677440.5009190674
54,677440.5009190674
55,677274.9343904231
56,675611.0130013367
57,675445.4464726924
58,675445.4464726924
59,675445.4464726924
60,675445.4464726924
61,675445.4464726924
