,0
0,2034285.1385636088
1,2034285.1385636088
2,1994300.2619157946
3,1837380.1437150703
4,1777282.1191494474
5,1777282.1191494474
6,1646379.143913904
7,1618838.5967256168
8,1426243.0774477848
9,1400476.502244912
10,1400476.502244912
11,1359753.0956724423
12,1337271.6094171763
13,1290983.9185145358
14,1269741.8063608836
15,1174876.705209332
16,1049353.92532511
17,1049353.92532511
18,1030389.719362788
19,1020291.3449399067
20,1015395.1883385279
21,939952.6273672314
22,920327.2760614927
23,908959.1036524886
24,827409.6119367839
25,821170.9942711296
26,821170.9942711296
27,821170.9942711296
28,777552.0910436721
29,774169.3170262616
30,772243.26142893
31,767416.8914589962
32,766501.7990943218
33,751191.1741026917
34,751191.1741026917
35,745248.4670447188
36,744165.3347164779
37,738683.8146299722
38,732595.7258654003
39,732595.7258654003
40,730910.727387836
41,726254.084657996
42,722648.8107947718
43,722426.7872156332
44,722426.7872156332
45,718729.5836970853
46,718729.5836970853
47,716915.8358936561
48,715498.0026346775
49,715498.0026346775
50,715498.0026346775
51,713908.1546820631
52,713908.1546820631
53,711712.6274311901
54,711712.6274311901
55,711712.6274311901
56,711712.6274311901
57,710122.7794785759
58,710122.7794785759
59,710122.7794785759
60,710122.7794785759
61,710122.7794785759
