,0
0,2838160.6154352673
1,2620848.963958119
2,2581766.0536293294
3,2403024.539713158
4,2378401.7614587806
5,2291313.2225402356
6,2108346.5350595657
7,1910900.7964956432
8,1910900.7964956432
9,1878821.9106668783
10,1798684.8767128133
11,1765542.0573250607
12,1662232.6551603007
13,1551777.0560794997
14,1458190.4140129336
15,1376953.9617892695
16,1368741.6120482017
17,1320825.6366729434
18,1308995.747811333
19,1238268.8352368092
20,1230921.5085651109
21,1181113.7712471038
22,1163452.4303966085
23,1116272.2791454438
24,1068585.9792499573
25,1044476.7619406276
26,1037259.957359575
27,1021822.3884193061
28,999185.6911753482
29,990587.3712778706
30,989301.317085892
31,960288.8003925259
32,960288.8003925259
33,956038.010574511
34,955245.4523670311
35,942490.7285641741
36,939809.2504755199
37,934712.3897502632
38,923899.4547389396
39,921006.4037279285
40,914998.0329262469
41,914998.0329262469
42,914856.273131701
43,907757.0854466081
44,904387.0370512025
45,902004.9776579321
46,902004.9776579321
47,901276.7422133102
48,896729.8111157077
49,894832.5563273649
50,894832.5563273649
51,894057.049351647
52,891924.4390132336
53,891024.044658948
54,891024.044658948
55,890999.8335519491
56,890999.8335519491
57,890004.1570264685
58,890004.1570264685
59,890004.1570264685
60,889088.787392868
61,889083.047941237
62,889073.812113553
63,889073.812113553
64,889073.812113553
65,889073.812113553
66,889073.812113553
