,0
0,2979333.82737626
1,2777649.1275511626
2,2777649.1275511626
3,2702243.3703725645
4,2702243.3703725645
5,2426791.999481365
6,2426791.999481365
7,2395853.2249925863
8,2312510.579120131
9,2231273.9645837736
10,2127963.0872387276
11,1972877.687384765
12,1972877.687384765
13,1903317.789663173
14,1845130.1792451679
15,1821447.0785675563
16,1539585.2794426277
17,1539585.2794426277
18,1532434.4853674897
19,1532434.4853674897
20,1460974.6441156622
21,1454936.5156801583
22,1429162.7410019138
23,1416785.7815367146
24,1353677.211129906
25,1272948.2346840026
26,1266867.594739193
27,1249235.891886821
28,1190486.4603679853
29,1190486.4603679853
30,1147258.4877663893
31,1147258.4877663893
32,1142994.836931936
33,1127952.4188087187
34,1125170.354903478
35,1116624.4058765045
36,1111091.9802554105
37,1109389.3738682312
38,1107253.5879518383
39,1100913.2406360123
40,1100913.2406360123
41,1089300.9466982516
42,1089183.3566097748
43,1088246.883726638
44,1081811.8573583288
45,1075794.7510506208
46,1074823.9886763517
47,1066692.5836142432
48,1066692.5836142432
49,1066692.5836142432
50,1066692.5836142432
51,1066692.5836142432
52,1061378.0203114122
53,1059715.6165226472
54,1059715.6165226472
55,1057276.361818295
56,1057276.361818295
57,1055387.7392341157
58,1054987.981730326
59,1052704.412567504
60,1052704.412567504
61,1050316.7037311378
62,1050316.7037311378
63,1050316.7037311378
64,1047655.4903123069
65,1046925.1469615069
66,1046925.1469615069
67,1046925.1469615069
68,1046925.1469615069
69,1046472.5427635387
70,1046472.5427635387
71,1046472.5427635387
72,1044810.1389747739
73,1044810.1389747739
74,1044810.1389747739
75,1044810.1389747739
76,1044810.1389747739
