,0
0,3229813.276942375
1,3202534.7919506
2,3152772.9261410916
3,3077339.2234667335
4,2962657.5921388087
5,2946684.6426025634
6,2930782.199666944
7,2798436.966557057
8,2758305.2227044143
9,2748278.7983281836
10,2722095.7234763643
11,2682064.7460476826
12,2682064.7460476826
13,2662373.475667185
14,2625983.2477676556
15,2625983.2477676556
16,2571533.848740328
17,2562464.544259633
18,2534068.232302079
19,2534068.232302079
20,2496960.585789248
21,2496960.585789248
22,2496960.585789248
23,2496960.585789248
24,2474130.68725426
25,2405494.2178933024
26,2405494.2178933024
27,2405494.2178933024
28,2405494.2178933024
29,2405494.2178933024
30,2384677.5541338534
31,2384677.5541338534
32,2359715.340359687
33,2359715.340359687
34,2359715.340359687
35,2295903.715628956
36,2295903.715628956
37,2295903.715628956
38,2295903.715628956
39,2295903.715628956
40,2271651.8020742955
41,2271651.8020742955
42,2253973.3840098144
43,2228854.0993395383
44,2228854.0993395383
45,2228854.0993395383
46,2200761.9375063446
47,2200761.9375063446
48,2200761.9375063446
49,2200761.9375063446
50,2200694.8024626607
51,2162790.3201356693
52,2149325.9129198524
53,2149325.9129198524
54,2146317.88773785
55,2146317.88773785
56,2125164.5713986224
57,2125164.5713986224
58,2107507.5079915184
59,2107507.5079915184
60,2105766.7593608173
61,2105766.7593608173
62,2096697.8091832811
63,2096697.8091832811
64,2091691.3152358837
65,2089514.2975420442
66,2087438.0767925752
67,2087438.0767925752
68,2076862.753338717
69,2074001.2913754408
70,2073801.2958746662
71,2067587.0309187213
72,2060073.260036431
73,2059924.492095071
74,2059924.492095071
75,2049895.279093879
76,2046281.4644371902
77,2042772.9406845167
78,2034897.2040309582
79,2032933.9119209943
80,2032933.9119209943
81,2020010.1977999306
82,2020010.1977999306
83,2020010.1977999306
84,2020010.1977999306
85,2020010.1977999306
86,2012552.356430969
87,2012552.356430969
88,2011514.2133377504
89,2006382.2581258605
90,2006382.2581258605
91,2004846.6293275256
92,2004846.6293275256
93,2004846.6293275256
94,2004846.6293275256
95,2003139.0004229553
96,2003139.0004229553
97,2002062.6950513178
98,2002062.6950513178
99,2002062.6950513178
100,2002062.6950513178
101,2002062.6950513178
