,0
0,2673499.3343198285
1,2673499.3343198285
2,2524046.6814297107
3,2499947.625088184
4,2468831.969532351
5,2280058.273440902
6,2248966.9484712672
7,2027374.456586995
8,2027374.456586995
9,1965227.7518023567
10,1783013.5632015392
11,1783013.5632015392
12,1732247.3664039816
13,1547667.0783038067
14,1547667.0783038067
15,1455919.89130694
16,1455919.89130694
17,1344199.9144656952
18,1342171.80230269
19,1294401.8957180614
20,1248503.3757524628
21,1230113.8711178964
22,1161379.0459136763
23,1100491.0460793313
24,1100491.0460793313
25,1061025.7434141762
26,1061025.7434141762
27,1050841.5789219958
28,1050841.5789219958
29,1008182.6658599514
30,999194.5917348245
31,998407.7363860729
32,997996.926598497
33,977979.698008772
34,974599.5346400617
35,973317.8453480643
36,958948.3665065872
37,953743.2059302544
38,953179.3941772691
39,940224.8441072399
40,940224.8441072399
41,937345.0864983501
42,935464.8849251299
43,931864.16933688
44,922262.9351501239
45,922262.9351501239
46,922262.9351501239
47,920899.6337664769
48,917695.9774218929
49,916302.1345294663
50,914753.6274790085
51,908291.6067769544
52,906822.3159168751
53,906822.3159168751
54,902780.2729937269
55,902679.6213274121
56,899292.4226997887
57,899292.4226997887
58,898617.9622636213
59,897090.2242297428
60,896989.572563428
61,896989.572563428
62,895652.2157387359
63,895652.2157387359
64,895551.564072421
65,893771.1024708468
66,893771.1024708468
67,893771.1024708468
68,893771.1024708468
69,893771.1024708468
