,0
0,2922280.4954955797
1,2828634.8237275863
2,2630392.6655180403
3,2457046.60567609
4,2403012.7070487025
5,2293072.4673397397
6,2102099.374056404
7,2074691.04379896
8,1879348.0481101563
9,1871725.7038558198
10,1793478.9173566524
11,1622561.9892348058
12,1608180.5233394757
13,1477514.139413745
14,1477514.139413745
15,1415186.1007850762
16,1349131.478989215
17,1273673.0533678934
18,1273673.0533678934
19,1215345.354216004
20,1215345.354216004
21,1137805.8678978884
22,1109787.808715107
23,1104197.890300922
24,1086324.912327056
25,1048521.4881865798
26,1048521.4881865798
27,1031178.1528845262
28,1014385.8896579404
29,1008753.3663019534
30,995993.671301083
31,989063.9970121934
32,970792.6469759191
33,970792.6469759191
34,967688.8724333787
35,967688.8724333787
36,953181.0410544823
37,950722.7860813788
38,947959.3566699678
39,946782.7649179744
40,938098.047343465
41,938098.047343465
42,935059.1438734585
43,934955.9096403569
44,930780.278043493
45,927580.6301635719
46,927580.6301635719
47,926067.4320163496
48,923160.341585872
49,923160.341585872
50,922711.0130787133
51,920834.3294582214
52,920100.1649109893
53,918352.7008194369
54,918352.7008194369
55,918352.7008194369
56,918352.7008194369
57,917479.294756593
58,917479.294756593
59,917479.294756593
60,917479.294756593
61,917479.294756593
