,0
0,2082476.1777204163
1,2019346.5552017598
2,1899728.826308738
3,1833538.4887176862
4,1755862.0161026313
5,1674813.5460915747
6,1613429.6160633496
7,1524998.4393852
8,1486346.4343579537
9,1407577.3238427388
10,1407577.3238427388
11,1293001.2963548128
12,1293001.2963548128
13,1268241.837558331
14,1253926.8447777894
15,1195280.5954368424
16,1165045.689732275
17,1066885.0119122937
18,1066252.5543317206
19,1019099.0104737035
20,1006926.2295691416
21,916576.7568304631
22,916576.7568304631
23,916576.7568304631
24,908011.6152171668
25,907918.8409636422
26,871507.3680757297
27,869976.7790297015
28,846420.1399087714
29,831670.0516006149
30,831670.0516006149
31,819072.5992361598
32,819072.5992361598
33,816336.2769310711
34,804167.8921414455
35,795287.3735296039
36,795287.3735296039
37,786218.566540393
38,786218.566540393
39,784090.0807135208
40,782163.9287393311
41,782163.9287393311
42,778080.0751417913
43,776184.3389087197
44,775283.0366096149
45,775283.0366096149
46,770833.487621174
47,769613.2048502234
48,769127.774500646
49,768986.5910453022
50,765578.657359271
51,765129.3849248269
52,763083.4772642057
53,761121.0178620511
54,761121.0178620511
55,759435.903613058
56,758386.7132622026
57,758386.7132622026
58,757239.7154687356
59,757116.6534656518
60,757000.0755036193
61,754347.3167483329
62,754347.3167483329
63,754347.3167483329
64,754024.7295264904
65,754024.7295264904
66,754024.7295264904
67,754024.7295264904
68,754024.7295264904
