,0
0,2709373.963838013
1,2709373.963838013
2,2583481.7074377704
3,2504592.568490211
4,2504592.568490211
5,2261580.7568170107
6,2261580.7568170107
7,2153624.0157057783
8,2120554.4408519524
9,1980819.3676196598
10,1921718.603793014
11,1883232.908058962
12,1638588.472482942
13,1574041.6384341363
14,1574041.6384341363
15,1564505.71114448
16,1431693.1164159344
17,1431693.1164159344
18,1312814.8722078593
19,1312814.8722078593
20,1275506.9856446302
21,1238565.2292505363
22,1219148.1554088597
23,1219148.1554088597
24,1219148.1554088597
25,1190014.7833328836
26,1165116.9301070569
27,1149444.2169267214
28,1143921.163796155
29,1133061.3725284156
30,1127806.469592252
31,1120442.4233843063
32,1108710.6614153204
33,1108710.6614153204
34,1102936.679086947
35,1097786.268946477
36,1085385.7630346366
37,1085385.7630346366
38,1082059.0784442776
39,1079563.3953611953
40,1078706.6428456218
41,1078706.6428456218
42,1075779.7055315448
43,1073348.6821049084
44,1073348.6821049084
45,1070845.2004038088
46,1068865.463072112
47,1067760.5218957632
48,1065633.090914801
49,1064970.8661134148
50,1062072.9174942872
51,1062072.9174942872
52,1060959.8336830107
53,1060335.3249212252
54,1059162.273340904
55,1056992.9691580895
56,1056992.9691580895
57,1056992.9691580895
58,1056992.9691580895
59,1056992.9691580895
