,0
0,2844632.0962639656
1,2844632.0962639656
2,2659018.226981366
3,2586735.8740115985
4,2551690.441346247
5,2401199.535018756
6,2306584.905595051
7,2175788.1009748816
8,2022667.2922957288
9,1964700.2878715857
10,1888091.7475806857
11,1888091.7475806857
12,1781509.6127368829
13,1710764.7637452455
14,1630006.8335982212
15,1494777.0540134292
16,1494777.0540134292
17,1454448.9657636262
18,1423923.318530039
19,1406518.1675875394
20,1355325.3426172684
21,1289541.4571508893
22,1289541.4571508893
23,1200833.9762334025
24,1200833.9762334025
25,1200833.9762334025
26,1172895.1123337892
27,1163676.0786822068
28,1139553.7015428853
29,1137968.1337946637
30,1127474.4835198985
31,1111587.4950052614
32,1111587.4950052614
33,1096598.4388256036
34,1088109.1150239587
35,1087597.5296286142
36,1064303.8262167298
37,1064303.8262167298
38,1064303.8262167298
39,1064303.8262167298
40,1058970.5039161271
41,1052075.9420551215
42,1052075.9420551215
43,1052075.9420551215
44,1046948.041626679
45,1038998.5656401922
46,1038383.6810360225
47,1038383.6810360225
48,1038383.6810360225
49,1038383.6810360225
50,1036988.8199318469
51,1033976.1023871605
52,1033168.2882534734
53,1033168.2882534734
54,1033168.2882534734
55,1031390.4236721675
56,1030556.4019378483
57,1030223.4669768716
58,1029798.3701265875
59,1028942.3283040383
60,1028533.4034200032
61,1027775.3716087424
62,1027775.3716087424
63,1027775.3716087424
64,1027775.3716087424
65,1027775.3716087424
