,0
0,2725123.794049742
1,2725123.794049742
2,2611075.8901623003
3,2355255.008057296
4,2179518.0049524046
5,2179518.0049524046
6,2037039.2822998422
7,2008988.0738319918
8,1981456.9390410848
9,1858594.925143008
10,1699883.5354498625
11,1666734.2326157803
12,1626303.5251369763
13,1626248.7948077745
14,1530862.2037120627
15,1398961.2805306725
16,1308659.734941573
17,1308659.734941573
18,1308659.734941573
19,1266758.0132858749
20,1210802.3299381076
21,1180220.860669388
22,1121139.8076485
23,1121139.8076485
24,1121139.8076485
25,1106305.2263548924
26,1065165.836029676
27,1053060.0459548738
28,1009337.0814299342
29,1009337.0814299342
30,981730.5763259629
31,981730.5763259629
32,981730.5763259629
33,981730.5763259629
34,966973.9216570595
35,956919.6267093924
36,945781.9193574385
37,944430.2025319672
38,944430.2025319672
39,934397.9473126916
40,928983.8026194159
41,928983.8026194159
42,927938.1410287375
43,927938.1410287375
44,925913.5642080742
45,924738.6116123354
46,922209.3021523609
47,921790.9905970708
48,914228.3671428283
49,914228.3671428283
50,914228.3671428283
51,914197.4735310732
52,911882.6322115303
53,908223.4986699667
54,907307.8660837671
55,907307.8660837671
56,906746.6901892914
57,906746.6901892914
58,906018.767990284
59,904811.7756835718
60,904811.7756835718
61,903936.1806813246
62,903666.3645073614
63,902459.3722006492
64,902459.3722006492
65,902459.3722006492
66,902459.3722006492
67,902459.3722006492
