,0
0,2040956.3676892295
1,1937036.323978434
2,1876818.58647032
3,1785079.9220141831
4,1785079.9220141831
5,1514055.5160414116
6,1465680.9126904425
7,1465680.9126904425
8,1465680.9126904425
9,1433099.0402664943
10,1333925.7600583192
11,1295979.1783344755
12,1232496.2724892595
13,1194638.8383452613
14,1194638.8383452613
15,1167545.565877918
16,1155846.1031785863
17,1024436.2440326698
18,1024436.2440326698
19,955524.7626455872
20,955524.7626455872
21,924377.9273261377
22,841786.9077933072
23,841786.9077933072
24,841786.9077933072
25,841786.9077933072
26,812582.6152348549
27,806304.2607926738
28,806304.2607926738
29,792191.6504667801
30,784033.6271596687
31,774965.3282357564
32,774965.3282357564
33,757375.6772020439
34,757375.6772020439
35,756799.3945841289
36,744731.8169418309
37,744731.8169418309
38,744731.8169418309
39,744731.8169418309
40,743757.7987780458
41,737931.3086280003
42,737931.3086280003
43,737580.9348515525
44,732742.8201820966
45,732127.3607269657
46,728647.6789610542
47,728647.6789610542
48,728402.3406475283
49,728349.3946350651
50,724558.0281687918
51,724558.0281687918
52,724558.0281687918
53,724296.7056027377
54,724296.7056027377
55,723027.2157744593
56,720626.7236657112
57,720626.7236657112
58,719960.820773661
59,718627.2776954833
60,717961.3748034331
61,717961.3748034331
62,717961.3748034331
63,717961.3748034331
64,717961.3748034331
