,0
0,3340150.6289680083
1,3233089.9652149114
2,3078477.106133822
3,3029488.3660324984
4,2964890.3190641846
5,2925703.069776944
6,2764850.13280802
7,2756844.900470732
8,2756844.900470732
9,2756844.900470732
10,2700284.4109459524
11,2700284.4109459524
12,2659796.460344341
13,2651797.62992916
14,2588093.341933842
15,2560822.3276584093
16,2549574.292422452
17,2525303.673154967
18,2479481.1618075185
19,2479481.1618075185
20,2468976.2196563096
21,2468976.2196563096
22,2456813.762213929
23,2428886.6368741915
24,2427775.158133692
25,2416581.4620467043
26,2412347.1574183283
27,2398752.2160959295
28,2373830.1571170045
29,2357141.5784136225
30,2350497.8116247477
31,2350497.8116247477
32,2336577.7643909343
33,2330379.6763107106
34,2305550.9899612875
35,2285701.5202946914
36,2285701.5202946914
37,2280502.016326358
38,2280502.016326358
39,2277896.4194975104
40,2277896.4194975104
41,2237126.6018331144
42,2237126.6018331144
43,2237126.6018331144
44,2237126.6018331144
45,2220718.199549127
46,2217485.8042906597
47,2215203.772318103
48,2215203.772318103
49,2178595.2228079443
50,2178595.2228079443
51,2178595.2228079443
52,2178595.2228079443
53,2178595.2228079443
54,2178225.614542842
55,2159046.2341418946
56,2159046.2341418946
57,2156447.7199168815
58,2156447.7199168815
59,2156447.7199168815
60,2153208.572903047
61,2152296.743749365
62,2146795.9938402916
63,2139147.3542228043
64,2136974.9820461054
65,2131618.723160893
66,2131618.723160893
67,2127140.587424767
68,2122567.119617789
69,2122567.119617789
70,2122567.119617789
71,2122567.119617789
72,2122567.119617789
