,0
0,2880923.1256920793
1,2688069.2286071577
2,2622747.63395323
3,2493486.862544919
4,2390628.714337505
5,2291702.574729201
6,2183516.723660069
7,2062865.3539145552
8,2002331.2950189784
9,1955087.7863654692
10,1848771.3364449034
11,1775199.5469503757
12,1708425.7899918458
13,1638442.5459987782
14,1474334.3221508705
15,1474334.3221508705
16,1474334.3221508705
17,1406733.8962012592
18,1361292.8420200904
19,1352886.1279989793
20,1337197.9188579037
21,1239661.709730912
22,1239661.709730912
23,1226994.5986286106
24,1182330.5318002934
25,1182330.5318002934
26,1182330.5318002934
27,1169177.8330188766
28,1147701.8970785604
29,1143844.8370514421
30,1137750.9724740922
31,1136108.324128012
32,1118761.3336066394
33,1107153.2402187567
34,1107153.2402187567
35,1106568.3358371234
36,1098570.2126326424
37,1098570.2126326424
38,1094166.039103786
39,1092937.0015184686
40,1087793.6992138172
41,1076953.805918327
42,1076953.805918327
43,1076953.805918327
44,1076128.8745851754
45,1072177.6453695004
46,1072177.6453695004
47,1068600.6524539157
48,1068091.8906753329
49,1065979.8442776785
50,1064107.602610326
51,1062453.5926019987
52,1062453.5926019987
53,1062077.7091553572
54,1059408.5649412759
55,1058950.4266535982
56,1058950.4266535982
57,1058574.543206957
58,1057122.7268191269
59,1057122.7268191269
60,1057122.7268191269
61,1057122.7268191269
62,1057122.7268191269
