,0
0,1960800.117101329
1,1837583.6779398192
2,1833173.032710395
3,1741620.6782455326
4,1549267.7290286047
5,1549267.7290286047
6,1523603.532223408
7,1348010.6269337721
8,1348010.6269337721
9,1283117.3904077352
10,1283117.3904077352
11,1175460.6505733104
12,1143368.427872895
13,1036787.6093516443
14,1036787.6093516443
15,1000345.7797774409
16,999432.6568709064
17,922328.2588707443
18,922328.2588707443
19,883236.6238213119
20,856737.2291109792
21,827282.8976208548
22,808549.5594566691
23,787940.6002099182
24,750638.18443419
25,750638.18443419
26,750638.18443419
27,750135.7513384143
28,742736.7286605615
29,742736.7286605615
30,740736.7753775802
31,737723.7077279825
32,735245.3667484131
33,733335.9187787313
34,733132.6706784281
35,733132.6706784281
36,731615.0164974863
37,731223.9852642957
38,727622.0935846685
39,726956.1906926183
40,724990.5934114307
41,724212.3805722122
42,724212.3805722122
43,722942.3207756614
44,722942.3207756614
45,722942.3207756614
46,722233.2265434036
47,722233.2265434036
48,722233.2265434036
49,722233.2265434036
50,722233.2265434036
