,0
0,2956843.1267972323
1,2783141.090954015
2,2564128.242460785
3,2506115.4285755376
4,2309197.72818765
5,2244415.704935825
6,2221989.775650282
7,1975625.427842677
8,1940028.1568601842
9,1918625.4593632887
10,1809154.7298617547
11,1783865.3798155873
12,1698197.1870816594
13,1625227.271573983
14,1547431.4155379017
15,1505392.3164698535
16,1474572.6343888135
17,1443329.736567992
18,1376366.2872206091
19,1356765.2278198688
20,1279160.7235736437
21,1274701.9863848034
22,1218816.1439233487
23,1218816.1439233487
24,1183476.9911910158
25,1182242.2587903312
26,1151403.4779597577
27,1151403.4779597577
28,1128935.4982649833
29,1121639.7289721842
30,1120310.5741105957
31,1120310.5741105957
32,1101048.0979656847
33,1096219.2209520137
34,1085161.2259334465
35,1085161.2259334465
36,1073850.2136443164
37,1073850.2136443164
38,1073491.543688684
39,1067788.7975535912
40,1066413.2006437222
41,1066413.2006437222
42,1063401.9461794328
43,1057272.7967167993
44,1057272.7967167993
45,1057272.7967167993
46,1055200.4960056844
47,1052813.85793723
48,1051436.9235957016
49,1051436.9235957016
50,1050123.8281126996
51,1049325.4668316029
52,1049325.4668316029
53,1049267.0755971258
54,1049267.0755971258
55,1049267.0755971258
56,1049267.0755971258
57,1049267.0755971258
