,0
0,1925819.3614514358
1,1925819.3614514358
2,1919476.710534956
3,1772919.2666709186
4,1696837.1111213895
5,1689503.0884835855
6,1556379.2506464205
7,1521817.9963501438
8,1469127.6529166903
9,1311174.1438888276
10,1311174.1438888276
11,1311174.1438888276
12,1284477.2754420056
13,1255700.7498502336
14,1114830.9035859639
15,1045443.8145371103
16,1045443.8145371103
17,988398.4139902694
18,964764.9455560433
19,917306.5621454831
20,917306.5621454831
21,853647.4061983248
22,853647.4061983248
23,837100.6783652799
24,837100.6783652799
25,809250.9382413471
26,776113.0851969004
27,776113.0851969004
28,761306.8370819868
29,761306.8370819868
30,744801.6043402432
31,744801.6043402432
32,731744.7372517361
33,718653.7395484865
34,718653.7395484865
35,712658.4741089481
36,712658.4741089481
37,710737.038335311
38,703476.1298127597
39,700731.5504990319
40,697814.515073437
41,694980.9685098875
42,688553.3129897718
43,684762.4970990024
44,684762.4970990024
45,683984.5959280557
46,680224.4607562755
47,678737.1536847991
48,678737.1536847991
49,677560.2476355294
50,674825.0097962599
51,674825.0097962599
52,674825.0097962599
53,672282.8882324243
54,671217.004233222
55,671217.004233222
56,671015.6495637054
57,669985.7629930624
58,669985.7629930624
59,669985.7629930624
60,669985.7629930624
61,669985.7629930624
