,0
0,1996612.6282003238
1,1871391.0534400477
2,1818833.9896506018
3,1765158.8907243111
4,1724981.2231605859
5,1602894.5993444936
6,1589203.2546055622
7,1502388.97336554
8,1478619.000778253
9,1371539.31081532
10,1274801.9001729481
11,1274801.9001729481
12,1245426.322411191
13,1222831.179017217
14,1036636.8271873171
15,1036636.8271873171
16,1036636.8271873171
17,958782.9059247872
18,958782.9059247872
19,944231.5942372982
20,910259.4845377585
21,854449.2818981461
22,854449.2818981461
23,826139.0996364137
24,826139.0996364137
25,792468.044948357
26,783847.4418048846
27,783847.4418048846
28,765477.4806647876
29,757290.2634775029
30,753802.0282554022
31,746682.391546155
32,744899.8128649556
33,742053.8221074193
34,739198.1166202435
35,735563.5025358902
36,724247.5085969092
37,719600.9959506742
38,710211.5416359096
39,707430.6575866715
40,707430.6575866715
41,707395.1745719675
42,706658.0670679858
43,705418.569342083
44,700005.3641830372
45,696134.6757673799
46,695198.6647176663
47,686364.4348164559
48,686364.4348164559
49,684626.3765982843
50,684626.3765982843
51,683356.2259918118
52,681376.5112173302
53,681376.5112173302
54,680954.4881508253
55,679324.5254518533
56,677254.7736249905
57,677254.7736249905
58,677254.7736249905
59,676897.983858046
60,676897.983858046
61,676897.983858046
62,676897.983858046
63,676897.983858046
