,0
0,3476333.3923399765
1,3159643.140061572
2,3058916.458217697
3,3058916.458217697
4,3033499.262184042
5,2813006.9557079673
6,2781902.582980742
7,2781902.582980742
8,2781902.582980742
9,2716938.844563594
10,2713322.6447446174
11,2713322.6447446174
12,2658011.1392833763
13,2608094.450507306
14,2587617.987630107
15,2574936.9191594888
16,2574219.029232303
17,2542704.330101721
18,2529697.9871786064
19,2471577.50694408
20,2471577.50694408
21,2445369.9347043745
22,2445369.9347043745
23,2383484.2820028393
24,2383484.2820028393
25,2383484.2820028393
26,2383484.2820028393
27,2357971.970574307
28,2337883.781414086
29,2337883.781414086
30,2337883.781414086
31,2313940.881792545
32,2280418.865852904
33,2243443.699770959
34,2243443.699770959
35,2243443.699770959
36,2243443.699770959
37,2217185.4501601765
38,2217185.4501601765
39,2195865.7705874387
40,2195865.7705874387
41,2181345.9769381257
42,2181031.5083946628
43,2165111.7122445316
44,2165111.7122445316
45,2160454.99836261
46,2141243.677319687
47,2141243.677319687
48,2141243.677319687
49,2141243.677319687
50,2140650.0028235973
51,2138611.3401816227
52,2131319.3304066444
53,2126162.794910638
54,2125305.6055455566
55,2125305.6055455566
56,2121831.197652524
57,2120037.8768293955
58,2120037.8768293955
59,2113387.1148189288
60,2110969.611984505
61,2110969.611984505
62,2110969.611984505
63,2110969.611984505
64,2110331.5558718033
65,2109814.1702641617
66,2109814.1702641617
67,2108272.3372182283
68,2108048.257945676
69,2106066.6957855485
70,2106066.6957855485
71,2106066.6957855485
72,2106066.6957855485
73,2104687.815717902
74,2104687.815717902
75,2104662.257813368
76,2104662.257813368
77,2104662.257813368
78,2104662.257813368
79,2104662.257813368
