,0
0,2725611.358027235
1,2725611.358027235
2,2650030.3501938577
3,2609030.996250544
4,2417146.9652866647
5,2344975.4085479993
6,2099583.8035029517
7,2081975.5340574088
8,2017723.7934850948
9,1844602.2319320485
10,1830016.2609294998
11,1741648.6483050194
12,1703217.2701701438
13,1565764.226433521
14,1533624.5887782117
15,1370089.9598624893
16,1353082.8418366697
17,1353082.8418366697
18,1267221.673739529
19,1240164.8771113895
20,1240164.8771113895
21,1208486.7969613238
22,1197559.756127282
23,1164651.5885123762
24,1164651.5885123762
25,1127919.014845317
26,1127919.014845317
27,1127919.014845317
28,1125193.5585840985
29,1117059.7704154684
30,1117059.7704154684
31,1103608.7081568642
32,1103608.7081568642
33,1093770.84110121
34,1093770.84110121
35,1090827.5472840106
36,1087995.5755998583
37,1080933.2572047226
38,1078062.811749208
39,1072228.1395361843
40,1067978.7409566264
41,1064970.0312606373
42,1062970.3373657933
43,1062970.3373657933
44,1062165.341125172
45,1056804.6424523145
46,1056227.270927219
47,1056127.3070075687
48,1056127.3070075687
49,1053103.9438393912
50,1053085.6000142598
51,1051083.0397753874
52,1051083.0397753874
53,1049562.9745526314
54,1048967.910680375
55,1047955.9331267176
56,1046824.757835093
57,1046824.757835093
58,1045910.3247780667
59,1044516.8996247139
60,1044458.5083902369
61,1044458.5083902369
62,1043252.7626006445
63,1043252.7626006445
64,1043194.3713661672
65,1043194.3713661672
66,1043194.3713661672
67,1043194.3713661672
68,1043194.3713661672
