,0
0,2887479.269193135
1,2703409.104843472
2,2520029.378786426
3,2520029.378786426
4,2336998.796625739
5,2330516.1493646377
6,2173811.255359697
7,2108187.0569536537
8,1829362.1050965486
9,1829362.1050965486
10,1605047.1954440211
11,1605047.1954440211
12,1605047.1954440211
13,1501115.072225949
14,1406099.0570478397
15,1371572.2148171705
16,1339445.8186395424
17,1312949.4343879316
18,1254717.2593338373
19,1239067.2712113897
20,1185987.8103238821
21,1114364.2354912583
22,1114364.2354912583
23,1060691.6386476727
24,1060629.839348469
25,1048959.5852360786
26,1026575.9858662069
27,1010180.5252700651
28,998614.6566666735
29,998614.6566666735
30,998614.6566666735
31,960684.2453209177
32,960684.2453209177
33,952867.6570016711
34,952867.6570016711
35,948556.3863139773
36,944321.8039002188
37,943713.4649515896
38,936066.6947912058
39,936066.6947912058
40,934119.300851923
41,932830.2027584398
42,929416.0151597038
43,924775.0872422069
44,917621.8133148457
45,917621.8133148457
46,917481.4768472422
47,917481.4768472422
48,916607.7501197351
49,914968.6070626486
50,914968.6070626486
51,914968.6070626486
52,914968.6070626486
53,914968.6070626486
