,0
0,2880028.8638139055
1,2824578.185398477
2,2719912.083238113
3,2530649.53944328
4,2530649.53944328
5,2530649.53944328
6,2347974.7694721594
7,2293580.5233767424
8,2115582.559697022
9,2055651.0551121824
10,2035509.13104894
11,1863712.677687941
12,1863712.677687941
13,1863712.677687941
14,1850789.5471259556
15,1831698.5711436255
16,1791630.5677065677
17,1734474.5937693478
18,1694599.133503349
19,1670860.0836835336
20,1631409.3526050006
21,1567574.719080046
22,1567574.719080046
23,1533702.2903106238
24,1503356.775494177
25,1486306.0820539482
26,1468036.9363317518
27,1363359.0910812027
28,1363359.0910812027
29,1363359.0910812027
30,1349626.2687838615
31,1335907.5644756781
32,1335907.5644756781
33,1309936.5419866492
34,1298668.8434154268
35,1233360.532639845
36,1224478.3707330425
37,1224478.3707330425
38,1219309.9841410932
39,1191717.937850765
40,1183141.4186527845
41,1180411.0614334561
42,1159895.1380943982
43,1157518.5549284592
44,1156792.1866952842
45,1143761.7083703002
46,1134618.5566408902
47,1134618.5566408902
48,1120238.3665468849
49,1120238.3665468849
50,1109493.970581497
51,1107754.0864549219
52,1107754.0864549219
53,1106912.7553940222
54,1104067.3065446357
55,1104067.3065446357
56,1104067.3065446357
57,1103903.8377874729
58,1103903.8377874729
59,1103876.1427798653
60,1101599.855059824
61,1101599.855059824
62,1101599.855059824
63,1101599.855059824
64,1101599.855059824
