,0
0,2967695.3166112853
1,2694517.27558115
2,2596919.024375951
3,2417736.139226331
4,2417736.139226331
5,2339774.210320135
6,2212210.2273043664
7,2212210.2273043664
8,2200296.572421448
9,2090956.8884522007
10,2090956.8884522007
11,1967646.6105669977
12,1951404.4920836384
13,1869702.6329609924
14,1869702.6329609924
15,1752099.3758985293
16,1752099.3758985293
17,1743605.825091712
18,1671625.3438829966
19,1624829.7190632632
20,1624829.7190632632
21,1613445.4406291142
22,1588176.0055277532
23,1542578.0699223687
24,1534829.9380187406
25,1518244.6617561306
26,1488883.7883646565
27,1487304.3179719986
28,1431519.3787544847
29,1431519.3787544847
30,1384114.8193361575
31,1384114.8193361575
32,1359038.990012241
33,1359038.990012241
34,1342807.2120055428
35,1292822.79045998
36,1292822.79045998
37,1292822.79045998
38,1273580.3809089097
39,1247855.3038729697
40,1245348.3230254625
41,1233226.9234456173
42,1233226.9234456173
43,1215371.2056438224
44,1215371.2056438224
45,1213720.8211408153
46,1212195.1145411048
47,1201130.187915482
48,1200478.4260689742
49,1195211.755014154
50,1186341.4693569993
51,1186341.4693569993
52,1185135.7618896577
53,1178322.514451775
54,1161305.87619275
55,1161305.87619275
56,1161305.87619275
57,1161305.87619275
58,1154791.3272821447
59,1154240.9177817898
60,1153981.914022237
61,1146637.3854134018
62,1146637.3854134018
63,1146637.3854134018
64,1146637.3854134018
65,1146637.3854134018
