,0
0,2705019.7113782004
1,2705019.7113782004
2,2594148.3505671467
3,2410893.279252467
4,2252018.597713924
5,2252018.597713924
6,2204171.6528371405
7,2032983.1932581072
8,1936806.4375614743
9,1918145.3933379236
10,1918145.3933379236
11,1808595.3776944617
12,1699527.919415815
13,1478991.4300323382
14,1478991.4300323382
15,1478991.4300323382
16,1401964.2386884724
17,1401964.2386884724
18,1352367.3178843996
19,1317712.569993987
20,1228840.9049311173
21,1228840.9049311173
22,1142740.718800277
23,1138319.2245039064
24,1087156.0741087666
25,1087156.0741087666
26,1065568.0389338476
27,1042068.9522441601
28,1042068.9522441601
29,1042068.9522441601
30,1015694.8367851313
31,1008407.5384581106
32,989388.9088402989
33,989388.9088402989
34,982717.7803222141
35,982717.7803222141
36,979465.3333870956
37,976249.3714590756
38,970311.9405176715
39,966817.2048294194
40,966817.2048294194
41,956187.1820089936
42,954358.5626674434
43,954358.5626674434
44,945122.7363958998
45,945122.7363958998
46,940893.705098002
47,940893.705098002
48,934192.7883570285
49,931909.366119364
50,925931.3518812661
51,925114.239125367
52,921757.002792055
53,918063.4835410016
54,918063.4835410016
55,916650.7808355491
56,916650.7808355491
57,914437.7695783908
58,912511.7481399945
59,912511.7481399945
60,912511.7481399945
61,911748.200085155
62,911748.200085155
63,911748.200085155
64,911748.200085155
65,911748.200085155
