,0
0,3016281.340931366
1,2772687.51622358
2,2528585.9891047473
3,2509314.1050008023
4,2392849.685273572
5,2392849.685273572
6,2320018.6979798363
7,2297155.509004216
8,2228925.1395219886
9,2086041.2050387561
10,2030124.793736176
11,2013009.119815377
12,1980560.3001193716
13,1890346.135722092
14,1817196.676304675
15,1581300.1285024255
16,1581300.1285024255
17,1496001.4894089624
18,1496001.4894089624
19,1490272.6478749781
20,1462665.2394662672
21,1462665.2394662672
22,1436984.0346116954
23,1367331.646664568
24,1362484.1782576207
25,1309479.2335128342
26,1290954.8930242755
27,1260217.9630703127
28,1259708.7260096665
29,1209687.816315134
30,1209687.816315134
31,1163693.7994804769
32,1158346.1874477346
33,1141055.8592399359
34,1131433.719965028
35,1127307.7763615616
36,1116055.2041047928
37,1113739.757772036
38,1110197.5983826031
39,1108982.7109371952
40,1094665.2025320393
41,1094665.2025320393
42,1089336.2947484655
43,1089336.2947484655
44,1089336.2947484655
45,1084130.7536674002
46,1084130.7536674002
47,1078923.1547475124
48,1078512.576385414
49,1077468.7788459586
50,1075714.3694106464
51,1068331.0717131975
52,1065356.1832654034
53,1061492.6740699292
54,1059646.7193090797
55,1059135.5446148398
56,1059135.5446148398
57,1059135.5446148398
58,1055049.8542808876
59,1055049.8542808876
60,1054193.101765314
61,1054193.101765314
62,1054193.101765314
63,1054193.101765314
64,1054173.4438866428
65,1053337.0599427647
66,1053337.0599427647
67,1053337.0599427647
68,1052587.0587132936
69,1052579.0281315038
70,1052579.0281315038
71,1052579.0281315038
72,1052579.0281315038
73,1052579.0281315038
