,0
0,2779436.8771201414
1,2541235.371246216
2,2507801.633568855
3,2178448.4389121234
4,2178448.4389121234
5,2064179.5322541366
6,2015860.5480611406
7,1940469.9600896342
8,1887477.4517643994
9,1737439.540207719
10,1669420.6369703298
11,1669420.6369703298
12,1550420.3207432493
13,1509352.6395272955
14,1448883.2011219296
15,1259580.9165339458
16,1259580.9165339458
17,1259580.9165339458
18,1259580.9165339458
19,1166536.7796900717
20,1166536.7796900717
21,1134327.005795767
22,1116331.2978476186
23,1083186.8363658378
24,1038034.904583927
25,1016429.87790319
26,1016429.87790319
27,996565.5105301247
28,989365.8547557862
29,964680.9565761501
30,964680.9565761501
31,956646.673505624
32,954842.4740191038
33,949677.0717325422
34,940338.2273306297
35,939413.811558109
36,933916.7011285059
37,927990.2857377343
38,924772.7210933641
39,919229.0164954668
40,916671.1357408126
41,913652.632336882
42,912988.6036211525
43,909424.6611812334
44,909424.6611812334
45,905828.6718514554
46,905213.2448913691
47,903737.6313386854
48,903737.6313386854
49,903737.6313386854
50,903206.1964889547
51,902015.8566215545
52,901076.3382546193
53,900279.823613125
54,900279.823613125
55,898998.9263319551
56,898998.9263319551
57,898998.9263319551
58,897962.5005689609
59,897953.264741277
60,897953.264741277
61,897189.7166864375
62,897189.7166864375
63,897189.7166864375
64,897189.7166864375
65,897189.7166864375
