,0
0,2066289.0741569994
1,2066289.0741569994
2,1899750.6490117796
3,1745699.2134158798
4,1745699.2134158798
5,1745699.2134158798
6,1645301.0054725984
7,1501197.0712627298
8,1501197.0712627298
9,1493790.7433380801
10,1344800.965790285
11,1344715.7098755015
12,1315968.5439865289
13,1235126.7690086283
14,1174488.7835810604
15,1140095.813064601
16,1107617.9087713417
17,1033628.0131334106
18,1033628.0131334106
19,991257.911563641
20,959626.1030783836
21,925762.6323946507
22,899202.9657664769
23,802898.3386120292
24,802898.3386120292
25,802898.3386120292
26,802898.3386120292
27,802898.3386120292
28,797390.2296371761
29,791312.1311565808
30,765783.7593199922
31,765783.7593199922
32,765783.7593199922
33,759478.6905136178
34,754765.4153530807
35,751988.4241162268
36,744831.0697044468
37,744831.0697044468
38,744219.778177935
39,737420.7472128642
40,737420.7472128642
41,733481.2819356181
42,733481.2819356181
43,731059.8314622641
44,725364.7753254005
45,720261.4752743753
46,720261.4752743753
47,716464.4054835994
48,716464.4054835994
49,712264.1677910867
50,707509.2927529666
51,706862.4618419181
52,706862.4618419181
53,706718.0040232056
54,703838.7199228383
55,700622.9959781395
56,686501.8600255413
57,686501.8600255413
58,684534.0226554426
59,682601.5732294881
60,682601.5732294881
61,682244.7834625437
62,682244.7834625437
63,682244.7834625437
64,682244.7834625437
65,682244.7834625437
