,0
0,2751737.5959303807
1,2633182.5240196073
2,2493943.810909412
3,2297577.7018665764
4,2297577.7018665764
5,2224368.300855519
6,2169512.8880009307
7,2069356.4214530091
8,1978598.6205569091
9,1861425.4281563754
10,1727386.3851251018
11,1727386.3851251018
12,1470005.5388105495
13,1470005.5388105495
14,1470005.5388105495
15,1424724.7555055628
16,1358299.3944985045
17,1328848.8604266348
18,1290717.8447852435
19,1287838.7422421188
20,1236873.9773903326
21,1207447.9941599655
22,1178353.586614555
23,1124091.4169851053
24,1124091.4169851053
25,1086465.5752571318
26,1052031.0435763681
27,1044030.8154522816
28,1024559.8671260618
29,979627.724867478
30,979627.724867478
31,979627.724867478
32,979627.724867478
33,971944.4930263008
34,970306.5881309313
35,952859.2462561458
36,947528.0708816757
37,938168.3848709867
38,938168.3848709867
39,938168.3848709867
40,931589.7384109633
41,928693.1085723512
42,921762.1554931394
43,919620.2036267362
44,919620.2036267362
45,919556.8235575692
46,916555.3486129863
47,913137.6063849117
48,913137.6063849117
49,912374.071403202
50,908591.2003202914
51,908591.2003202914
52,908591.2003202914
53,908490.5650668408
54,906700.8676375827
55,906700.8676375827
56,906700.8676375827
57,906073.9188071002
58,905028.2572164218
59,905026.328849861
60,904497.1352254631
61,904150.7338476138
62,904150.7338476138
63,904150.7338476138
64,904150.7338476138
65,904150.7338476138
66,904141.4980199299
67,904141.4980199299
68,904141.4980199299
69,904141.4980199299
70,904141.4980199299
