,0
0,2957471.651681475
1,2843818.4366970807
2,2612516.3661260977
3,2610142.291991159
4,2515268.1473443233
5,2301582.5210725316
6,2292361.4659915566
7,2208536.2990389904
8,2127533.292801288
9,2116846.1108270446
10,2025229.0524830343
11,1932472.9845485492
12,1932472.9845485492
13,1928982.2605582501
14,1812653.779968967
15,1812653.779968967
16,1812653.779968967
17,1754185.8941815132
18,1667475.9618750857
19,1667475.9618750857
20,1632113.7530170348
21,1625099.284204975
22,1597748.3502041986
23,1531226.8358859683
24,1509138.9785627634
25,1429223.3051821142
26,1429223.3051821142
27,1429223.3051821142
28,1420779.3427949212
29,1420779.3427949212
30,1392208.4385301913
31,1350342.3793758384
32,1348786.8436531657
33,1305030.0198589908
34,1299308.350355966
35,1299308.350355966
36,1284502.567749657
37,1247313.8305304367
38,1247313.8305304367
39,1226234.4160058803
40,1192956.8901346882
41,1192956.8901346882
42,1191444.3841004707
43,1191444.3841004707
44,1169279.5440592663
45,1160679.0235591247
46,1160679.0235591247
47,1153864.8205698433
48,1153864.8205698433
49,1145848.2292633783
50,1145848.2292633783
51,1131247.0876473587
52,1131247.0876473587
53,1131247.0876473587
54,1131247.0876473587
55,1131247.0876473587
