,0
0,2939920.089965861
1,2794870.2811432756
2,2750627.925130249
3,2645661.62215235
4,2558667.7382001583
5,2353484.3917290196
6,2269679.3632293213
7,2166203.614523592
8,2166203.614523592
9,1978720.88261855
10,1952715.0410218288
11,1812998.3762756514
12,1771389.2078163135
13,1734095.4957138696
14,1683882.9932941673
15,1648491.863934383
16,1525986.6459681871
17,1510450.252093479
18,1414187.4759011967
19,1393413.5843748974
20,1365636.1700136247
21,1305871.9566841663
22,1268033.2092948938
23,1261271.8674357347
24,1228223.6647516629
25,1209170.2073640116
26,1200588.4244851435
27,1183872.3381349538
28,1167333.8190591172
29,1154227.7941381987
30,1136460.7964009303
31,1136460.7964009303
32,1126260.4244014027
33,1126260.4244014027
34,1113309.786670718
35,1113309.786670718
36,1110904.7346363815
37,1106599.534742218
38,1098666.920106306
39,1098666.920106306
40,1092118.7799956335
41,1084823.8230251523
42,1084823.8230251523
43,1084823.8230251523
44,1083311.0734370253
45,1079594.0090392148
46,1078950.971443194
47,1078706.8340060627
48,1077814.8089646597
49,1075889.6512342133
50,1073025.7360449256
51,1069538.0652887577
52,1069157.7550107525
53,1066764.6630613476
54,1064325.559360132
55,1064325.559360132
56,1062856.4396564662
57,1062856.4396564662
58,1062022.417922147
59,1062022.417922147
60,1062022.417922147
61,1062022.417922147
62,1062022.417922147
