,0
0,2690477.532078464
1,2690477.532078464
2,2597617.8885333366
3,2597617.8885333366
4,2336209.6533192303
5,2275851.2477789237
6,2246062.9016601476
7,2180090.8800504114
8,2158392.892560561
9,2030751.162505061
10,1874050.4118700896
11,1874050.4118700896
12,1874050.4118700896
13,1821469.929112522
14,1731352.9844804662
15,1731352.9844804662
16,1692769.3214748218
17,1692769.3214748218
18,1671598.5929906454
19,1641526.1669011721
20,1600488.358216835
21,1548971.4662987979
22,1535284.8193511933
23,1535284.8193511933
24,1481816.0210527887
25,1481816.0210527887
26,1450241.5724978794
27,1443029.2372136703
28,1420283.9099097503
29,1380931.554002264
30,1363475.5698966647
31,1351481.4532178196
32,1327945.616386493
33,1326031.6133468095
34,1310388.338665184
35,1281294.9126021357
36,1281294.9126021357
37,1250894.0089139761
38,1250894.0089139761
39,1244465.2108962017
40,1226277.7296144878
41,1219097.794538084
42,1219097.794538084
43,1210466.167743998
44,1199250.7919100912
45,1199250.7919100912
46,1187730.32551865
47,1185670.4692297373
48,1175429.6861037135
49,1169997.7861816953
50,1169997.7861816953
51,1156358.680011252
52,1156358.680011252
53,1156358.680011252
54,1151504.34725442
55,1151504.34725442
56,1151504.34725442
57,1151504.34725442
58,1148754.2640003045
59,1143544.0863502151
60,1143544.0863502151
61,1143544.0863502151
62,1137551.135426074
63,1137551.135426074
64,1137551.135426074
65,1137551.135426074
66,1137551.135426074
67,1136233.2550872404
68,1136233.2550872404
69,1136233.2550872404
70,1136233.2550872404
71,1136233.2550872404
