,0
0,3403711.6185941766
1,3276204.6623325264
2,3186423.1006144295
3,3030246.2274285946
4,2912634.379798868
5,2912634.379798868
6,2760876.8470292576
7,2760876.8470292576
8,2719429.0382097014
9,2719429.0382097014
10,2695918.588036015
11,2695918.588036015
12,2670811.8047891464
13,2618375.722975716
14,2616176.623505065
15,2552719.200821233
16,2534537.888971876
17,2534537.888971876
18,2534537.888971876
19,2534537.888971876
20,2534537.888971876
21,2466716.7729586745
22,2466716.7729586745
23,2448220.981666527
24,2448220.981666527
25,2442797.550514647
26,2431110.544349205
27,2409526.797885451
28,2409526.797885451
29,2409526.797885451
30,2387518.9290468353
31,2363334.0752934585
32,2363334.0752934585
33,2346014.361526001
34,2346014.361526001
35,2328817.719944979
36,2328817.719944979
37,2328817.719944979
38,2325002.8885697927
39,2288436.8262412134
40,2288436.8262412134
41,2288436.8262412134
42,2276204.6269309074
43,2276204.6269309074
44,2268685.9559786394
45,2253595.4751422643
46,2253595.4751422643
47,2253595.4751422643
48,2250594.677303893
49,2239447.623110513
50,2239447.623110513
51,2239447.623110513
52,2231466.1009888984
53,2225291.4656950478
54,2225291.4656950478
55,2225291.4656950478
56,2216678.799456343
57,2212922.354087032
58,2211307.3992334907
59,2210474.477934655
60,2203927.00863137
61,2199033.9199153874
62,2195517.776397177
63,2195517.776397177
64,2195517.776397177
65,2195517.776397177
66,2194388.206115395
67,2192235.3658731147
68,2189909.8703281227
69,2189909.8703281227
70,2187522.881403859
71,2187522.881403859
72,2187522.881403859
73,2187359.942025758
74,2187359.942025758
75,2187359.942025758
76,2187359.942025758
77,2187359.942025758
