,0
0,2044734.9654999578
1,1912873.670108888
2,1873137.8093292308
3,1760628.6234083588
4,1748665.4102096998
5,1669611.513406351
6,1584617.001180985
7,1519500.2955810232
8,1433287.8603355153
9,1341099.9518101302
10,1236952.1145108445
11,1190799.0629837532
12,1185743.8353459889
13,1123534.0324332016
14,1039412.818889707
15,1039412.818889707
16,1013506.2056357762
17,979744.5637361199
18,972488.7571966954
19,948457.6701249676
20,928514.1502569035
21,873112.4897918706
22,823488.5466878004
23,812261.2626097853
24,800641.9028209815
25,800641.9028209815
26,778763.2144524334
27,774634.1499147008
28,761046.8812362932
29,757270.3803667148
30,742575.2799111959
31,731565.5484208433
32,731565.5484208433
33,730598.4556307166
34,722661.737555543
35,718871.1223457347
36,715140.1307366438
37,715140.1307366438
38,708970.1362033376
39,700324.039947432
40,700324.039947432
41,697452.4449782845
42,696425.6174713298
43,694177.2012162802
44,694134.5149857692
45,689819.3709238216
46,686688.6071072408
47,686688.6071072408
48,685467.1495402197
49,684059.5248117442
50,683091.415181213
51,681466.6774032717
52,678538.556343607
53,678298.9163784907
54,678298.9163784907
55,678082.6521877428
56,675876.3664781847
57,675337.7936040825
58,675337.7936040825
59,675337.7936040825
60,674389.0594067083
61,674389.0594067083
62,674389.0594067083
63,674389.0594067083
64,674389.0594067083
