,0
0,2862258.6813545725
1,2862258.6813545725
2,2688978.4979190473
3,2688978.4979190473
4,2389691.6286287988
5,2389691.6286287988
6,2350601.3378652823
7,2310702.499531342
8,2227788.1201491724
9,2127617.1552579068
10,2082990.9167024577
11,2063771.5050559838
12,2010575.6312604893
13,1904975.3331624707
14,1904975.3331624707
15,1852597.9617839428
16,1706411.0185819292
17,1706411.0185819292
18,1706411.0185819292
19,1706411.0185819292
20,1643937.1186209759
21,1615681.5425861324
22,1547729.5957084491
23,1547729.5957084491
24,1519864.4992156054
25,1488355.432572749
26,1488355.432572749
27,1443529.7766631306
28,1443529.7766631306
29,1410708.3504912292
30,1407336.4868320304
31,1376200.3825051538
32,1349784.1186911939
33,1324274.1552520199
34,1324274.1552520199
35,1280543.6729552054
36,1280543.6729552054
37,1280543.6729552054
38,1270873.4264821769
39,1265304.4084534245
40,1231618.788531141
41,1226606.6660051085
42,1213563.6680522037
43,1198064.6540792354
44,1193935.9068780686
45,1193935.9068780686
46,1173127.0243008663
47,1171843.9909023596
48,1170077.876630863
49,1170077.876630863
50,1162845.7689419012
51,1155201.0376996442
52,1146184.6407046695
53,1142220.3287337958
54,1137677.8359955654
55,1126413.6048623277
56,1126413.6048623277
57,1126413.6048623277
58,1126413.6048623277
59,1125095.724523494
60,1121175.7793308129
61,1121175.7793308129
62,1121175.7793308129
63,1121175.7793308129
64,1121175.7793308129
65,1119857.8989919792
66,1119857.8989919792
67,1119857.8989919792
68,1119857.8989919792
69,1119857.8989919792
