,0
0,2712393.819714846
1,2712393.819714846
2,2712393.819714846
3,2684540.3717185655
4,2446664.3806247474
5,2429614.836996119
6,2276130.258023128
7,2247297.8735484066
8,2151562.839496743
9,2151562.839496743
10,2047152.9168648347
11,2020828.9681444722
12,1990403.9530036119
13,1898703.602258768
14,1883203.7723529187
15,1810465.440140441
16,1794724.475290771
17,1711770.8976092453
18,1711770.8976092453
19,1655227.4132105645
20,1655227.4132105645
21,1628269.274006039
22,1593294.028487126
23,1562509.5864097727
24,1551128.6659008989
25,1546523.2369024425
26,1475385.0334868885
27,1450911.8859810794
28,1434677.6825304793
29,1398363.7901856932
30,1372377.2774849802
31,1359392.421315603
32,1340764.529128435
33,1286490.6312633697
34,1286490.6312633697
35,1276238.4535069186
36,1275889.069852934
37,1265367.4063618167
38,1217015.3608526394
39,1217015.3608526394
40,1215760.873961169
41,1206601.3790030645
42,1191867.6314015193
43,1191867.6314015193
44,1185893.2779430116
45,1179385.5985111601
46,1171720.944009931
47,1171720.944009931
48,1171720.944009931
49,1167789.936216169
50,1155157.424265105
51,1155157.424265105
52,1155146.2379183643
53,1150716.2968457865
54,1147943.8632098187
55,1147943.8632098187
56,1146558.4661219844
57,1144102.2009839131
58,1137639.797836572
59,1137639.797836572
60,1137639.797836572
61,1137639.797836572
62,1137639.797836572
