,0
0,2612730.23052776
1,2612730.23052776
2,2612730.23052776
3,2435000.6389282355
4,2361701.6606229446
5,2359324.6486152373
6,2343678.1667248704
7,2245323.4446962834
8,2117581.8538449677
9,2030844.0377090734
10,1937573.7971568473
11,1927149.4613388649
12,1901267.1388095492
13,1817929.760394955
14,1803452.9259604083
15,1785720.4136242862
16,1721934.7219108758
17,1575862.9033767576
18,1575862.9033767576
19,1575862.9033767576
20,1503613.9602593246
21,1503613.9602593246
22,1502495.7777092045
23,1465048.6930397868
24,1420449.2311863098
25,1420449.2311863098
26,1409744.7054413895
27,1340872.607242206
28,1340872.607242206
29,1316976.8306212996
30,1316976.8306212996
31,1286696.7047065927
32,1286696.7047065927
33,1267813.2223217532
34,1231608.0620392682
35,1231608.0620392682
36,1214048.1914923948
37,1211761.644804113
38,1190686.3624126085
39,1190686.3624126085
40,1183169.839677625
41,1170551.0980043507
42,1158602.133332103
43,1151382.3605016323
44,1151382.3605016323
45,1144607.6958222666
46,1141984.4601820263
47,1138106.8241012888
48,1136746.6346505114
49,1132087.661108194
50,1132087.661108194
51,1126849.835576679
52,1124573.547856638
53,1124573.547856638
54,1124573.547856638
55,1124573.547856638
56,1124052.9082629576
57,1122269.565128989
58,1122269.565128989
59,1122269.565128989
60,1122269.565128989
61,1122269.565128989
