,0
0,2840482.4233949375
1,2840482.4233949375
2,2745444.337200044
3,2571375.0082089454
4,2440745.801271139
5,2271772.8940737005
6,2202320.964065246
7,2202320.964065246
8,2202320.964065246
9,2088493.2508260952
10,2088493.2508260952
11,2021449.7787640784
12,2021449.7787640784
13,1965887.205703259
14,1888457.530863368
15,1841042.2945845178
16,1829375.9632378218
17,1800381.292703287
18,1676846.8348953081
19,1676846.8348953081
20,1676846.8348953081
21,1646035.2529690112
22,1592315.7062503926
23,1558191.6203207988
24,1558191.6203207988
25,1558191.6203207988
26,1510316.4982182563
27,1496110.914677508
28,1460529.7842986698
29,1460529.7842986698
30,1448182.6328737042
31,1419823.2429692708
32,1382472.005932362
33,1367318.5778782333
34,1307562.4738589544
35,1307562.4738589544
36,1307562.4738589544
37,1307562.4738589544
38,1307562.4738589544
39,1294097.8245902252
40,1294097.8245902252
41,1274192.1280017234
42,1259528.617566838
43,1259528.617566838
44,1233323.8800104132
45,1233323.8800104132
46,1233323.8800104132
47,1233323.8800104132
48,1226203.098654871
49,1222306.6027488194
50,1222306.6027488194
51,1219374.529482767
52,1219374.529482767
53,1219374.529482767
54,1219374.529482767
55,1219374.529482767
