,0
0,2940132.5145919328
1,2746592.046555613
2,2739010.9685527487
3,2610825.718439395
4,2536625.0782452337
5,2233679.5514540304
6,2226623.07182484
7,2147122.366716636
8,2056632.3277888775
9,2005978.951920283
10,1841854.008282616
11,1765726.7273833896
12,1632089.1008080898
13,1632089.1008080898
14,1632089.1008080898
15,1558795.2121787674
16,1532681.308983816
17,1383468.6926653744
18,1376330.2729292782
19,1323632.6109757822
20,1323632.6109757822
21,1301258.5206905052
22,1256950.2466493954
23,1202591.8665069935
24,1202189.5313663273
25,1175365.0270962103
26,1157925.2742366304
27,1157925.2742366304
28,1136148.2631215404
29,1136148.2631215404
30,1128417.9727048045
31,1107481.9541624445
32,1107481.9541624445
33,1107481.9541624445
34,1105790.1899841232
35,1096489.7397011092
36,1086759.639615126
37,1079186.807715879
38,1068947.7067642827
39,1068947.7067642827
40,1068947.7067642827
41,1068947.7067642827
42,1065815.045748467
43,1065815.045748467
44,1064614.9730235233
45,1062787.9861894238
46,1060539.198406628
47,1058364.5819724873
48,1057435.998138117
49,1057388.8767934504
50,1054453.4455649222
51,1051692.9239748328
52,1046289.5523100329
53,1046289.5523100329
54,1046289.5523100329
55,1041930.7007718735
56,1041930.7007718735
57,1041804.2916070997
58,1040698.0648096584
59,1040698.0648096584
60,1040690.0342278687
61,1040690.0342278687
62,1040690.0342278687
63,1040690.0342278687
64,1040690.0342278687
