,0
0,3341862.781862565
1,3302892.7569947783
2,3252191.7965136026
3,3168202.758355517
4,2929539.0739210066
5,2795722.780509758
6,2789884.6108145695
7,2720449.3666106537
8,2720449.3666106537
9,2679376.432342281
10,2670004.2505637854
11,2633339.8544784538
12,2622977.2270407337
13,2593044.4326901045
14,2546315.2495397287
15,2541853.7642911775
16,2541853.7642911775
17,2468936.295260036
18,2468936.295260036
19,2461563.0359609174
20,2459478.9921606
21,2431557.531045318
22,2431557.531045318
23,2392006.2874105996
24,2392006.2874105996
25,2392006.2874105996
26,2383032.347920398
27,2354454.819844865
28,2341513.8494094717
29,2341513.8494094717
30,2312511.0705875685
31,2294139.42032501
32,2268580.6958343736
33,2253922.358205931
34,2249660.245201748
35,2225939.194536145
36,2213568.873841243
37,2213568.873841243
38,2213568.873841243
39,2202829.7208072566
40,2202829.7208072566
41,2187191.843026519
42,2187191.843026519
43,2187191.843026519
44,2165020.272220538
45,2143711.592170308
46,2143711.592170308
47,2143711.592170308
48,2143711.592170308
49,2142853.0511068003
50,2109670.267975349
51,2109670.267975349
52,2109670.267975349
53,2109670.267975349
54,2108253.056839137
55,2105610.131279837
56,2105610.131279837
57,2103021.5501335524
58,2096512.0915586702
59,2096512.0915586702
60,2096507.8430100386
61,2094049.1334327585
62,2094049.1334327585
63,2094049.1334327585
64,2093092.0769520178
65,2093092.0769520178
66,2093092.0769520178
67,2093092.0769520178
68,2081846.1593717877
69,2081846.1593717877
70,2081846.1593717877
71,2081846.1593717877
72,2081846.1593717877
73,2078108.6320942119
74,2078108.6320942119
75,2078108.6320942119
76,2078108.6320942119
77,2078108.6320942119
