,0
0,3197653.054259427
1,3197653.054259427
2,3063312.599046399
3,3004303.237317915
4,3004303.237317915
5,2843182.7858545464
6,2797003.4323778665
7,2718047.6481100647
8,2718047.6481100647
9,2689306.5166552793
10,2648705.553077745
11,2633045.513359444
12,2633045.513359444
13,2609102.098434701
14,2544625.973859477
15,2505997.574843529
16,2505997.574843529
17,2505997.574843529
18,2453316.120302295
19,2427837.4465110097
20,2397402.1118670125
21,2380909.3112365403
22,2380909.3112365403
23,2380909.3112365403
24,2340575.0649741185
25,2330513.3680263725
26,2330513.3680263725
27,2318449.252566858
28,2278876.434685017
29,2278876.434685017
30,2238997.6509647164
31,2226009.144763478
32,2226009.144763478
33,2226009.144763478
34,2191093.452926471
35,2186363.9862514767
36,2167875.7442744067
37,2167875.7442744067
38,2167875.7442744067
39,2153362.3154032603
40,2148949.4618094973
41,2118477.981636327
42,2086677.1276855848
43,2086677.1276855848
44,2086677.1276855848
45,2086677.1276855848
46,2080930.7541184209
47,2076526.8132059223
48,2069707.7306769188
49,2041565.2647033632
50,2041565.2647033632
51,2036642.5955726004
52,2036642.5955726004
53,2035738.5263136616
54,2026680.753316772
55,2026680.753316772
56,2004655.9416883092
57,2004655.9416883092
58,2004655.9416883092
59,2004655.9416883092
60,1999386.374972525
61,1996300.846396536
62,1996300.846396536
63,1996300.846396536
64,1995836.5023827055
65,1988858.2713330314
66,1988791.294041408
67,1984355.627059602
68,1983619.7153321882
69,1979013.2079217627
70,1979013.2079217627
71,1976030.3637274331
72,1976030.3637274331
73,1974978.180528757
74,1974978.180528757
75,1974978.180528757
76,1974978.180528757
77,1974978.180528757
78,1973054.575705715
79,1971073.832869353
80,1969603.1490702583
81,1969603.1490702583
82,1969603.1490702583
83,1969603.1490702583
84,1969603.1490702583
