,0
0,2418275.4719834756
1,2418275.4719834756
2,2418275.4719834756
3,2383501.479921366
4,2269062.5266364645
5,1985841.1965140253
6,1985841.1965140253
7,1862553.5589316743
8,1842386.223862758
9,1666234.5644560102
10,1666234.5644560102
11,1653316.162088926
12,1537792.0739364782
13,1499993.7061932792
14,1479402.2566772255
15,1324270.1899523572
16,1324270.1899523572
17,1318675.0299579494
18,1268486.0758177855
19,1188163.2669333278
20,1188163.2669333278
21,1171613.733331333
22,1087659.8564322812
23,1058141.5556693417
24,995547.7784865134
25,995547.7784865134
26,989307.6763952255
27,976516.3796929059
28,976516.3796929059
29,953713.8401756127
30,953713.8401756127
31,952210.1471441252
32,948021.8684272586
33,940210.4135546294
34,933482.88678903
35,924104.3657709066
36,924104.3657709066
37,919213.1294874395
38,919213.1294874395
39,913939.3444604197
40,908779.7167374425
41,908779.7167374425
42,908779.7167374425
43,907142.441955096
44,907142.441955096
45,906157.9665005745
46,906157.9665005745
47,902639.5784503389
48,902639.5784503389
49,902639.5784503389
50,902332.3723056405
51,901286.7107149623
52,901286.7107149623
53,901286.7107149623
54,901286.7107149623
55,901271.7354356474
56,900868.7341385426
57,900731.3776170046
58,900731.3776170046
59,900731.3776170046
60,900731.3776170046
61,900731.3776170046
