,0
0,3313789.8518108674
1,3313789.8518108674
2,3113840.6034627426
3,3113840.6034627426
4,2807501.4999944353
5,2807501.4999944353
6,2787626.0763756703
7,2748178.7810607757
8,2720804.639855061
9,2720804.639855061
10,2709925.076988658
11,2662931.0854398455
12,2641640.5676472513
13,2641640.5676472513
14,2555863.4988939655
15,2530677.5189926727
16,2530677.5189926727
17,2446655.5364915924
18,2446655.5364915924
19,2446655.5364915924
20,2446655.5364915924
21,2436051.011232072
22,2436051.011232072
23,2436051.011232072
24,2417995.3616843126
25,2374960.3384496053
26,2374960.3384496053
27,2363827.6394807757
28,2338778.459537797
29,2338778.459537797
30,2305471.0511675663
31,2294627.5781645547
32,2281468.8884158516
33,2281468.8884158516
34,2264482.5394622455
35,2264482.5394622455
36,2239039.998006323
37,2217620.2597966436
38,2214864.770308285
39,2172335.534584863
40,2172335.534584863
41,2172335.534584863
42,2165235.869089054
43,2145223.7129442845
44,2137909.785218136
45,2137909.785218136
46,2124306.5177147253
47,2078060.316933285
48,2078060.316933285
49,2077850.6849155682
50,2067369.6758684968
51,2067369.6758684968
52,2062551.1455006688
53,2034827.930827442
54,2034827.930827442
55,2034827.930827442
56,2031020.583419409
57,2031020.583419409
58,2017195.9039253676
59,2011039.7133119684
60,1999973.483304823
61,1990164.5283790384
62,1990164.5283790384
63,1990164.5283790384
64,1983683.3191549329
65,1970883.9025060001
66,1970883.9025060001
67,1966972.2398726314
68,1965993.2907853855
69,1956294.918384947
70,1956294.918384947
71,1956294.918384947
72,1956294.918384947
73,1956294.918384947
