,0
0,2801608.074949822
1,2741996.945775224
2,2729734.8132192562
3,2370451.1233571894
4,2370451.1233571894
5,2370451.1233571894
6,2195834.356399183
7,1979081.7880214462
8,1979081.7880214462
9,1979081.7880214462
10,1979081.7880214462
11,1873343.50972266
12,1856492.8291239943
13,1856492.8291239943
14,1825323.9392010581
15,1704952.9355302604
16,1702300.5731638537
17,1679093.3242958474
18,1612242.3130826806
19,1588877.766289795
20,1518782.7544488607
21,1518782.7544488607
22,1486199.7089642042
23,1406100.0115528535
24,1403208.457899145
25,1375812.372390984
26,1324873.8791862654
27,1298302.9063820452
28,1298302.9063820452
29,1282432.2723152714
30,1260759.7366830448
31,1245351.8916147049
32,1229524.9276231332
33,1224106.439384205
34,1188815.31424007
35,1188815.31424007
36,1188815.31424007
37,1187888.7936909467
38,1180811.3234239498
39,1166321.280845477
40,1150611.1392417266
41,1150611.1392417266
42,1150611.1392417266
43,1150224.0762420455
44,1143648.4000670225
45,1137746.585564293
46,1133260.5760049871
47,1133260.5760049871
48,1131170.9093892702
49,1128894.621669229
50,1128894.621669229
51,1128894.621669229
52,1127774.9287830393
53,1127268.5012453164
54,1127268.5012453164
55,1127268.5012453164
56,1127268.5012453164
57,1125885.704062679
58,1125885.704062679
59,1125885.704062679
60,1125885.704062679
61,1125885.704062679
