,0
0,1900779.9515839675
1,1900779.9515839675
2,1900779.9515839675
3,1726531.401159426
4,1726531.401159426
5,1664908.596748456
6,1469170.4055396707
7,1469170.4055396707
8,1438481.8662200666
9,1406384.746958202
10,1366409.8953336007
11,1263260.9353089163
12,1182899.2587328441
13,1120083.96645783
14,1120083.96645783
15,1074886.3344208323
16,1074886.3344208323
17,1004397.9290427521
18,995392.5876632719
19,945062.5682384716
20,899055.5626182838
21,899055.5626182838
22,867366.0571967188
23,844144.4720644052
24,829013.6817848784
25,800301.8454224876
26,763176.9127117685
27,763176.9127117685
28,763176.9127117685
29,758441.8797149385
30,754969.8707361906
31,749313.9562863008
32,746951.56747128
33,736965.9981323816
34,729596.7939907592
35,729596.7939907592
36,722059.9414770852
37,722059.9414770852
38,715733.9507731027
39,714942.6906565181
40,710927.3953150653
41,703511.041291686
42,699674.3692908661
43,699674.3692908661
44,698538.0870644171
45,696849.3800462432
46,691305.4722190559
47,691305.4722190559
48,688173.0722857431
49,686680.287195095
50,686072.2159549862
51,685678.0507983011
52,681794.000022977
53,678113.5397906555
54,678113.5397906555
55,675944.3119361917
56,674535.9462027461
57,674027.0178925081
58,673471.9556343304
59,673119.6511690171
60,673119.6511690171
61,673119.6511690171
62,672762.8614020726
63,672417.2974895458
64,672273.4384548743
65,672273.4384548743
66,671554.6615906467
67,671554.6615906467
68,671554.6615906467
69,671554.6615906467
70,671554.6615906467
