,0
0,2071400.3345893123
1,2003025.44208515
2,1966177.770670401
3,1821966.8784527811
4,1784245.892142498
5,1690756.0788645607
6,1601940.2431268112
7,1599042.1639267777
8,1566847.0064071468
9,1410619.946190011
10,1303422.4027175177
11,1303422.4027175177
12,1229544.9140034078
13,1087768.8492126472
14,1087768.8492126472
15,1087768.8492126472
16,1069026.9013782814
17,1060655.76639944
18,1002737.7868250742
19,896962.1693895108
20,896962.1693895108
21,894077.9152891106
22,836352.7563976661
23,786528.524277586
24,786528.524277586
25,775604.5469433712
26,775604.5469433712
27,752088.6871368582
28,752088.6871368582
29,742308.1747197754
30,742308.1747197754
31,722792.2370179952
32,722792.2370179952
33,715400.8961436938
34,715400.8961436938
35,715400.8961436938
36,710111.6421623168
37,698796.8752291191
38,698796.8752291191
39,698796.8752291191
40,696689.4088223856
41,695455.9652458476
42,690457.7022883304
43,690457.7022883304
44,687678.5931525915
45,684897.7257039143
46,684897.7257039143
47,680495.6266036107
48,678992.1759434491
49,678948.4768478853
50,676308.0762025147
51,675773.7145805083
52,675236.2757894978
53,674237.3432019656
54,674071.7766733213
55,672750.0361304892
56,672750.0361304892
57,672384.9443830862
58,672384.9443830862
59,672384.9443830862
60,672384.9443830862
61,672384.9443830862
