,0
0,2074238.0676354275
1,2057434.371251301
2,1959547.6834521363
3,1799752.8793051252
4,1751621.6493266611
5,1668812.329633068
6,1596503.3062548046
7,1521896.8261813666
8,1500562.5444619984
9,1499643.8885875877
10,1341524.3044539166
11,1255777.0709012824
12,1255777.0709012824
13,1250624.8843227264
14,1148492.290923303
15,1038353.5233484583
16,1038353.5233484583
17,1033316.5446326428
18,1013688.3756732387
19,932018.6681317966
20,932018.6681317966
21,919094.187260215
22,868429.8443719081
23,868429.8443719081
24,853038.4930407385
25,853038.4930407385
26,824045.5294239215
27,791506.9689416481
28,785482.8376301642
29,783129.0310593557
30,777124.2084031644
31,772091.1667310171
32,765317.9237278907
33,759056.4843044394
34,756171.2818896344
35,756171.2818896344
36,749707.6439493791
37,749707.6439493791
38,745029.2623911774
39,745029.2623911774
40,740879.3852773923
41,739458.462089885
42,738354.3999062692
43,737063.0274721009
44,734695.7633747144
45,724205.896725665
46,722949.3936767352
47,715632.7111882267
48,715632.7111882267
49,715632.7111882267
50,710452.6002064433
51,709051.9708472257
52,708898.4291805844
53,708898.4291805844
54,708732.8626519401
55,708179.6523163568
56,708179.6523163568
57,708167.6274543537
58,708014.0857877125
59,708014.0857877125
60,708014.0857877125
61,708014.0857877125
62,708014.0857877125
