,0
0,2648938.9855348454
1,2648938.9855348454
2,2484251.675140034
3,2250521.8299291935
4,2250521.8299291935
5,2241285.4932230203
6,2112968.579780592
7,2071433.9902873475
8,1994072.6417702879
9,1900938.2688782748
10,1878471.013357297
11,1682438.9804791177
12,1682438.9804791177
13,1460127.8127038532
14,1460127.8127038532
15,1460127.8127038532
16,1460127.8127038532
17,1325559.8776682676
18,1325559.8776682676
19,1325559.8776682676
20,1278977.5949286467
21,1253167.2850108661
22,1205079.5199890984
23,1185971.3707989776
24,1144796.8335655688
25,1131978.7672783486
26,1114459.006342896
27,1039132.5649566058
28,1034712.8950588935
29,1002345.3182041012
30,988216.4185043743
31,986806.438253029
32,984930.0061853433
33,971931.5980593958
34,971931.5980593958
35,951571.908367601
36,951571.908367601
37,946939.2742270383
38,936720.6708719857
39,927443.6300386349
40,927443.6300386349
41,927443.6300386349
42,917116.4201446724
43,917116.4201446724
44,916151.1324546234
45,913921.4323918653
46,906183.5354315426
47,906183.5354315426
48,904546.2606491962
49,904546.2606491962
50,904546.2606491962
51,903103.2097496126
52,902384.4171806754
53,900266.4384350261
54,899412.734151601
55,899404.0631361048
56,898528.4681338576
57,898528.4681338576
58,897018.0198671924
59,896761.8686291865
60,896671.6184893431
61,895886.2736269395
62,895728.9217737092
63,894597.1755334564
64,894597.1755334564
65,894597.1755334564
66,894059.310893562
67,894059.310893562
68,893712.909515713
69,893712.909515713
70,893712.909515713
71,893712.909515713
72,893712.909515713
