,0
0,2806470.625376095
1,2717213.7523918287
2,2535866.1183191454
3,2453304.3489448573
4,2422010.152916565
5,2377725.1940639387
6,2227937.0628165007
7,2184480.361154434
8,2123376.801083827
9,2029814.1463598106
10,1938777.8378168354
11,1938777.8378168354
12,1857870.531315223
13,1841260.3131318016
14,1743413.2098749792
15,1743413.2098749792
16,1687689.9313230396
17,1665768.9033228795
18,1587574.2104133326
19,1577954.5618779005
20,1479390.7269358386
21,1479390.7269358386
22,1474318.4386829562
23,1404340.2362311345
24,1391143.8525652885
25,1358048.9964024858
26,1335851.619539609
27,1327137.8585770926
28,1327137.8585770926
29,1265851.7562601215
30,1265851.7562601215
31,1265851.7562601215
32,1207226.1251953167
33,1207226.1251953167
34,1188546.4934839576
35,1188546.4934839576
36,1188364.0975574208
37,1181083.5076162976
38,1167029.1079907038
39,1156515.1480329307
40,1154837.3553333986
41,1138378.8995114628
42,1138378.8995114628
43,1138378.8995114628
44,1132185.995501987
45,1124801.9820805949
46,1124801.9820805949
47,1121011.6176133407
48,1110704.0885520196
49,1110704.0885520196
50,1110704.0885520196
51,1110704.0885520196
52,1110704.0885520196
