,0
0,2784171.909152787
1,2650275.8980244207
2,2650275.8980244207
3,2358037.3700001086
4,2358037.3700001086
5,2204736.154081728
6,2184582.229892434
7,1948911.7027600417
8,1948911.7027600417
9,1863723.7739457577
10,1818993.4193553259
11,1792607.2039355347
12,1729908.806221051
13,1577208.7438184791
14,1552360.374509877
15,1366792.2137748485
16,1365422.519712344
17,1333484.398326726
18,1333484.398326726
19,1320345.0723479423
20,1235283.872748534
21,1217379.6842142078
22,1205642.852162909
23,1189152.9691695771
24,1150532.0166251766
25,1147175.4801378115
26,1147175.4801378115
27,1142955.2055442058
28,1136072.6525057189
29,1125499.2710366456
30,1120601.1094649874
31,1117185.419837527
32,1114807.8142825076
33,1112819.4024937276
34,1109667.7749744898
35,1109667.7749744898
36,1106729.0089863427
37,1104806.2216895642
38,1101685.0627273587
39,1100443.0190603842
40,1098273.1710618085
41,1096047.0680093106
42,1095741.1925345503
43,1092532.4071976843
44,1092532.4071976843
45,1091982.2408498954
46,1088014.6610484493
47,1088014.6610484493
48,1088014.6610484493
49,1088014.6610484493
50,1088014.6610484493
