,0
0,2780980.5616606255
1,2766978.252438876
2,2512216.910227932
3,2512216.910227932
4,2331541.5398772084
5,2331541.5398772084
6,2207748.9556648056
7,2106540.670981437
8,2043328.0446825733
9,1911011.9243918485
10,1863921.0350003697
11,1761114.831095128
12,1761114.831095128
13,1660303.6477766028
14,1604837.189867216
15,1557882.8534354956
16,1512450.2892850428
17,1376307.3978437837
18,1298637.610770181
19,1298637.610770181
20,1298637.610770181
21,1250116.8394548332
22,1240542.41440047
23,1232913.3714636245
24,1180257.2490312979
25,1148543.9240192927
26,1092488.2043711094
27,1092488.2043711094
28,1089810.8336634731
29,1063309.482104917
30,1063309.482104917
31,1045348.2485303824
32,1042819.3707864073
33,1026685.411102461
34,986469.0258053616
35,986469.0258053616
36,986469.0258053616
37,980833.2047224508
38,980833.2047224508
39,980295.3400825565
40,978177.5491106763
41,974492.3836347249
42,974492.3836347249
43,968854.7660505311
44,967028.0545290338
45,965897.0513629148
46,965897.0513629148
47,964128.8201286815
48,959694.2969603899
49,959694.2969603899
50,959694.2969603899
51,959694.2969603899
52,957265.1455887142
53,957265.1455887142
54,955788.3371080388
55,955024.7890531993
56,955024.7890531993
57,954041.1936811495
58,954041.1936811495
59,954041.1936811495
60,954041.1936811495
61,954041.1936811495
