,0
0,2753441.6734056664
1,2753441.6734056664
2,2701044.091553003
3,2550838.661285021
4,2440334.642782225
5,2256749.069524016
6,2003283.0816262637
7,2003283.0816262637
8,2003283.0816262637
9,1926542.9785414345
10,1792759.85423152
11,1694900.02364559
12,1559207.522794908
13,1559207.522794908
14,1400301.3193011696
15,1400301.3193011696
16,1387017.0445629794
17,1369389.0132366607
18,1302667.1328349945
19,1290470.3593225975
20,1203130.690682788
21,1192138.1520876524
22,1174922.6010510856
23,1103816.942240256
24,1103816.942240256
25,1074134.7156349905
26,1051491.8367047675
27,1051491.8367047675
28,1001034.1011773406
29,1001034.1011773406
30,994588.8060514615
31,991182.1330090967
32,977131.3295001807
33,966731.4487152399
34,966731.4487152399
35,958546.8754382003
36,954390.6069166483
37,948029.0986186962
38,947720.3319349352
39,939636.4223150713
40,936813.773682857
41,930365.8816581194
42,927111.25999452
43,925439.8488800527
44,922960.9653859541
45,922960.9653859541
46,915366.64068879
47,915366.64068879
48,909318.6936616346
49,909306.9539615538
50,909306.9539615538
51,905773.2819438998
52,903116.8548618397
53,899017.446039127
54,898852.907808807
55,898463.0882138503
56,895374.6933823237
57,895374.6933823237
58,895374.6933823237
59,895374.6933823237
60,895374.6933823237
