,0
0,2024031.7320042436
1,1980718.9101980447
2,1925582.5823356784
3,1782036.1517613905
4,1713400.7823950567
5,1646034.3416912023
6,1557121.879371634
7,1473814.5937205018
8,1404009.0964098682
9,1344257.810615915
10,1310968.0694591904
11,1310968.0694591904
12,1181395.478469496
13,1124291.7147841193
14,1102607.7742428998
15,1040387.8903586915
16,1001336.4410759648
17,950468.0452484479
18,920947.488310495
19,891695.7854355663
20,879449.7689628628
21,844747.8053463621
22,832382.3978557187
23,822178.8077801126
24,799380.0740562371
25,798037.3467519864
26,772895.386786486
27,755381.5736268852
28,750820.8708417633
29,743789.2781609459
30,738294.3415433549
31,735731.3691195896
32,724191.8235239618
33,724191.8235239618
34,716992.2697134211
35,715539.50967677
36,706789.4657422401
37,704346.5087545515
38,704346.5087545515
39,704346.5087545515
40,701539.6374833577
41,695890.8194860958
42,695242.3536792411
43,695242.3536792411
44,692458.0469696276
45,692125.703815586
46,690978.706022119
47,690978.706022119
48,687545.9335056508
49,687545.9335056508
50,687545.9335056508
51,684489.6713162705
52,684489.6713162705
53,684489.6713162705
54,684489.6713162705
55,682932.3915034476
56,682932.3915034476
57,682932.3915034476
58,682932.3915034476
59,682932.3915034476
