,0
0,2743798.6895055757
1,2526289.8064358956
2,2494855.1683434397
3,2412258.679077416
4,2342105.936109428
5,2034672.4563238309
6,2034672.4563238309
7,1937437.543265986
8,1896370.2769115386
9,1883560.6143105673
10,1700094.871809601
11,1657987.5971033731
12,1653229.8448895023
13,1520083.6677879277
14,1472793.5787042892
15,1396124.1186027143
16,1336686.2109492978
17,1242592.2452333733
18,1242592.2452333733
19,1229110.9779916643
20,1195477.709236003
21,1152642.4243790114
22,1129356.185633113
23,1098355.8410624294
24,1098355.8410624294
25,1067852.9443453827
26,1067852.9443453827
27,1056194.2435150826
28,1032337.7429613484
29,1032337.7429613484
30,1007573.0350706825
31,1007573.0350706825
32,1001695.7563692372
33,971319.1212634078
34,969379.9309083497
35,957966.0036741951
36,956502.6143044974
37,948379.4199213961
38,948379.4199213961
39,944434.9298742042
40,938841.0859068859
41,926554.705455077
42,923486.1328873903
43,920537.1859304284
44,920537.1859304284
45,920537.1859304284
46,919477.8634089079
47,909317.1036440382
48,909317.1036440382
49,909317.1036440382
50,909273.3636542425
51,906900.540088656
52,906556.0670773675
53,905678.5437085595
54,903692.4841110093
55,903071.9742130825
56,902194.4508442745
57,902194.4508442745
58,902194.4508442745
59,902194.4508442745
60,902194.4508442745
