,0
0,2783760.922682362
1,2753888.858305417
2,2699900.9599313447
3,2630509.7864364265
4,2518667.4152330887
5,2399146.2733847634
6,2168905.13929633
7,2104529.146061077
8,1927490.3010487694
9,1927490.3010487694
10,1920279.8291019464
11,1729332.3449499484
12,1717195.0742791453
13,1584120.5573605609
14,1584120.5573605609
15,1538517.681281999
16,1507071.6099221907
17,1461727.9686518537
18,1367696.2865436892
19,1366082.7242856636
20,1347375.0390974835
21,1282510.668235634
22,1282510.668235634
23,1282510.668235634
24,1272632.0674751922
25,1239524.9754468093
26,1221944.4742271448
27,1195113.5647722762
28,1176653.42824173
29,1168613.782411075
30,1165338.195386566
31,1151837.0924636968
32,1148960.2680933177
33,1128725.6125288329
34,1110136.1111849328
35,1100684.0882924467
36,1100684.0882924467
37,1098409.1177855534
38,1097835.6596325147
39,1093730.7770355449
40,1089417.2421824792
41,1089417.2421824792
42,1085609.9810489023
43,1078871.7303506352
44,1074094.6878000384
45,1074094.6878000384
46,1074094.6878000384
47,1070260.8065865245
48,1066495.4755870255
49,1066312.9389208502
50,1060135.313272358
51,1057115.3836565488
52,1057115.3836565488
53,1057115.3836565488
54,1057115.3836565488
55,1056357.3518452882
56,1056357.3518452882
57,1056357.3518452882
58,1056357.3518452882
59,1056357.3518452882
