,0
0,2033240.7430636752
1,1972330.5738665233
2,1958692.97242533
3,1816346.9427773294
4,1766257.6510028078
5,1749384.2587631075
6,1593967.4788808045
7,1536891.097561362
8,1508703.821413437
9,1425312.9900818497
10,1386577.2111934654
11,1346516.0695552328
12,1318820.2477276577
13,1158440.1734757924
14,1120652.164304859
15,1120652.164304859
16,1082399.7929530386
17,1042299.5373723377
18,1042299.5373723377
19,1015656.9817577316
20,1011948.4370499902
21,969634.3898042118
22,917486.6299958066
23,870910.5409095795
24,847255.6743435669
25,847255.6743435669
26,809580.0774467265
27,809580.0774467265
28,788371.9158695075
29,770815.1693172336
30,766122.797540113
31,766122.797540113
32,757579.3197938859
33,749671.1920891503
34,734728.6822617648
35,734728.6822617648
36,723194.7009183082
37,721652.3901100323
38,721031.1799860088
39,713059.4022278698
40,713059.4022278698
41,709013.5099414634
42,706712.3988257735
43,706003.3045935157
44,701410.3980676593
45,697930.7163017478
46,697930.7163017478
47,697930.7163017478
48,696127.42507273
49,693780.2571156074
50,693262.5748802334
51,693262.5748802334
52,693071.1628833497
53,688396.8854168777
54,687687.7911846199
55,687687.7911846199
56,687687.7911846199
57,687021.8882925697
58,687021.8882925697
59,687021.8882925697
60,685317.2282131098
61,685151.6616844655
62,685151.6616844655
63,685151.6616844655
64,685151.6616844655
65,685151.6616844655
