,0
0,3226860.2656179834
1,3226860.2656179834
2,3189710.6712267217
3,3182433.601752597
4,3024341.333736155
5,2878791.1736376947
6,2878791.1736376947
7,2878791.1736376947
8,2836730.791473043
9,2740409.5883404473
10,2737293.389032088
11,2674192.8796457318
12,2648140.434631991
13,2648140.434631991
14,2555646.8052519746
15,2555646.8052519746
16,2555646.8052519746
17,2555646.8052519746
18,2555646.8052519746
19,2540903.0969795645
20,2504602.9711681227
21,2504602.9711681227
22,2482469.13827553
23,2481365.742813216
24,2472257.7524061673
25,2471506.360553824
26,2433618.757310296
27,2433618.757310296
28,2427216.312942622
29,2395694.196678941
30,2395694.196678941
31,2395694.196678941
32,2361777.162915943
33,2355210.3001399282
34,2332689.9047366017
35,2332689.9047366017
36,2319534.7160409517
37,2300185.720202416
38,2300185.720202416
39,2282505.100216171
40,2278984.7966796136
41,2251508.48555821
42,2251508.48555821
43,2251508.48555821
44,2239138.466001833
45,2234484.01801273
46,2221410.449585223
47,2221410.449585223
48,2215619.1367413644
49,2200514.3967540073
50,2195995.575938487
51,2179804.2462398917
52,2179002.0705842096
53,2176087.4090155317
54,2164136.9737221533
55,2164136.9737221533
56,2163739.006753532
57,2163437.751316693
58,2161043.188169229
59,2158264.2234616433
60,2156728.047797794
61,2156669.2353609204
62,2152948.879867246
63,2147772.8016673503
64,2147772.8016673503
65,2146060.8879617113
66,2146060.8879617113
67,2145100.9530832483
68,2145100.9530832483
69,2143698.55581235
70,2143698.55581235
71,2143223.4843183784
72,2141880.1660249215
73,2141354.2828764836
74,2139777.5991807524
75,2139777.5991807524
76,2138665.2163560884
77,2138665.2163560884
78,2138665.2163560884
79,2138665.2163560884
80,2138665.2163560884
