,0
0,2614129.093889126
1,2588409.2618691325
2,2339668.461595811
3,2339668.461595811
4,2205167.3231535084
5,2130888.6298011625
6,2130888.6298011625
7,1920568.6239115405
8,1740495.5428837156
9,1740495.5428837156
10,1740495.5428837156
11,1740495.5428837156
12,1649858.862757994
13,1525301.8436773364
14,1496785.0187323948
15,1484427.8126497986
16,1467166.0442817227
17,1348082.7491428547
18,1341737.4755682892
19,1341737.4755682892
20,1284174.9291488656
21,1239425.529864278
22,1202791.0657409453
23,1166048.09267775
24,1166048.09267775
25,1166048.09267775
26,1122052.9625708198
27,1094551.5690758524
28,1081559.446152149
29,1056427.1327563291
30,1052427.1767730145
31,1012188.6938052838
32,1012188.6938052838
33,1012188.6938052838
34,1012188.6938052838
35,1004067.9203221904
36,1004067.9203221904
37,998311.682517642
38,995368.1980372297
39,993908.6003867356
40,984932.9348960049
41,980768.85867489
42,980768.85867489
43,979740.5651862533
44,979740.5651862533
45,973906.4291962251
46,970163.161756908
47,969137.615444117
48,963021.3763905899
49,963021.3763905899
50,963021.3763905899
51,958420.9399253499
52,958420.9399253499
53,956217.860864754
54,956217.860864754
55,956217.860864754
56,955342.2658625067
57,955172.1992740757
58,955172.1992740757
59,954296.6042718284
60,954296.6042718284
61,954296.6042718284
62,954296.6042718284
63,954296.6042718284
