,0
0,3419145.527389408
1,3142574.4690480763
2,3070820.221936386
3,3044017.2598227086
4,2928082.2942902697
5,2891478.9090917637
6,2784537.7450390863
7,2664269.3035039585
8,2664269.3035039585
9,2623887.474885114
10,2620400.899096475
11,2545019.8863846534
12,2513193.8063406427
13,2513193.8063406427
14,2506541.432834125
15,2499559.277950243
16,2485408.665809004
17,2473156.5387078803
18,2431247.01731112
19,2408874.8285616627
20,2401461.833436029
21,2388157.0928331725
22,2369643.7593863974
23,2369643.7593863974
24,2341840.107314181
25,2320710.8094517654
26,2320710.8094517654
27,2320710.8094517654
28,2315798.099206394
29,2297616.32966186
30,2288852.824805539
31,2274784.1779414658
32,2250702.5007189685
33,2233372.331083942
34,2233372.331083942
35,2231695.8844892904
36,2224474.859420112
37,2203491.531872488
38,2203491.531872488
39,2187752.363492636
40,2177250.7596045905
41,2169728.92629838
42,2156763.249646155
43,2156763.249646155
44,2146840.1570929503
45,2131012.890035164
46,2130646.746771441
47,2121081.458279194
48,2114965.317730324
49,2110605.8565463563
50,2106801.9716795767
51,2104079.9433665182
52,2104079.9433665182
53,2094015.5589422837
54,2093557.4004459947
55,2093557.4004459947
56,2093223.9796306563
57,2090537.0762650142
58,2090045.0010386
59,2089489.8099683195
60,2086233.2991978365
61,2083918.6699471443
62,2083634.7361799483
63,2083422.8800628511
64,2083133.2666377965
65,2081830.268697645
66,2081830.268697645
67,2079524.5301805413
68,2079524.5301805413
69,2079524.5301805413
70,2079524.5301805413
71,2079524.5301805413
