,0
0,2712451.116132521
1,2684310.0619160673
2,2630626.484716191
3,2420615.781444314
4,2325863.5885166004
5,2196288.561731509
6,2196288.561731509
7,2118671.856466045
8,1978032.4113991156
9,1878228.5831960444
10,1878228.5831960444
11,1787820.620564904
12,1769150.6748154082
13,1670332.969033483
14,1633089.5476394454
15,1496245.9232321274
16,1458051.9495404912
17,1422923.0125179805
18,1360723.2897163506
19,1357596.1965194452
20,1264233.8920814681
21,1242042.776300068
22,1187618.7315538474
23,1180309.3125447535
24,1180309.3125447535
25,1161993.0465262893
26,1146310.6988151812
27,1125285.827997852
28,1101024.2899137705
29,1099412.8570568142
30,1089633.6587419778
31,1085804.322628741
32,1077642.3854178628
33,1077642.3854178628
34,1076382.5753997175
35,1067241.3861858854
36,1065504.1563019822
37,1062334.4440759064
38,1057909.5099048011
39,1057909.5099048011
40,1056703.8366201264
41,1053463.6003780467
42,1051505.3023054574
43,1048841.020670422
44,1045142.66168875
45,1045142.66168875
46,1043970.3349461431
47,1043970.3349461431
48,1043329.597296923
49,1043329.597296923
50,1042734.9168044439
51,1041568.5363500299
52,1040485.0060879242
53,1040080.0701077714
54,1040080.0701077714
55,1039348.451684453
56,1038264.9214223473
57,1038264.9214223473
58,1036541.9339188981
59,1036483.5426844211
60,1036483.5426844211
61,1035842.8050352008
62,1035842.8050352008
63,1035834.774453411
64,1035834.774453411
65,1035834.774453411
66,1035834.774453411
67,1035834.774453411
