,0
0,3027085.074959665
1,2917528.198765142
2,2764813.152819775
3,2553176.762478329
4,2510364.783382838
5,2313504.046411326
6,2313504.046411326
7,2200154.271876962
8,2199956.967463407
9,2122085.155187952
10,1985048.3539296228
11,1982840.6081718968
12,1851596.7634594857
13,1851596.7634594857
14,1851596.7634594857
15,1840604.120686019
16,1797341.2347024695
17,1729203.9245296104
18,1704901.6151867777
19,1704901.6151867777
20,1637075.2154424412
21,1603762.459486872
22,1592642.3705573336
23,1543767.7230766476
24,1492615.9180708404
25,1479185.8682411683
26,1479185.8682411683
27,1437837.1702831844
28,1435471.1958465262
29,1399384.3625899688
30,1384559.5420202774
31,1369905.732276771
32,1349521.8599353163
33,1322165.867786455
34,1298368.6428457152
35,1290061.2471962469
36,1287560.3003527042
37,1278344.4386242046
38,1261053.0725328133
39,1258541.899452841
40,1255769.395965251
41,1255769.395965251
42,1250936.9471673637
43,1244749.8239758096
44,1241848.918659818
45,1241516.982258723
46,1233130.0610140448
47,1228421.1067563512
48,1218928.7714410573
49,1218928.7714410573
50,1218928.7714410573
51,1215695.9297239708
52,1215695.9297239708
53,1215269.4392649746
54,1215269.4392649746
55,1215269.4392649746
56,1215269.4392649746
57,1215269.4392649746
