,0
0,3389150.622076743
1,3389150.622076743
2,3178218.348158951
3,3100983.7457753974
4,3100983.7457753974
5,2988509.447377595
6,2849725.482560477
7,2849725.482560477
8,2784939.5877863294
9,2733441.743822866
10,2646440.8644366455
11,2636244.460360804
12,2636244.460360804
13,2636244.460360804
14,2617610.913568908
15,2617610.913568908
16,2597026.655947698
17,2565370.936132981
18,2565370.936132981
19,2549335.429018534
20,2507543.9485100154
21,2507543.9485100154
22,2503835.758265699
23,2488777.745994356
24,2458800.189495618
25,2458800.189495618
26,2439367.057347124
27,2439367.057347124
28,2439367.057347124
29,2439367.057347124
30,2394135.876301715
31,2394135.876301715
32,2377518.502333664
33,2331690.241556288
34,2331690.241556288
35,2331690.241556288
36,2331690.241556288
37,2323529.1085414095
38,2323529.1085414095
39,2298880.402486733
40,2298880.402486733
41,2289375.339543023
42,2289375.339543023
43,2272240.0413776673
44,2261056.7888250276
45,2253756.1181812645
46,2245440.9526799317
47,2245440.9526799317
48,2212074.572639575
49,2208293.662869534
50,2208293.662869534
51,2199630.3766088304
52,2192019.821497479
53,2187454.6433964786
54,2185720.3187176497
55,2166756.4358517486
56,2153694.023477637
57,2143767.011510133
58,2141928.4659543354
59,2128285.778764889
60,2128285.778764889
61,2117035.656310349
62,2108692.6797651756
63,2103455.8545397255
64,2102271.923379252
65,2097511.78162311
66,2097511.78162311
67,2094415.1992565873
68,2094415.1992565873
69,2094415.1992565873
70,2091705.1380891125
71,2090136.1164491181
72,2086431.8833253654
73,2081953.591274969
74,2081451.9498475292
75,2080580.664163797
76,2080047.5118753486
77,2074475.7176436044
78,2074071.143005944
79,2072666.5733830647
80,2070793.3120093965
81,2070760.4939834443
82,2067679.4884591287
83,2067531.0251410056
84,2061985.7229831663
85,2061985.7229831663
86,2061985.7229831663
87,2061985.7229831663
88,2061985.7229831663
