,0
0,2789685.0578126493
1,2766471.817796521
2,2576722.940551573
3,2551961.338454884
4,2479016.63109766
5,2340618.264895775
6,2340618.264895775
7,2237369.0160121354
8,2176615.02336112
9,2065224.8311301626
10,2065224.8311301626
11,2031290.121206575
12,1908554.638213896
13,1836991.26750935
14,1707540.4326980726
15,1707540.4326980726
16,1707540.4326980726
17,1653594.468794183
18,1642927.781846233
19,1602103.7569583277
20,1547413.735660236
21,1547413.735660236
22,1520391.1493905315
23,1490679.0860639776
24,1422531.7209870932
25,1422531.7209870932
26,1422531.7209870932
27,1422531.7209870932
28,1387178.260937589
29,1374584.6849618012
30,1356064.4387212987
31,1335847.5021940877
32,1303598.4297367297
33,1287668.506270666
34,1272746.093132235
35,1245033.5258932405
36,1237481.1800988836
37,1235294.5868678186
38,1195235.6209742585
39,1190443.706893727
40,1190443.706893727
41,1169319.5143940384
42,1169319.5143940384
43,1151164.9285656346
44,1142502.519617966
45,1142148.9685789736
46,1133486.5596313046
47,1132822.7111970612
48,1130892.6202200516
49,1129024.0775226855
50,1122738.678351309
51,1117704.1348083755
52,1115427.8470883342
53,1114109.9667495005
54,1114109.9667495005
55,1114109.9667495005
56,1114109.9667495005
57,1114109.9667495005
