,0
0,2571580.3631183305
1,2571580.3631183305
2,2571580.3631183305
3,2459588.802105039
4,2338577.6567770774
5,2307949.060020417
6,2265901.308789886
7,2176781.5185399037
8,2114108.615141728
9,2094227.8800955182
10,1998947.730013133
11,1951551.563267524
12,1852571.8758722038
13,1771467.2946366533
14,1771467.2946366533
15,1771467.2946366533
16,1771467.2946366533
17,1686471.931834083
18,1647958.7637163645
19,1647958.7637163645
20,1523433.769465841
21,1523433.769465841
22,1513127.5257367338
23,1453748.3013703064
24,1453748.3013703064
25,1453748.3013703064
26,1441279.6690664173
27,1406478.6914045538
28,1404077.8048904731
29,1358916.3068818536
30,1356876.1131787824
31,1305418.0942889282
32,1305418.0942889282
33,1281356.6591064136
34,1281356.6591064136
35,1272774.5622948355
36,1227577.767190766
37,1227577.767190766
38,1227577.767190766
39,1212569.0735431258
40,1202515.903471855
41,1185703.4394726278
42,1177761.1117206034
43,1173344.6109722783
44,1173040.909700943
45,1160290.1583427321
46,1160290.1583427321
47,1157435.6274323398
48,1149965.8337047964
49,1147355.4528397897
50,1143481.6629890024
51,1136608.3054274423
52,1131470.8344598452
53,1129664.8905935113
54,1128509.2966483717
55,1127578.1577369967
56,1123125.2610688019
57,1121959.6135771847
58,1121959.6135771847
59,1121866.9160830006
60,1120701.2685913835
61,1120701.2685913835
62,1118224.538975985
63,1118224.538975985
64,1118224.538975985
65,1118224.538975985
66,1117856.763537874
67,1117856.763537874
68,1117856.763537874
69,1117856.763537874
70,1117856.763537874
