,0
0,3424790.8333664155
1,3424790.8333664155
2,3298503.9516304596
3,3215808.9380844575
4,3141496.5884686047
5,3028905.48905655
6,3013125.6211546636
7,2863398.339166212
8,2863398.339166212
9,2835240.1339827697
10,2802116.0267943554
11,2734294.073719145
12,2714700.1543306685
13,2688578.242300518
14,2616341.1638210495
15,2567317.3809570507
16,2567317.3809570507
17,2567317.3809570507
18,2563257.72393369
19,2519593.7636144944
20,2502436.5184815824
21,2502436.5184815824
22,2486923.125831123
23,2440730.7087974045
24,2412543.4340332816
25,2412543.4340332816
26,2411752.383873543
27,2373778.918556769
28,2372659.8972804123
29,2324463.2903619
30,2324463.2903619
31,2324463.2903619
32,2324463.2903619
33,2324463.2903619
34,2289678.657912404
35,2289678.657912404
36,2288092.4873383883
37,2270768.7571707563
38,2270768.7571707563
39,2269484.2933325213
40,2228581.975149961
41,2228581.975149961
42,2228581.975149961
43,2224435.0698864665
44,2224435.0698864665
45,2212768.0577867352
46,2212768.0577867352
47,2212768.0577867352
48,2210498.7439492806
49,2191623.5808538897
50,2191623.5808538897
51,2191623.5808538897
52,2191623.5808538897
53,2191119.009271807
54,2186631.5270794057
55,2186631.5270794057
56,2172393.1446374203
57,2172393.1446374203
58,2168002.2008980694
59,2168002.2008980694
60,2165546.6871469766
61,2165546.6871469766
62,2165546.6871469766
63,2163983.6455451744
64,2160163.471078202
65,2159410.609530892
66,2159410.609530892
67,2159410.609530892
68,2158600.4294764
69,2158600.4294764
70,2158600.4294764
71,2158600.4294764
72,2158600.4294764
