,0
0,2788110.9089295636
1,2724930.912881175
2,2724930.912881175
3,2459401.2346341885
4,2459401.2346341885
5,2349320.2580876206
6,2144741.0696685934
7,2144741.0696685934
8,2071113.2878039768
9,1973491.4850170088
10,1833187.286220476
11,1833187.286220476
12,1802754.0912493498
13,1744251.117962995
14,1559405.4204439237
15,1542383.1465489264
16,1491943.176358669
17,1391761.8200758398
18,1391761.8200758398
19,1371658.1900430075
20,1322695.1235981246
21,1309941.5310282165
22,1265654.4779579388
23,1242408.184098603
24,1230914.9207037366
25,1167999.7732296109
26,1167557.49448762
27,1139058.076583717
28,1139058.076583717
29,1137162.0740809469
30,1119621.561255873
31,1108296.884602192
32,1108296.884602192
33,1104189.0002130133
34,1103116.3300634075
35,1093077.2778402204
36,1093077.2778402204
37,1087731.0021548388
38,1077588.2412922315
39,1076395.8943185038
40,1066559.0432445996
41,1066559.0432445996
42,1056863.366577382
43,1056863.366577382
44,1056863.366577382
45,1056863.366577382
46,1054358.3316766918
47,1050510.768420686
48,1046498.8986461206
49,1043016.602654328
50,1042817.296190918
51,1042817.296190918
52,1040885.2895246976
53,1040885.2895246976
54,1040637.8052844143
55,1040509.4060780561
56,1040203.530603296
57,1040203.530603296
58,1040203.530603296
59,1040203.530603296
60,1040203.530603296
