,0
0,2963515.6015097722
1,2911601.829904095
2,2729148.5998358633
3,2621689.6106787752
4,2473755.533586212
5,2177680.6785301715
6,2167140.287657639
7,2132788.050976518
8,2041143.3941298488
9,1949550.1374799653
10,1849895.0225067656
11,1647670.4717433362
12,1647670.4717433362
13,1571650.8198393532
14,1571650.8198393532
15,1516753.9165855825
16,1460969.7810750399
17,1354347.793112759
18,1330217.377565113
19,1288495.8830950179
20,1247449.3694335872
21,1230518.3343227098
22,1226478.0538840506
23,1176359.5007400503
24,1136317.4026583773
25,1134438.9164079402
26,1090272.7884776434
27,1090272.7884776434
28,1072641.98339837
29,1054011.1202120248
30,1029716.9079551317
31,1026057.4432790373
32,1003649.3651940797
33,999842.9532630452
34,998931.0556241139
35,993007.2284281522
36,989738.0706614768
37,985998.423156167
38,972590.3274776777
39,966776.3274374176
40,958474.1873338749
41,958474.1873338749
42,958085.5652650275
43,952247.052714268
44,949970.4583792158
45,946377.0546961748
46,939502.2687528813
47,939502.2687528813
48,937129.4451872949
49,935119.1169030902
50,932732.3611263714
51,928304.999276707
52,928304.999276707
53,927264.9642340721
54,924939.3042421036
55,924939.3042421036
56,923313.9549849103
57,923313.9549849103
58,923313.9549849103
59,921285.7073582162
60,921285.7073582162
61,921285.7073582162
62,921285.7073582162
63,921285.7073582162
