,0
0,1817716.103812097
1,1817716.103812097
2,1817716.103812097
3,1757683.613771281
4,1681949.578188736
5,1596432.9890068513
6,1505468.6218786929
7,1459171.1912332892
8,1372261.5134640296
9,1226265.2696661106
10,1226265.2696661106
11,1226265.2696661106
12,1130757.1533904448
13,1130757.1533904448
14,1103229.70286033
15,1053441.8244994765
16,991101.9536692429
17,960041.125862231
18,954014.5682429625
19,917594.2117291099
20,827991.1842758186
21,827991.1842758186
22,825374.4516759197
23,825374.4516759197
24,803343.1925966326
25,797818.221104835
26,790138.5798728574
27,788353.5046317221
28,769339.9372497186
29,755465.0157669482
30,755465.0157669482
31,750681.8599524802
32,746710.9847758131
33,742825.4312842365
34,732246.5969380441
35,722104.432908462
36,715709.3397961912
37,709756.6299027195
38,709756.6299027195
39,709756.6299027195
40,703947.608186949
41,703947.608186949
42,698711.4722697112
43,698368.6703698717
44,695590.3742428214
45,693968.1366565559
46,692410.361232981
47,686248.8221134556
48,685928.0297750704
49,683297.002069733
50,683297.002069733
51,683297.002069733
52,682470.7966146512
53,682150.004276266
54,680600.570006547
55,680300.6861545492
56,679891.4757742892
57,679724.2251025452
58,679278.9908240072
59,678958.198485622
60,678958.198485622
61,678958.198485622
62,678958.198485622
63,678958.198485622
