,0
0,2870743.5492735747
1,2797844.317166621
2,2621045.373428876
3,2512886.164682069
4,2427366.935923344
5,2410012.0011131796
6,2235850.0850822185
7,2126603.474385752
8,2096082.8068032574
9,1993787.0293324005
10,1881626.956467144
11,1873778.7666711716
12,1608562.2773142308
13,1608562.2773142308
14,1597582.0949509046
15,1572032.001380041
16,1434647.1048825346
17,1434647.1048825346
18,1385136.9478086268
19,1296444.7857755993
20,1241828.493285803
21,1241828.493285803
22,1216070.2627934292
23,1186763.5844338643
24,1186763.5844338643
25,1169547.1993518167
26,1133597.2435575018
27,1132668.2835114961
28,1105084.4592847014
29,1105084.4592847014
30,1100190.722367053
31,1100190.722367053
32,1094671.7464219122
33,1088104.8453642265
34,1081777.4277762712
35,1080339.8736213602
36,1071874.233547955
37,1070058.2900112977
38,1070058.2900112977
39,1066031.7800877914
40,1058534.6355456545
41,1056480.375277517
42,1054617.7903231778
43,1048852.0188034454
44,1047339.2692153184
45,1047339.2692153184
46,1046761.6139702986
47,1041572.0224644719
48,1041572.0224644719
49,1040266.6437574823
50,1037605.4303386512
51,1037605.4303386512
52,1037605.4303386512
53,1037229.5468920099
54,1036771.408604332
55,1036063.1664375956
56,1036063.1664375956
57,1035996.6029638569
58,1035503.2595133896
59,1035229.1447032767
60,1034830.2225094426
61,1033996.2007751237
62,1033996.2007751237
63,1033996.2007751237
64,1033996.2007751237
65,1033996.2007751237
