,0
0,1971365.0373159382
1,1922844.605871437
2,1819788.595259982
3,1786118.6409233876
4,1693984.0808468924
5,1584833.4730376885
6,1577703.4037529025
7,1435161.016250851
8,1373371.0981798973
9,1328458.3832912268
10,1306493.3969132197
11,1262249.6493033625
12,1181220.736027983
13,1181220.736027983
14,1122664.379075751
15,1106966.5520153593
16,997606.4201652666
17,997606.4201652666
18,982148.1173700407
19,926714.8347425518
20,926714.8347425518
21,923081.4570336322
22,856532.844414572
23,829546.6134947934
24,829546.6134947934
25,804168.6074996309
26,804168.6074996309
27,783109.3737289982
28,771775.5764953729
29,767246.0492236947
30,749955.5699035455
31,748794.8153398299
32,748664.6276972623
33,736502.699759393
34,726471.0099233963
35,725642.2706224367
36,725642.2706224367
37,721199.5020120599
38,720895.9377136088
39,713663.8442838844
40,713371.8725621899
41,708404.6542052123
42,706885.734960803
43,701072.4863645731
44,696420.9463998316
45,695273.5803497178
46,695213.6442181094
47,693268.3871279176
48,691837.8199402423
49,689820.8601034272
50,687939.0823527637
51,686079.4731196007
52,685783.0327999324
53,684138.8675121437
54,682988.5667383278
55,681309.1405650184
56,679184.309797987
57,678981.0616976839
58,676883.3451803904
59,675897.6908280036
60,675897.6908280036
61,673771.2252277923
62,673771.2252277923
63,672463.6954284753
64,671754.6011962175
65,671754.6011962175
66,671662.2540230133
67,671496.687494369
68,671496.687494369
69,670999.8853184391
70,670999.8853184391
71,670834.3187897948
72,670680.7771231536
73,670680.7771231536
74,670680.7771231536
75,670680.7771231536
76,670680.7771231536
77,670557.7151200698
78,670557.7151200698
79,670557.7151200698
80,670557.7151200698
81,670557.7151200698
