,0
0,2895938.798644031
1,2752325.954626945
2,2519324.026769348
3,2480550.3678899226
4,2450848.6990310843
5,2423273.9217501255
6,2313864.0758481435
7,2228930.1391389286
8,2164017.442019489
9,2094258.5081374978
10,2004003.59893678
11,1965087.541039455
12,1827305.0289008466
13,1827305.0289008466
14,1827305.0289008466
15,1718289.3783032207
16,1718289.3783032207
17,1700683.1188463788
18,1656467.267876999
19,1656467.267876999
20,1631234.4111325643
21,1585032.9562567398
22,1559251.6478989162
23,1503274.4961999257
24,1503274.4961999257
25,1462078.067623673
26,1462078.067623673
27,1458909.3063419224
28,1393053.7915780884
29,1378269.1119967215
30,1364022.1286653255
31,1353745.0923596784
32,1330700.3639535522
33,1314984.2801499343
34,1279513.8656551973
35,1261056.702606049
36,1260962.1834297718
37,1246418.3566009086
38,1229742.663286009
39,1205912.290950589
40,1204789.326502068
41,1201369.1929649853
42,1193947.3776539345
43,1188096.4814173717
44,1176443.4233875533
45,1168428.51721797
46,1158656.0926907212
47,1158656.0926907212
48,1150675.861481842
49,1140974.5115806158
50,1140735.6040383766
51,1135564.48289721
52,1135273.0463122956
53,1127520.7099836543
54,1127520.7099836543
55,1126116.154949798
56,1126116.154949798
57,1120878.3294182832
58,1120878.3294182832
59,1120878.3294182832
60,1120878.3294182832
61,1120878.3294182832
