,0
0,2929440.8689937065
1,2897635.1934337793
2,2769061.8161849845
3,2740312.2987395474
4,2545120.384308468
5,2455283.530581381
6,2351996.438601791
7,2249435.1064412277
8,2183395.286569718
9,2153319.6039772737
10,1958916.3472080457
11,1931393.9145433065
12,1931393.9145433065
13,1767712.401693123
14,1628527.9883344397
15,1611535.2470675863
16,1570811.3160065124
17,1521083.5907592434
18,1455289.2745816703
19,1455289.2745816703
20,1403896.1320793051
21,1301570.9374097714
22,1301570.9374097714
23,1278317.6370949773
24,1269826.9228094264
25,1219073.9463145775
26,1205806.9967339553
27,1184217.2585439908
28,1168957.9031632051
29,1146895.5989125343
30,1146895.5989125343
31,1140392.1158365882
32,1126639.3929156016
33,1114271.5159199063
34,1111696.4209320205
35,1091573.5846603075
36,1080511.4044160522
37,1073553.308556908
38,1073553.308556908
39,1069502.087649525
40,1067559.1402488898
41,1058638.014041923
42,1058638.014041923
43,1055437.2849731972
44,1052052.3827506017
45,1052052.3827506017
46,1050376.0871763227
47,1047263.1341725531
48,1047263.1341725531
49,1046302.3105866179
50,1046302.3105866179
51,1044172.2572941316
52,1042782.1942902458
53,1041523.3459173884
54,1040435.4229677998
55,1040435.4229677998
56,1040435.4229677998
57,1040427.39238601
58,1039570.6398704363
59,1039570.6398704363
60,1039570.6398704363
61,1039570.6398704363
62,1038688.2034929459
63,1038688.2034929459
64,1038688.2034929459
65,1038688.2034929459
66,1038688.2034929459
