,0
0,2811540.721028021
1,2532574.955274498
2,2532574.955274498
3,2532574.955274498
4,2515425.6493963944
5,2377120.3558356967
6,2278958.662120386
7,2259072.0857488913
8,2177893.3260661275
9,2177893.3260661275
10,2149743.22747062
11,2012661.5967019377
12,1963788.2099606483
13,1950682.383720313
14,1904688.5011242568
15,1796617.5696658483
16,1796617.5696658483
17,1755759.7725347157
18,1733223.3729595358
19,1732692.5327449539
20,1670342.396465339
21,1609945.4202157503
22,1603511.5250727541
23,1553529.6902048977
24,1542282.8645551212
25,1527438.089062456
26,1466789.1313687551
27,1466789.1313687551
28,1440847.599134881
29,1427770.1477315256
30,1380645.3789483253
31,1372959.01373042
32,1365646.0294290674
33,1353372.304630361
34,1325010.7073492992
35,1314155.565997447
36,1288386.037652764
37,1276336.3043225638
38,1264532.5447406683
39,1264532.5447406683
40,1259013.8297266527
41,1237858.541578182
42,1237858.541578182
43,1231251.947265871
44,1221632.0334248187
45,1215223.522215328
46,1215223.522215328
47,1215223.522215328
48,1215203.0934299163
49,1206450.7745285393
50,1205603.6083742753
51,1205603.6083742753
52,1205603.6083742753
53,1202755.291048272
54,1194874.4082428995
55,1194874.4082428995
56,1194874.4082428995
57,1194874.4082428995
58,1194874.4082428995
