,0
0,2842101.1817618827
1,2732417.5611547544
2,2381397.5639884407
3,2381397.5639884407
4,2381397.5639884407
5,2381397.5639884407
6,2152428.1432139506
7,2108113.055869156
8,2108113.055869156
9,1847602.2305255628
10,1847602.2305255628
11,1802245.3131718545
12,1754724.3165472706
13,1665364.565390581
14,1574029.6704174925
15,1488751.4013611907
16,1471004.9323963632
17,1425060.168492155
18,1332788.2011480888
19,1332788.2011480888
20,1305736.1283316368
21,1242430.1164754084
22,1222919.1306357158
23,1198379.9361249788
24,1177019.6240158293
25,1153308.055359327
26,1146463.4168401323
27,1130737.9480464836
28,1100720.7228034583
29,1100720.7228034583
30,1084205.3350607739
31,1081880.315983222
32,1081880.315983222
33,1081880.315983222
34,1075628.5839116245
35,1065420.5970150405
36,1064426.5643052314
37,1062766.4666427728
38,1053814.057964365
39,1046444.9076914381
40,1046444.9076914381
41,1046444.9076914381
42,1042846.2553734896
43,1038988.2939602603
44,1038988.2939602603
45,1037353.0175899147
46,1032669.7282025315
47,1032412.2673709426
48,1032412.2673709426
49,1032412.2673709426
50,1032412.2673709426
51,1032412.2673709426
52,1031529.8309934521
53,1031529.8309934521
54,1031529.8309934521
55,1031153.7777605839
56,1031153.7777605839
57,1031153.7777605839
58,1030847.9022858236
59,1030799.4876426522
60,1030799.4876426522
61,1030799.4876426522
62,1030799.4876426522
63,1030799.4876426522
