,0
0,2759779.3694437076
1,2759779.3694437076
2,2576924.522496342
3,2576924.522496342
4,2395604.743291799
5,2343396.0085838535
6,2224680.282147727
7,2123824.7995177694
8,2082243.2091325622
9,2062868.0794985048
10,1943171.3732748881
11,1881877.2672196561
12,1843442.02542174
13,1789986.6694201631
14,1733515.493726474
15,1733515.493726474
16,1678736.811872199
17,1678736.811872199
18,1636295.932066703
19,1569708.2137434953
20,1569708.2137434953
21,1519571.463830975
22,1449611.1135151403
23,1431259.6159963084
24,1409382.229947874
25,1396470.745530174
26,1382515.0808756019
27,1322460.715195405
28,1322460.715195405
29,1312043.8998324648
30,1285674.6459501626
31,1283187.7330545126
32,1265595.2464202698
33,1235720.0724548497
34,1211733.0413735048
35,1211733.0413735048
36,1184403.777629955
37,1184403.777629955
38,1183702.8520401735
39,1170867.6530054545
40,1170867.6530054545
41,1146826.2192055585
42,1140234.7672658474
43,1134829.7598170794
44,1132789.5274265083
45,1127914.221106951
46,1125201.746634985
47,1115582.4474260777
48,1115582.4474260777
49,1115550.4484630644
50,1113473.4932487903
51,1113473.4932487903
52,1113473.4932487903
53,1113473.4932487903
54,1112767.7332053
55,1112767.7332053
56,1111384.936022663
57,1111017.160584552
58,1111017.160584552
59,1110557.273136425
60,1109851.5130929349
61,1109851.5130929349
62,1109851.5130929349
63,1109851.5130929349
64,1109550.8378334423
65,1109183.0623953312
66,1102540.68182996
67,1102540.68182996
68,1102540.68182996
69,1102540.68182996
70,1102540.68182996
