,0
0,3076206.8645380484
1,3076206.8645380484
2,3064142.364270467
3,3048876.747024162
4,2972623.4309067978
5,2906375.014554839
6,2834323.8050101944
7,2741352.240373925
8,2724661.610906751
9,2704158.513262597
10,2591882.9376718197
11,2591882.9376718197
12,2591882.9376718197
13,2543078.996685357
14,2521608.1797532686
15,2521608.1797532686
16,2518642.220641945
17,2498801.308357044
18,2487901.55915917
19,2428738.139411259
20,2422026.692026768
21,2410018.4526486965
22,2340659.0663662152
23,2340659.0663662152
24,2340659.0663662152
25,2328653.766495186
26,2328653.766495186
27,2314019.651154238
28,2314019.651154238
29,2263293.7369232727
30,2263293.7369232727
31,2261766.040969357
32,2249827.0136246313
33,2223514.8475407586
34,2223514.8475407586
35,2223514.8475407586
36,2218691.23547418
37,2212438.2546868557
38,2209208.46557571
39,2193337.803002978
40,2159996.7751347455
41,2152866.6731852023
42,2152866.6731852023
43,2152262.767048017
44,2147527.5809697644
45,2145436.376708703
46,2129668.522007673
47,2122972.9540554867
48,2122329.1893634438
49,2104584.153498969
50,2104584.153498969
51,2104584.153498969
52,2104584.153498969
53,2099521.4315572237
54,2095268.5359790334
55,2092924.0333212516
56,2078192.6279736657
57,2078192.6279736657
58,2078192.6279736657
59,2072436.1873745096
60,2065325.8833499656
61,2065325.8833499656
62,2064609.878648002
63,2060539.4375933264
64,2059119.1659738969
65,2054789.9463031194
66,2053508.9053528898
67,2053508.9053528898
68,2045666.6841600663
69,2045666.6841600663
70,2045666.6841600663
71,2045278.3876828314
72,2045278.3876828314
73,2045278.3876828314
74,2041560.4884509912
75,2037640.1728997817
76,2037640.1728997817
77,2037640.1728997817
78,2037640.1728997817
79,2035604.1920522805
80,2035604.1920522805
81,2035604.1920522805
82,2031602.369640725
83,2031602.369640725
84,2031602.369640725
85,2031602.369640725
86,2031602.369640725
