,0
0,3405928.3580268007
1,3281720.061810722
2,3129641.3903911733
3,3129641.3903911733
4,2986343.0009112204
5,2972065.7669395776
6,2876411.8464905955
7,2713377.746124752
8,2713377.746124752
9,2713377.746124752
10,2713377.746124752
11,2713377.746124752
12,2652803.4815672915
13,2573412.4971224912
14,2573412.4971224912
15,2573412.4971224912
16,2573412.4971224912
17,2573412.4971224912
18,2449266.4338085526
19,2449266.4338085526
20,2449266.4338085526
21,2449266.4338085526
22,2427720.9607606735
23,2427720.9607606735
24,2398835.1411057534
25,2368011.420101737
26,2341808.195069165
27,2341808.195069165
28,2341808.195069165
29,2315752.7391393
30,2314311.927177398
31,2311062.1829921524
32,2277240.7103112377
33,2277240.7103112377
34,2277240.7103112377
35,2277240.7103112377
36,2259561.0706345434
37,2231488.163132253
38,2231488.163132253
39,2231488.163132253
40,2231488.163132253
41,2216453.584168
42,2216453.584168
43,2216453.584168
44,2211473.1325939265
45,2211473.1325939265
46,2200055.577668134
47,2199026.669235637
48,2199026.669235637
49,2189840.354711773
50,2189553.956024701
51,2189553.956024701
52,2180314.1722831624
53,2180314.1722831624
54,2175326.790350677
55,2175326.790350677
56,2174205.8783844276
57,2173023.4844380487
58,2169451.139495569
59,2169451.139495569
60,2169451.139495569
61,2169451.139495569
62,2169451.139495569
63,2168936.791643991
64,2167403.173993187
65,2166347.93495085
66,2166347.93495085
67,2166347.93495085
68,2166347.93495085
69,2165331.2179187643
70,2165331.2179187643
71,2164275.9788764273
72,2164275.9788764273
73,2164275.9788764273
74,2164275.9788764273
75,2164275.9788764273
