,0
0,3395902.2821443197
1,3286094.728142754
2,3147222.557930978
3,3044708.47790157
4,2959157.809199472
5,2862124.210488519
6,2834144.895474374
7,2721951.831602677
8,2701755.7367852503
9,2701755.7367852503
10,2701755.7367852503
11,2670607.1795823094
12,2624010.9002639684
13,2607737.634877486
14,2597361.1162432013
15,2523515.5001075664
16,2523515.5001075664
17,2523515.5001075664
18,2490681.255227695
19,2490681.255227695
20,2448059.206696812
21,2448059.206696812
22,2448059.206696812
23,2394094.0564951003
24,2381736.3128781305
25,2337172.833075566
26,2337172.833075566
27,2316161.2888204553
28,2316161.2888204553
29,2316161.2888204553
30,2316161.2888204553
31,2262653.648742388
32,2262653.648742388
33,2258088.81665178
34,2232982.230010863
35,2232982.230010863
36,2217368.6439209892
37,2171168.7566750986
38,2171168.7566750986
39,2159121.4576504747
40,2158591.5069776205
41,2144876.2593145994
42,2130032.9278011755
43,2130032.9278011755
44,2130032.9278011755
45,2108456.502002032
46,2108456.502002032
47,2108456.502002032
48,2108456.502002032
49,2100434.204089186
50,2085808.8091421088
51,2085808.8091421088
52,2076433.6808275662
53,2076433.6808275662
54,2076433.6808275662
55,2076433.6808275662
56,2075735.1403894706
57,2071386.605220218
58,2066416.7583407883
59,2066416.7583407883
60,2064311.950199731
61,2057395.7121341021
62,2055464.3297825374
63,2055464.3297825374
64,2054068.015140419
65,2053065.1014490863
66,2051185.8941542176
67,2051185.8941542176
68,2045607.338129892
69,2045607.338129892
70,2044794.3942161757
71,2044014.9477150557
72,2042350.0416076514
73,2042350.0416076514
74,2042156.9871418448
75,2042156.9871418448
76,2039589.8438934758
77,2039589.8438934758
78,2039589.8438934758
79,2038929.2359761922
80,2038929.2359761922
81,2038807.3127041664
82,2038807.3127041664
83,2038807.3127041664
84,2038807.3127041664
85,2038807.3127041664
