,0
0,2898148.709607999
1,2809173.5111530633
2,2692630.488410628
3,2692630.488410628
4,2532898.036817748
5,2336193.611186896
6,2336193.611186896
7,2238713.1693449584
8,2238713.1693449584
9,2165804.986777612
10,2096290.403048226
11,2035012.2944390944
12,2035012.2944390944
13,1950952.5952131639
14,1950952.5952131639
15,1906540.3500747406
16,1891982.0246846233
17,1736560.1521877856
18,1736560.1521877856
19,1724008.4215625038
20,1646580.8606895856
21,1646580.8606895856
22,1646580.8606895856
23,1619849.0301829013
24,1536931.4600440504
25,1536931.4600440504
26,1536931.4600440504
27,1517487.962487177
28,1465010.5176074705
29,1428071.1863223794
30,1412685.8090397783
31,1383585.892054332
32,1383585.892054332
33,1383585.892054332
34,1383585.892054332
35,1366031.2271875192
36,1329947.9581796504
37,1327433.6521243765
38,1314366.149807302
39,1314366.149807302
40,1290357.2069853616
41,1290357.2069853616
42,1267024.129362045
43,1267024.129362045
44,1267024.129362045
45,1251287.017100353
46,1251287.017100353
47,1248343.0543974028
48,1248343.0543974028
49,1238904.6449742115
50,1237090.8998652396
51,1224303.5033581918
52,1224303.5033581918
53,1224303.5033581918
54,1224303.5033581918
55,1224303.5033581918
