,0
0,2767601.6525030206
1,2605346.4065965014
2,2605346.4065965014
3,2443387.491589901
4,2443387.491589901
5,2396704.587244429
6,2297086.0826251265
7,2087212.8445932446
8,2087212.8445932446
9,1968621.7954494208
10,1968621.7954494208
11,1967271.4656516407
12,1903676.0486893742
13,1870455.5868400482
14,1849472.3630795642
15,1740715.031388106
16,1670501.5507419016
17,1624571.2058192738
18,1624571.2058192738
19,1584372.6353657357
20,1584372.6353657357
21,1550169.9797787243
22,1506889.690034139
23,1486755.0645024248
24,1486755.0645024248
25,1445738.2002116158
26,1409360.7437664096
27,1393099.562979974
28,1370823.9669841768
29,1322889.7994853056
30,1306381.2358660533
31,1306381.2358660533
32,1306381.2358660533
33,1276296.0804803255
34,1228760.7539020218
35,1228760.7539020218
36,1228760.7539020218
37,1220736.930269752
38,1219826.2766483217
39,1216748.161098806
40,1203182.0441529648
41,1177952.9753929658
42,1169098.1078634763
43,1169098.1078634763
44,1162632.4315798057
45,1146297.5559674443
46,1144518.2726254202
47,1143515.4987477746
48,1141910.7721926887
49,1136041.4457078143
50,1134839.5413791088
51,1130059.5871985755
52,1126828.740219577
53,1124821.7616670607
54,1124821.7616670607
55,1124821.7616670607
56,1119209.4744237217
57,1118539.1684975515
58,1118539.1684975515
59,1117497.7994965478
60,1115503.9036345242
61,1115503.9036345242
62,1114061.7448050773
63,1114061.7448050773
64,1114061.7448050773
65,1114061.7448050773
66,1114061.7448050773
