,0
0,2917890.9611873184
1,2879908.496629004
2,2669317.427207328
3,2600462.8261187873
4,2600462.8261187873
5,2398878.3617169256
6,2386682.1920067803
7,2168882.82077915
8,2104089.2835104982
9,2091817.6036012792
10,1976272.477824792
11,1976272.477824792
12,1802392.7034853445
13,1802392.7034853445
14,1746509.5734096025
15,1714837.9547474638
16,1714837.9547474638
17,1551802.8384537278
18,1453514.9107336085
19,1418885.5661486431
20,1418885.5661486431
21,1336748.7157370984
22,1336748.7157370984
23,1313731.6068647266
24,1265124.3648165143
25,1265124.3648165143
26,1239657.9426304149
27,1192616.285218192
28,1192616.285218192
29,1177959.6929356281
30,1164163.4338349425
31,1149494.2117130565
32,1136253.6592515628
33,1112385.474556231
34,1112385.474556231
35,1110779.0410095805
36,1110779.0410095805
37,1099688.5335741516
38,1099688.5335741516
39,1099688.5335741516
40,1097969.1224405163
41,1092537.9142749298
42,1085149.6179203189
43,1083844.3453680696
44,1083844.3453680696
45,1080560.1292868597
46,1074914.4421922707
47,1074914.4421922707
48,1074914.4421922707
49,1074914.4421922707
50,1072282.0929091927
51,1070744.666000005
52,1065207.4302225718
53,1065207.4302225718
54,1065207.4302225718
55,1063698.0657556169
56,1062623.495582665
57,1061359.3585585956
58,1061310.9439154244
59,1061310.9439154244
60,1059400.523344085
61,1059352.1087009136
62,1059352.1087009136
63,1059094.6478693248
64,1059046.2332261533
65,1059046.2332261533
66,1059046.2332261533
67,1059046.2332261533
68,1059046.2332261533
