,0
0,2867441.8834211663
1,2624233.3411743604
2,2439469.8823455973
3,2361912.2028833586
4,2249110.816106947
5,2160678.5642442107
6,2142021.3549522716
7,1884268.3135426785
8,1884268.3135426785
9,1697574.195718908
10,1688638.8078313204
11,1642897.7317259002
12,1534378.9437138918
13,1485666.8299392373
14,1414359.4024374813
15,1414359.4024374813
16,1337582.6841600242
17,1264759.3118690723
18,1234355.2655652652
19,1234355.2655652652
20,1177452.3437524808
21,1115200.450928344
22,1078096.5436691248
23,1078096.5436691248
24,1077773.885780857
25,1050166.5181542824
26,1019951.1351978276
27,1007448.5714347416
28,993152.7720976376
29,985822.4106725091
30,970298.1326043061
31,966495.7859056937
32,953488.7792256249
33,935089.1444296301
34,935089.1444296301
35,935089.1444296301
36,935089.1444296301
37,930003.3456552664
38,929216.7935474997
39,924647.4677994817
40,924625.1637535421
41,921162.9256961318
42,918562.2156161615
43,914433.8009376777
44,914433.8009376777
45,914433.8009376777
46,913655.6462093107
47,912740.2765757102
48,912740.2765757102
49,912740.2765757102
50,912740.2765757102
51,912740.2765757102
