,0
0,3461114.1399813285
1,3317743.228894453
2,3290857.0268138004
3,3220914.4377050577
4,2986468.0369630484
5,2910598.2180127525
6,2859946.935464278
7,2812906.459444376
8,2766909.49085834
9,2711066.984974128
10,2707828.491028194
11,2678684.6105209948
12,2672255.0510677397
13,2633758.222215331
14,2572707.624918226
15,2509732.665166246
16,2509732.665166246
17,2501660.824197135
18,2501660.824197135
19,2455850.985501109
20,2455850.985501109
21,2394573.1273636953
22,2394573.1273636953
23,2394573.1273636953
24,2369553.0590782864
25,2343482.7747626756
26,2343482.7747626756
27,2328996.8580803955
28,2310260.547821383
29,2310260.547821383
30,2310260.547821383
31,2257050.454658524
32,2253453.482378416
33,2216917.0212563667
34,2216917.0212563667
35,2216917.0212563667
36,2211013.5320835356
37,2202140.428440367
38,2189047.243190924
39,2177782.3485709727
40,2164467.7811762383
41,2154861.081044234
42,2149656.8374234335
43,2116325.490042883
44,2116325.490042883
45,2100074.546560475
46,2098324.198477188
47,2095490.300813037
48,2079030.8645299585
49,2073906.4560719708
50,2073906.4560719708
51,2055219.261241948
52,2049053.9673153472
53,2046980.5396864607
54,2046980.5396864607
55,2040613.7015326119
56,2036953.7638258082
57,2030729.646946296
58,2026310.0657273673
59,2017129.6647948045
60,2012574.2852304156
61,2011404.8559745187
62,2011404.8559745187
63,2001336.7757630236
64,2001336.7757630236
65,2001051.2021790096
66,1999665.1126008332
67,1996781.424175778
68,1995684.9040879554
69,1992771.555075924
70,1992771.555075924
71,1992771.555075924
72,1992692.7221670307
73,1988717.2860770163
74,1988566.6967689723
75,1987287.2497148914
76,1987287.2497148914
77,1987287.2497148914
78,1983433.0240733942
79,1982430.5056963335
80,1982430.5056963335
81,1981359.5964445078
82,1981359.5964445078
83,1979979.9628951736
84,1978471.7659164926
85,1978471.7659164926
86,1978471.7659164926
87,1978471.7659164926
88,1978471.7659164926
