,0
0,2767243.4312483566
1,2767243.4312483566
2,2736604.9855405674
3,2569267.4364074054
4,2366147.1130424915
5,2191802.591219978
6,2191802.591219978
7,2191802.591219978
8,2124197.277213508
9,2124197.277213508
10,2039414.1166888957
11,2009772.795531146
12,1950500.7505927526
13,1950500.7505927526
14,1898908.248115181
15,1786617.0490660896
16,1778006.0173262348
17,1757528.7818405633
18,1739129.2169978085
19,1672714.5501552112
20,1655902.65385195
21,1560974.7411655537
22,1560974.7411655537
23,1527308.682959155
24,1490090.3966979436
25,1455814.566415006
26,1440568.0533014946
27,1392729.8331615294
28,1360735.2930513225
29,1360735.2930513225
30,1360735.2930513225
31,1339882.6398586482
32,1329120.4327482232
33,1298322.3745648584
34,1240381.565688957
35,1240381.565688957
36,1228417.5556807048
37,1228417.5556807048
38,1228417.5556807048
39,1214484.7527556024
40,1214484.7527556024
41,1159876.8202339562
42,1159876.8202339562
43,1159876.8202339562
44,1159876.8202339562
45,1149819.9666319615
46,1126653.3351619497
47,1126653.3351619497
48,1124057.4742336292
49,1123389.7611909246
50,1123389.7611909246
51,1118646.0219860713
52,1116169.292370673
53,1116169.292370673
54,1116169.292370673
55,1116169.292370673
56,1116169.292370673
