,0
0,2801511.869583766
1,2692311.3181877155
2,2652038.259249477
3,2573025.566169567
4,2438169.5354834395
5,2340979.0430817227
6,2255003.910177503
7,2245327.248066112
8,2059867.4593782802
9,2028500.1048691315
10,2028500.1048691315
11,1983794.7571708937
12,1890694.6470076505
13,1843058.3597833812
14,1836764.5728731938
15,1816711.7747728752
16,1725706.6315843512
17,1686755.3992979552
18,1686755.3992979552
19,1627041.9554525737
20,1596367.2834320609
21,1596367.2834320609
22,1571562.8490263324
23,1516831.1286216245
24,1491492.3389443594
25,1463494.0962173466
26,1452236.2228878087
27,1452236.2228878087
28,1391483.272035442
29,1391483.272035442
30,1388606.044712976
31,1359625.1134383082
32,1351392.38606922
33,1332616.087932198
34,1323988.1356251144
35,1279670.6836116044
36,1279670.6836116044
37,1268564.0135887312
38,1254262.0333506325
39,1235697.671856555
40,1229213.4967455594
41,1226479.109663171
42,1218894.5972647932
43,1213453.2370398582
44,1208333.9734720432
45,1199654.1068985895
46,1182842.8763053266
47,1178524.252944625
48,1178524.252944625
49,1172035.02901312
50,1169169.3469232218
51,1157631.266325111
52,1157631.266325111
53,1152180.2234600983
54,1142094.8211646865
55,1142094.8211646865
56,1142094.8211646865
57,1142094.8211646865
58,1142094.8211646865
