,0
0,2857827.3361231955
1,2747575.0361914365
2,2747575.0361914365
3,2443649.3388735
4,2443649.3388735
5,2432638.290157273
6,2330580.8078422537
7,2155555.9961457094
8,2155555.9961457094
9,2132792.6542824693
10,1972856.4085522164
11,1715643.0872220877
12,1715643.0872220877
13,1715643.0872220877
14,1570142.5688516735
15,1570142.5688516735
16,1539118.3345260525
17,1539118.3345260525
18,1508833.0565657588
19,1469205.1910148254
20,1456133.0623874515
21,1313927.7812808184
22,1313927.7812808184
23,1286306.3410088099
24,1286306.3410088099
25,1202919.047440251
26,1202919.047440251
27,1176917.2499050163
28,1176917.2499050163
29,1176917.2499050163
30,1176917.2499050163
31,1146807.7181462836
32,1146807.7181462836
33,1146807.7181462836
34,1140612.959678582
35,1140612.959678582
36,1132632.006962214
37,1132632.006962214
38,1124550.4364104653
39,1116204.9684329883
40,1116204.9684329883
41,1114229.1915187398
42,1111304.438487769
43,1110022.261963736
44,1109284.6479543382
45,1101418.708378959
46,1097517.6900553242
47,1096835.2895082515
48,1096090.4822986843
49,1096090.4822986843
50,1095161.3393940623
51,1090539.264580452
52,1089324.3799271781
53,1084613.6105496204
54,1081757.4199799711
55,1081757.4199799711
56,1081757.4199799711
57,1081757.4199799711
58,1081757.4199799711
