,0
0,2859579.528125247
1,2671590.8992198426
2,2485069.9272193746
3,2485069.9272193746
4,2353953.755868923
5,2196471.6708712922
6,2120809.9391309684
7,2090267.8029490684
8,1944238.7541788346
9,1798473.7530420218
10,1776352.2219296
11,1774578.9015711849
12,1690066.6024416608
13,1613319.624532499
14,1560975.078253589
15,1453527.9309112488
16,1291273.7854801805
17,1291273.7854801805
18,1291273.7854801805
19,1291273.7854801805
20,1204929.5964915452
21,1202101.0577784614
22,1202101.0577784614
23,1201626.830148042
24,1172529.0489148202
25,1142673.1015038867
26,1142673.1015038867
27,1138077.5864061948
28,1103500.7122872095
29,1103500.7122872095
30,1098081.0368179213
31,1098081.0368179213
32,1093756.5046222422
33,1084109.5920784508
34,1074788.401777759
35,1073980.4887164782
36,1062696.7645490754
37,1061141.0463508144
38,1061141.0463508144
39,1059607.2878905183
40,1056946.0744716872
41,1055301.0510719575
42,1050130.9952453237
43,1050130.9952453237
44,1047961.1472467481
45,1047961.1472467481
46,1047439.7025941155
47,1044463.492629324
48,1044463.492629324
49,1044463.492629324
50,1044463.492629324
51,1044463.492629324
52,1043800.301030421
53,1042348.484642591
54,1042348.484642591
55,1042348.484642591
56,1042348.484642591
57,1042348.484642591
