,0
0,1935718.001702145
1,1920247.3218027877
2,1813785.9374513724
3,1766766.927597482
4,1652676.8886020829
5,1552898.0077820187
6,1552898.0077820187
7,1492528.266112379
8,1455362.6705564042
9,1395343.9706949913
10,1270609.918469701
11,1241448.2006807665
12,1209160.7454243973
13,1138284.7782990502
14,1075666.0830456864
15,1066447.9324515257
16,1055302.1740544995
17,946813.8158082048
18,946813.8158082048
19,946813.8158082048
20,915746.2704406587
21,897606.6908539203
22,873707.615258817
23,830827.8656724463
24,807857.1945548822
25,807857.1945548822
26,781527.7422831514
27,770235.9798243223
28,767416.1080193418
29,755283.6827085447
30,745589.2053672879
31,744474.1499756279
32,733658.7432214603
33,726917.9422667476
34,723058.2051804818
35,722864.7063211241
36,720837.1979450339
37,709435.8308378231
38,706629.7932055845
39,706428.7789020218
40,703139.9042856501
41,698309.2746642135
42,691967.4968207156
43,690510.543862682
44,688640.3172545778
45,687303.0239376267
46,687303.0239376267
47,686476.141739029
48,686119.4992782433
49,685668.593725714
50,682584.1358037426
51,682584.1358037426
52,680546.6585238945
53,680423.5965208107
54,679890.5891364925
55,678502.5986042988
56,677592.1497025244
57,677592.1497025244
58,677469.0876994407
59,677469.0876994407
60,677258.8968537285
61,677258.8968537285
62,676938.1045153432
63,676938.1045153432
64,676938.1045153432
65,676938.1045153432
66,676938.1045153432
