,0
0,2154765.2017041496
1,2046453.1331977665
2,1891078.6020130117
3,1891078.6020130117
4,1817215.190215148
5,1688291.3978004078
6,1621486.545702571
7,1476752.6157249599
8,1476752.6157249599
9,1476752.6157249599
10,1460400.893053916
11,1388373.8093556915
12,1249823.415317274
13,1249823.415317274
14,1232199.6155151562
15,1192326.522019895
16,1104007.9740469386
17,1104007.9740469386
18,1083830.685306398
19,1074401.4949249064
20,1074401.4949249064
21,1018967.246505918
22,975480.2072412536
23,949085.5363806975
24,937479.077653302
25,890320.7553544644
26,881118.0149455616
27,844895.4455072329
28,809550.6731131912
29,809550.6731131912
30,794602.4989939857
31,775104.0653897398
32,772275.4770544627
33,772275.4770544627
34,758058.1522841864
35,758058.1522841864
36,758058.1522841864
37,753893.8075089952
38,739806.6086316714
39,739179.4395961789
40,739179.4395961789
41,739179.4395961789
42,738581.307108955
43,735480.9858584964
44,730937.5529719219
45,730937.5529719219
46,729771.0943364297
47,724158.029423761
48,723499.5117690166
49,721091.4081535105
50,719773.1630205414
51,719683.8045286235
52,716472.6901280414
53,713423.5987720899
54,712817.4800317325
55,712817.4800317325
56,712817.4800317325
57,712175.3372111446
58,712175.3372111446
59,712175.3372111446
60,711818.5474442003
61,711818.5474442003
62,711818.5474442003
63,711818.5474442003
64,711818.5474442003
