,0
0,1890822.5820484897
1,1890822.5820484897
2,1890822.5820484897
3,1847835.8051861883
4,1768337.1417705372
5,1688157.7579260047
6,1654661.6946432288
7,1430554.9311106622
8,1356591.0422309742
9,1356591.0422309742
10,1322769.6383811596
11,1274667.2485815214
12,1200179.1306409494
13,1200179.1306409494
14,1138936.9839021896
15,1119496.1845091903
16,1052790.1812585378
17,1028099.6309489566
18,1026359.1385724795
19,931622.8723266359
20,906291.4572367712
21,901984.3319418133
22,872785.6516511039
23,834654.0692859099
24,834654.0692859099
25,808973.787151512
26,801107.8684435145
27,780451.4403272491
28,768875.3268718165
29,763690.0663569305
30,759544.3891326899
31,737570.2536527253
32,735597.3228106496
33,735597.3228106496
34,728157.5845004024
35,720612.9061420322
36,711974.2758909374
37,706724.4813541265
38,700896.1597266685
39,698978.5019567158
40,698978.5019567158
41,697564.4105078831
42,695878.9947857863
43,692324.8622499675
44,692324.8622499675
45,689505.2585497063
46,689505.2585497063
47,684705.821358239
48,681632.4386281556
49,680000.8330480335
50,679380.9783414783
51,679380.9783414783
52,674727.0476369367
53,674033.8030893856
54,670923.3534863769
55,670769.8118197356
56,670769.8118197356
57,670769.8118197356
58,670769.8118197356
59,670769.8118197356
