,0
0,2005154.2539489463
1,2004684.6523601306
2,1999018.526615129
3,1850240.3870424076
4,1707473.4770612575
5,1670635.8397197137
6,1643781.4683856675
7,1588540.3653359741
8,1399462.8319768396
9,1399462.8319768396
10,1397876.2046642539
11,1351436.2791566723
12,1321069.9057164628
13,1211904.5087576574
14,1183763.9984838993
15,1153984.0727319433
16,1143032.634310262
17,1092976.0072667885
18,1058093.8015374802
19,1012563.9487099444
20,1000659.5251424733
21,893978.675036859
22,833066.1272831922
23,833066.1272831922
24,829461.025088391
25,829461.025088391
26,829461.025088391
27,811552.8142532087
28,806584.9543267539
29,801389.2581622526
30,778679.9093687057
31,769713.2803315503
32,764650.6731759172
33,762356.3042025112
34,756210.1953119058
35,756210.1953119058
36,738078.7901108785
37,735730.7756691466
38,731509.7412845788
39,720548.3351967259
40,720548.3351967259
41,720548.3351967259
42,720508.8578094547
43,714809.3004488555
44,713613.811179962
45,713613.811179962
46,709075.0933306175
47,707057.9296526118
48,703062.5264991142
49,703062.5264991142
50,701843.229519819
51,700566.4690623473
52,698457.7696258212
53,697646.7219462648
54,697162.4027011922
55,693056.9383362131
56,693056.9383362131
57,690347.0198342414
58,690179.7691624975
59,689786.5875307397
60,689786.5875307397
61,689441.4769770748
62,689441.4769770748
63,689441.4769770748
64,689274.2263053309
65,689274.2263053309
66,689120.6846386895
67,689120.6846386895
68,689120.6846386895
69,689120.6846386895
70,689120.6846386895
