,0
0,2923726.5867427913
1,2828309.2405396495
2,2522234.709958144
3,2478543.7444441942
4,2459412.369960758
5,2459412.369960758
6,2372931.394409339
7,2203358.1086625312
8,2067478.195924896
9,2067478.195924896
10,1920503.1478592556
11,1836340.2998721523
12,1791922.3110330005
13,1638846.6953325607
14,1638846.6953325607
15,1620555.7208043516
16,1608634.1128475855
17,1596036.3808763933
18,1506814.5728329793
19,1447115.4183105421
20,1414863.2993051512
21,1372272.3438485719
22,1304907.0126322163
23,1260199.439857506
24,1260199.439857506
25,1178818.5603977616
26,1178818.5603977616
27,1162666.2314830187
28,1137738.0089554754
29,1129996.1982217794
30,1117969.8730732147
31,1117969.8730732147
32,1117969.8730732147
33,1111800.6816518595
34,1109705.229886705
35,1102990.8041295724
36,1086843.2932208802
37,1086843.2932208802
38,1085804.9591696856
39,1080901.2466539084
40,1072630.0050641971
41,1071102.8114208907
42,1070111.290990238
43,1063672.8010571394
44,1061548.6711032456
45,1055234.2984750755
46,1052628.223077398
47,1048457.4873748131
48,1046920.1497696383
49,1041846.0127653063
50,1041846.0127653063
51,1039305.7525555843
52,1039305.7525555843
53,1036894.3381825441
54,1036392.5864779267
55,1033282.7224016027
56,1032667.4657730747
57,1032667.4657730747
58,1031833.4440387555
59,1029953.1062890565
60,1029300.8616805834
61,1029300.8616805834
62,1029195.0744777959
63,1027606.3349666105
64,1027606.3349666105
65,1026542.4276805894
66,1026542.4276805894
67,1026542.4276805894
68,1026542.4276805894
69,1026494.0130374179
70,1026494.0130374179
71,1026494.0130374179
72,1026494.0130374179
73,1026494.0130374179
