,0
0,2716018.8551751706
1,2716018.8551751706
2,2704402.054860151
3,2541850.2210728507
4,2377427.4964267705
5,2370232.5814333516
6,2251585.00890057
7,2018033.7029308015
8,2018033.7029308015
9,2018033.7029308015
10,1966822.1014749801
11,1947249.1322228964
12,1882990.6805839385
13,1788279.3775393013
14,1774105.4320193513
15,1665237.0751176768
16,1665237.0751176768
17,1654018.595144973
18,1622705.9818945134
19,1606536.5367114658
20,1551384.6252597894
21,1521728.4589391646
22,1507648.7900711442
23,1484444.0295730915
24,1420497.2720089308
25,1417069.5747267972
26,1417069.5747267972
27,1372919.7128870669
28,1331903.468633792
29,1331903.468633792
30,1306968.663553706
31,1296149.142037402
32,1274913.9953642616
33,1268567.7953361422
34,1224194.038546897
35,1224194.038546897
36,1214450.3567756917
37,1210684.9848616542
38,1193173.7950050607
39,1191196.7498562133
40,1191196.7498562133
41,1187802.344832999
42,1172685.8215140675
43,1172685.8215140675
44,1172685.8215140675
45,1166983.7244912123
46,1166370.9566322032
47,1164083.4825654211
48,1163046.8269200018
49,1158979.44545419
50,1153117.090890103
51,1153117.090890103
52,1153117.090890103
53,1152953.6221329405
54,1152953.6221329405
55,1152319.2188365972
56,1151373.2166340344
57,1151169.647690619
58,1150649.6394052913
59,1149483.9919136744
60,1149483.9919136744
61,1149483.9919136744
62,1149483.9919136744
63,1149483.9919136744
