,0
0,2745188.351187196
1,2721954.0056814086
2,2709870.4930007253
3,2438603.393350292
4,2438603.393350292
5,2380052.9135523504
6,2249992.4603110314
7,2249992.4603110314
8,2179816.8503342387
9,2179816.8503342387
10,2100531.2652639416
11,2037097.3781520831
12,1946750.4174758452
13,1946750.4174758452
14,1890490.6205216872
15,1844450.2659775398
16,1779821.9713142894
17,1763929.2280165742
18,1743551.3347674154
19,1737792.2660461036
20,1595134.3983278968
21,1595134.3983278968
22,1586525.2470959437
23,1586525.2470959437
24,1575340.3613546432
25,1556434.2975373364
26,1513174.465722825
27,1453710.8082923994
28,1453710.8082923994
29,1421995.0944895688
30,1397441.4268146849
31,1397046.2794754128
32,1370339.5020084763
33,1368345.496210948
34,1360740.3067549136
35,1360740.3067549136
36,1290552.2551116112
37,1278741.0931004682
38,1278741.0931004682
39,1278741.0931004682
40,1273111.755296446
41,1262424.4318474731
42,1252949.0019828363
43,1238870.5994133106
44,1236400.3875091479
45,1229156.616303769
46,1220880.4625939303
47,1220880.4625939303
48,1217148.3006711435
49,1213276.9302255423
50,1213276.9302255423
51,1212997.8898611544
52,1209544.7683027554
53,1209544.7683027554
54,1208129.200606898
55,1208129.200606898
56,1208129.200606898
57,1206687.041777451
58,1206687.041777451
59,1206687.041777451
60,1206687.041777451
61,1206687.041777451
