,0
0,2662110.394194315
1,2505797.353593512
2,2505797.353593512
3,2270730.651400169
4,2270730.651400169
5,2227012.330027007
6,2184601.262060893
7,2032445.123316617
8,1949746.9187335016
9,1632688.4258102896
10,1632688.4258102896
11,1632688.4258102896
12,1626408.3850880458
13,1605660.3397663014
14,1511116.0196159193
15,1393535.1486780874
16,1380468.7263262921
17,1375289.7544497126
18,1260942.7270452352
19,1241855.9446579476
20,1241855.9446579476
21,1199352.0854785158
22,1138196.5313089278
23,1087148.0107665635
24,1078407.6661457128
25,1078407.6661457128
26,1062312.0210973462
27,1062312.0210973462
28,1036335.3705477904
29,1025857.4725894587
30,1025023.3269873147
31,994922.8951342896
32,994922.8951342896
33,994922.8951342896
34,988378.8261318189
35,984048.8042957543
36,970121.8123146129
37,970121.8123146129
38,970121.8123146129
39,970121.8123146129
40,969063.9639295848
41,961976.4498736813
42,957893.940545157
43,952787.0789337567
44,947087.3271036736
45,947087.3271036736
46,947087.3271036736
47,946491.2462256016
48,942060.9172517267
49,940180.6194553786
50,938525.9838545466
51,938448.7126597952
52,936247.9797886893
53,936247.9797886893
54,936247.9797886893
55,936247.9797886893
56,936247.9797886893
