,0
0,1986069.7409256839
1,1934378.4898124975
2,1874151.3182803604
3,1775782.3624301823
4,1748889.6056465718
5,1446845.8114289313
6,1446845.8114289313
7,1446845.8114289313
8,1388543.3518882417
9,1296521.1384886608
10,1275207.869241561
11,1224605.0843902708
12,1115241.682129513
13,1085756.7929795228
14,1085756.7929795228
15,1035109.5946539742
16,991142.597015989
17,960846.7329829516
18,920311.8568974107
19,913086.2010300106
20,890727.7000534472
21,890727.7000534472
22,843045.5825033269
23,831523.9445496768
24,820595.4065830326
25,803752.4519775417
26,781053.5286185769
27,759097.8524223021
28,757115.2351688747
29,751241.558081124
30,742422.7652161036
31,740196.4880278711
32,733573.8373925969
33,726405.3193429341
34,726405.3193429341
35,723624.803809512
36,723624.803809512
37,720007.5730529026
38,717718.7042047564
39,713615.4825332747
40,712858.8075763587
41,707490.1981115667
42,707490.1981115667
43,704979.4099852544
44,704657.920526962
45,704657.920526962
46,701298.8004798457
47,701048.105482174
48,701048.105482174
49,699490.825669351
50,699490.825669351
51,699490.825669351
52,699490.825669351
53,699490.825669351
