,0
0,6691018.758525201
1,6691018.758525201
2,6691018.758525201
3,6632900.189025109
4,6488391.037197318
5,6488391.037197318
6,6420819.807203948
7,6333626.9628836475
8,6303046.646985145
9,6303046.646985145
10,6236842.414902237
11,6000037.358284377
12,6000037.358284377
13,5838279.360595089
14,5719184.144333337
15,5633833.806086891
16,5633833.806086891
17,5633833.806086891
18,5487196.213267431
19,5487196.213267431
20,5487196.213267431
21,5474190.305203965
22,5366934.389016166
23,5170424.643854458
24,5170424.643854458
25,5170424.643854458
26,5074128.602236159
27,5063066.7704543425
28,4934187.13133758
29,4934187.13133758
30,4882004.754812502
31,4867528.623612195
32,4767713.802875754
33,4731021.3864191035
34,4731021.3864191035
35,4577267.743739091
36,4577267.743739091
37,4470589.619339881
38,4470589.619339881
39,4429551.341514681
40,4429551.341514681
41,4429551.341514681
42,4429551.341514681
43,4405878.183964065
44,4405878.183964065
45,4405878.183964065
46,4364794.698082994
47,4364794.698082994
48,4313403.660840027
49,4313403.660840027
50,4297826.937436465
51,4295608.408397633
52,4282988.26939702
53,4282340.864797907
54,4247931.5964680435
55,4247931.5964680435
56,4247931.5964680435
57,4247031.7233805
58,4242754.846289558
59,4240724.209696096
60,4225162.674521694
61,4225162.674521694
62,4221539.763230408
63,4221539.763230408
64,4218889.454941547
65,4218889.454941547
66,4210124.987546572
67,4210112.912108919
68,4197653.19980728
69,4197653.19980728
70,4195221.316924208
71,4194531.973802372
72,4189713.2440379867
73,4189713.2440379867
74,4182480.681859076
75,4171822.068969028
76,4152998.62490298
77,4152998.62490298
78,4152998.62490298
79,4152998.62490298
80,4152998.62490298
81,4147797.602987667
82,4147797.602987667
83,4147265.49455478
84,4146909.331544529
85,4146909.331544529
86,4146909.331544529
87,4142232.6419426603
88,4142232.6419426603
89,4142232.6419426603
90,4142232.6419426603
91,4142232.6419426603
