,0
0,4970253.645328689
1,4895367.519135562
2,4770766.829406566
3,4694404.644232265
4,4589953.452841052
5,4420239.0112617565
6,4409750.249265172
7,4325410.791122215
8,3997847.4299251717
9,3997847.4299251717
10,3973488.189796317
11,3973488.189796317
12,3965854.0433860114
13,3829786.003701819
14,3786308.223065786
15,3658484.661962439
16,3658484.661962439
17,3579484.0356409834
18,3579484.0356409834
19,3390208.4523537443
20,3345407.146939902
21,3345407.146939902
22,3345407.146939902
23,3345407.146939902
24,3281474.928599048
25,3229000.6847779546
26,3190247.2190005537
27,3177290.786985045
28,3101411.59004997
29,3101411.59004997
30,3062831.5501891063
31,3007876.4794924604
32,3007480.240137066
33,2992710.0663575884
34,2872495.9378444944
35,2872495.9378444944
36,2872495.9378444944
37,2871795.827915784
38,2855761.872533718
39,2817609.4985625623
40,2817609.4985625623
41,2729066.5160470074
42,2729066.5160470074
43,2729066.5160470074
44,2729066.5160470074
45,2672817.846027684
46,2652330.3946134076
47,2634522.6845780727
48,2624638.255344035
49,2612157.800994904
50,2570828.1878425633
51,2570828.1878425633
52,2556737.0023559025
53,2530934.121915743
54,2530934.121915743
55,2513153.1618265924
56,2489219.0186614273
57,2489219.0186614273
58,2489219.0186614273
59,2485967.4811154273
60,2485967.4811154273
61,2441247.7065836885
62,2441247.7065836885
63,2439546.968769596
64,2405404.869425204
65,2393792.464295626
66,2381711.840840823
67,2380434.134152415
68,2370461.391857105
69,2361148.3794754897
70,2344629.666625488
71,2343706.7449122095
72,2343706.7449122095
73,2331573.0772342477
74,2329645.321666705
75,2322369.9999708063
76,2306616.8900940227
77,2306616.8900940227
78,2287799.10925669
79,2287799.10925669
80,2287799.10925669
81,2280256.080702535
82,2277955.64880779
83,2267451.904593476
84,2263367.811589665
85,2263367.811589665
86,2259569.3201843905
87,2252826.749895379
88,2249031.2853134456
89,2243757.9491897062
90,2242931.3274699054
91,2237411.4132416938
92,2237411.4132416938
93,2237411.4132416938
94,2233839.0460971044
95,2230495.014431309
96,2230495.014431309
97,2228025.5460047284
98,2222145.6607546136
99,2220788.885626916
100,2220514.3391335495
101,2220476.0783220064
102,2218346.054164555
103,2217238.5377200674
104,2215085.6568996003
105,2212516.1608704627
106,2212516.1608704627
107,2212516.1608704627
108,2212516.1608704627
109,2212049.510172565
110,2212049.510172565
111,2212049.510172565
112,2212049.510172565
113,2212049.510172565
