,0
0,6187658.984726659
1,6187658.984726659
2,6187658.984726659
3,6006484.594057642
4,5963181.999101523
5,5882272.820142205
6,5882272.820142205
7,5882272.820142205
8,5882272.820142205
9,5876686.359211695
10,5718799.3329118695
11,5718799.3329118695
12,5663612.512370805
13,5639194.558290507
14,5580731.268334539
15,5545161.233412902
16,5358385.97603013
17,5358385.97603013
18,5312409.00947083
19,5312409.00947083
20,5312409.00947083
21,5312409.00947083
22,5312409.00947083
23,5285545.92496082
24,5220810.879441835
25,5192792.316336674
26,5095337.337634155
27,5095337.337634155
28,5095337.337634155
29,5069062.8463108195
30,5011619.699561377
31,4990277.12249923
32,4938957.114609337
33,4920984.4229689175
34,4863827.574138648
35,4817077.811945077
36,4753463.050200258
37,4753463.050200258
38,4753463.050200258
39,4645309.989679529
40,4645309.989679529
41,4582382.789420387
42,4511244.916493493
43,4511244.916493493
44,4511244.916493493
45,4511244.916493493
46,4511244.916493493
