,0
0,5817344.5783524765
1,5781890.662621635
2,5519371.561920064
3,5491984.792981431
4,5249585.295715389
5,5107371.6987403445
6,5107371.6987403445
7,5090807.228166969
8,4953535.316575273
9,4749787.4868640825
10,4749787.4868640825
11,4625578.263708223
12,4527772.959778538
13,4334873.395862452
14,4320071.51956744
15,4214407.631838395
16,4214407.631838395
17,4171728.449329851
18,4075448.6446489445
19,4005199.0985984276
20,3911263.6981858523
21,3889149.2431605207
22,3824406.6239150525
23,3706397.7551892768
24,3628874.912254113
25,3561223.27082588
26,3429483.3362699286
27,3429483.3362699286
28,3429483.3362699286
29,3323182.9997155885
30,3323182.9997155885
31,3276984.3917727172
32,3262884.898558764
33,3181910.647663268
34,3160552.9616673808
35,3090096.089519357
36,3033926.4452997013
37,3033926.4452997013
38,3013207.6157966508
39,2967923.9102626853
40,2967923.9102626853
41,2912353.059271066
42,2909484.3040140197
43,2909484.3040140197
44,2905765.3292415026
45,2862271.7063793656
46,2845552.4757434116
47,2817735.1814748133
48,2785984.6524369083
49,2785984.6524369083
50,2785984.6524369083
51,2744339.515555247
52,2744339.515555247
53,2744339.515555247
54,2744339.515555247
55,2744339.515555247
56,2732817.299509405
57,2726842.6041096486
58,2711659.5102217416
59,2711659.5102217416
60,2711659.5102217416
61,2692037.8397644735
62,2691274.5206179344
63,2679213.4596825214
64,2679213.4596825214
65,2669996.985653774
66,2662239.5483256006
67,2657066.0424869056
68,2654047.107422435
69,2654047.107422435
70,2653091.210777942
71,2648495.6526590656
72,2648495.6526590656
73,2647712.4723449666
74,2640108.145563073
75,2640108.145563073
76,2630853.7485171
77,2630853.7485171
78,2630853.7485171
79,2629783.722339606
80,2627278.3462946885
81,2625541.8355977256
82,2625541.8355977256
83,2625541.8355977256
84,2624359.774817459
85,2624359.774817459
86,2624359.774817459
87,2624359.774817459
88,2623637.53275206
89,2623637.53275206
90,2623637.53275206
91,2623637.53275206
92,2623637.53275206
