,0
0,4760177.141676841
1,4600446.634934454
2,4600446.634934454
3,4600446.634934454
4,4370857.336918179
5,4323939.9131692005
6,4020036.8521559536
7,4020036.8521559536
8,4020036.8521559536
9,3964617.8762501525
10,3921279.284795167
11,3831982.878578115
12,3763592.0215249816
13,3698065.6751916735
14,3676099.753085738
15,3617789.4487379077
16,3484350.7746466803
17,3422362.9756546207
18,3410637.0437294887
19,3351267.8543930906
20,3204645.3931769803
21,3204645.3931769803
22,3190310.919124253
23,3175734.7590586636
24,3088507.056359538
25,3088507.056359538
26,2958236.8671031278
27,2958236.8671031278
28,2854980.533297242
29,2854980.533297242
30,2854980.533297242
31,2851084.987961922
32,2823406.99298679
33,2771858.555066118
34,2714146.492889446
35,2714146.492889446
36,2714146.492889446
37,2695541.9542043097
38,2648690.6321573397
39,2648690.6321573397
40,2578062.5880177068
41,2578062.5880177068
42,2522935.745732362
43,2522935.745732362
44,2518753.5543669197
45,2518753.5543669197
46,2469371.1468905243
47,2469371.1468905243
48,2441316.2537602065
49,2417500.686831591
50,2417500.686831591
51,2404915.4084299137
52,2394642.391859959
53,2394642.391859959
54,2359519.8199358913
55,2359519.8199358913
56,2355446.4104922935
57,2351120.58878122
58,2343522.4000346004
59,2320646.4151006592
60,2320646.4151006592
61,2304535.3925533355
62,2302636.957432087
63,2302264.552636615
64,2282824.9661920704
65,2281607.735510832
66,2281607.735510832
67,2266407.25112544
68,2262471.44959648
69,2256392.030488669
70,2256392.030488669
71,2250588.608429478
72,2235542.0160000212
73,2235542.0160000212
74,2235542.0160000212
75,2235542.0160000212
76,2235542.0160000212
77,2231686.9470777684
78,2229346.457827382
79,2224333.7201352604
80,2224333.7201352604
81,2222171.2401541444
82,2222048.9511628984
83,2217554.1724154833
84,2217554.1724154833
85,2215700.61699479
86,2212871.514043607
87,2211525.4270104407
88,2211525.4270104407
89,2209523.397733033
90,2206733.4025332825
91,2206733.4025332825
92,2206507.701449103
93,2206507.701449103
94,2206507.701449103
95,2206405.2534884936
96,2206282.546685198
97,2206282.546685198
98,2206282.546685198
99,2206282.546685198
100,2206282.546685198
