,0
0,4369179.055313505
1,4369179.055313505
2,4338537.059934257
3,4307346.288246045
4,4231866.561104211
5,4132439.0237638336
6,4132439.0237638336
7,4078390.3517368506
8,3958596.885020193
9,3940355.9428050835
10,3853477.1378712845
11,3782248.5065977746
12,3686788.692161674
13,3683063.2884061006
14,3683063.2884061006
15,3624934.408173077
16,3574105.960037072
17,3529139.717264984
18,3528438.264579407
19,3501161.5117231375
20,3388694.8393163322
21,3332952.4826287893
22,3284352.9768365123
23,3156639.2450258187
24,3136237.305155868
25,3136237.305155868
26,3082091.153737864
27,3063048.6681313226
28,3036054.919183873
29,2984540.752184704
30,2949824.7921514614
31,2949824.7921514614
32,2798247.7692946354
33,2798247.7692946354
34,2798247.7692946354
35,2756877.429292425
36,2720690.5472098477
37,2692421.068097121
38,2637920.0840675347
39,2600806.295146826
40,2562048.99702741
41,2525982.745472604
42,2481093.1298324466
43,2472721.2288620602
44,2448403.9018095424
45,2416131.0662194365
46,2375247.7108380664
47,2375247.7108380664
48,2321355.914268285
49,2319488.6267878013
50,2302814.484792471
51,2287131.167472141
52,2252191.257190415
53,2252191.257190415
54,2252191.257190415
55,2224594.0843546125
56,2204598.727207037
57,2198250.8323113313
58,2198250.8323113313
59,2188155.651619535
60,2168271.1972597456
61,2167371.2218270274
62,2160663.9023376466
63,2155111.042805398
64,2146750.5554193505
65,2119822.7234126916
66,2097064.8261654298
67,2088832.5204078176
68,2079065.6021991794
69,2072638.668312098
70,2072638.668312098
71,2057852.9866852935
72,2057852.9866852935
73,2057852.9866852935
74,2057852.9866852935
75,2056912.7285930198
76,2056912.7285930198
77,2054349.1971166926
78,2052612.6092658734
79,2052597.6807040323
80,2048679.0939364175
81,2048679.0939364175
82,2047813.0605197973
83,2043796.8061114468
84,2042798.9326567636
85,2042798.9326567636
86,2040559.2875343196
87,2040559.2875343196
88,2040030.70793734
89,2040030.70793734
90,2040030.70793734
91,2039043.2623037081
92,2039043.2623037081
93,2039043.2623037081
94,2039043.2623037081
95,2039043.2623037081
