,0
0,6947476.885170035
1,6894893.637617116
2,6848724.929309029
3,6470990.169955269
4,6470990.169955269
5,6470990.169955269
6,6334482.9002955565
7,6172439.855013532
8,6172439.855013532
9,6043280.812365321
10,6021040.635410411
11,5971334.329128374
12,5766965.330726623
13,5733654.747532383
14,5714197.095232126
15,5656658.834129818
16,5540267.659916864
17,5382881.602807437
18,5361612.216596166
19,5252722.101805869
20,5252722.101805869
21,5174308.765165445
22,5119497.99391836
23,4973584.9781394955
24,4787992.278783715
25,4787992.278783715
26,4787992.278783715
27,4739145.590720675
28,4713273.300389936
29,4697821.721245032
30,4697821.721245032
31,4614111.635469042
32,4596783.401008851
33,4555442.946217808
34,4521803.208521685
35,4500168.751025458
36,4493553.098532692
37,4419615.15695707
38,4405881.473578372
39,4375922.7611088
40,4368465.621335506
41,4358018.788254483
42,4326156.876291439
43,4296429.682752367
44,4272099.36974032
45,4247763.293618517
46,4247763.293618517
47,4224499.578582986
48,4224499.578582986
49,4189661.7406589906
50,4156434.2212586487
51,4156434.2212586487
52,4154595.8246030216
53,4135375.9706770717
54,4107821.5367646385
55,4107821.5367646385
56,4107821.5367646385
57,4088088.0171134714
58,4083110.3606943768
59,4074671.7902829363
60,4062518.6547047948
61,4052025.0161702065
62,4052025.0161702065
63,4038872.14812626
64,4035720.075819978
65,4035197.533379993
66,4026583.423756429
67,4024072.628481852
68,4021256.7236323296
69,4019607.5653699366
70,4018608.6193632623
71,4018608.6193632623
72,4018608.6193632623
73,4017279.963824318
74,4016334.384372865
75,4016301.2065425366
76,4016301.2065425366
77,4016142.942840638
78,4016142.942840638
79,4015861.7440585596
80,4015861.7440585596
81,4015861.7440585596
82,4015861.7440585596
83,4015861.7440585596
