,0
0,4888745.122945951
1,4888745.122945951
2,4871736.33247784
3,4626531.250888698
4,4585850.688604412
5,4475232.053366807
6,4337844.559101496
7,4185842.288769307
8,4185842.288769307
9,4100999.0171339926
10,4009679.5891149533
11,3914039.1996075534
12,3914039.1996075534
13,3829828.5156460735
14,3649703.769506636
15,3649703.769506636
16,3626745.635899864
17,3604701.826367294
18,3508096.156439685
19,3479860.9989973763
20,3412365.9519048748
21,3412365.9519048748
22,3345994.5712152706
23,3157523.7424309133
24,3157523.7424309133
25,3157523.7424309133
26,3145962.223801446
27,3141063.5721300454
28,3141063.5721300454
29,3017252.3149493067
30,3017252.3149493067
31,3017252.3149493067
32,2951231.948651573
33,2951231.948651573
34,2951231.948651573
35,2915946.4536753343
36,2873079.676183797
37,2870962.756981822
38,2834782.6788937305
39,2805416.3736776556
40,2778171.6498416825
41,2778171.6498416825
42,2721820.300899998
43,2721820.300899998
44,2700510.025467468
45,2700510.025467468
46,2697827.0986877223
47,2673434.0791077944
48,2667620.4012979437
49,2653062.1934676026
50,2638756.8450245126
51,2637931.419618035
52,2598832.905470077
53,2598832.905470077
54,2574753.507147169
55,2574753.507147169
56,2569306.929403253
57,2568007.48568619
58,2531810.9840467684
59,2531810.9840467684
60,2530154.3944297
61,2525548.8536631847
62,2525548.8536631847
63,2515723.991428591
64,2515723.991428591
65,2502055.3699327675
66,2502055.3699327675
67,2501567.1470238497
68,2500932.5872398564
69,2500932.5872398564
70,2495566.443820855
71,2492268.78181714
72,2484764.9787499914
73,2481370.1538294205
74,2477843.2197187957
75,2471772.793692178
76,2467523.9423262724
77,2463354.6118261875
78,2458210.7359247273
79,2456628.801880181
80,2454482.9140393664
81,2450744.031934964
82,2450313.2365163923
83,2447552.155072562
84,2447552.155072562
85,2445806.136129566
86,2445806.136129566
87,2442224.1681095846
88,2442224.1681095846
89,2440976.276418645
90,2439744.987611911
91,2439744.987611911
92,2439744.987611911
93,2439213.367037625
94,2439213.367037625
95,2439213.367037625
96,2439213.367037625
97,2439213.367037625
