,0
0,6300193.463060661
1,6189506.255228798
2,6189506.255228798
3,6152883.232631881
4,6110946.3524944
5,6035752.272526076
6,5962028.539064156
7,5797763.125934057
8,5797763.125934057
9,5651429.585856886
10,5651429.585856886
11,5651429.585856886
12,5651429.585856886
13,5651429.585856886
14,5634485.310973136
15,5598447.021574954
16,5598447.021574954
17,5598447.021574954
18,5545697.708881475
19,5427081.783007489
20,5427081.783007489
21,5427081.783007489
22,5388021.7545821015
23,5276433.337493387
24,5276433.337493387
25,5276433.337493387
26,5276433.337493387
27,5080309.581989595
28,5080309.581989595
29,5080309.581989595
30,5080309.581989595
31,5080309.581989595
