,0
0,6960544.162000748
1,6868031.9856535345
2,6742984.161161682
3,6696910.382577748
4,6593377.791060335
5,6383246.597380383
6,6331971.124667191
7,6150807.601953305
8,6150807.601953305
9,6023929.199775479
10,6013126.42858284
11,5819689.100939349
12,5819689.100939349
13,5819689.100939349
14,5759836.015672374
15,5661480.591335067
16,5547899.859120581
17,5529282.613754754
18,5311629.129628602
19,5311629.129628602
20,5311629.129628602
21,5281065.261703534
22,5219561.8060297845
23,5152593.793582856
24,5042132.836362508
25,5042132.836362508
26,4987458.381928569
27,4889920.536727147
28,4819704.940336944
29,4819704.940336944
30,4783743.713986735
31,4701612.337217271
32,4662831.542329862
33,4580204.72934388
34,4487363.902216292
35,4487363.902216292
36,4485075.062640081
37,4469905.083845287
38,4407252.29867938
39,4394912.56720067
40,4359295.8384996345
41,4344381.674960262
42,4338848.199165234
43,4270732.665224715
44,4242362.950366437
45,4232594.107741327
46,4192675.2312117154
47,4192675.2312117154
48,4180862.5706152604
49,4156071.562254923
50,4096565.1781720365
51,4096565.1781720365
52,4085876.369918535
53,4085876.369918535
54,4051607.744455044
55,4051607.744455044
56,4035303.020677898
57,4021908.8996992954
58,4017451.9162919694
59,3980599.153098252
60,3973282.9812421943
61,3966856.531049162
62,3947227.318293817
63,3943953.345835928
64,3936368.5491497917
65,3904689.2242897185
66,3904689.2242897185
67,3891796.7437980063
68,3860187.5505294316
69,3860187.5505294316
70,3860187.5505294316
71,3860187.5505294316
72,3848453.0321715004
73,3841657.2253933344
74,3834621.298052461
75,3830042.9685898344
76,3820125.6066759247
77,3811070.639840066
78,3811070.639840066
79,3805853.870857949
80,3793951.9098188756
81,3793951.9098188756
82,3793951.9098188756
83,3784587.251156721
84,3784587.251156721
85,3770966.1347551784
86,3765179.87468844
87,3757419.397589242
88,3757419.397589242
89,3757419.397589242
90,3757419.397589242
91,3756531.824619431
92,3753309.455431098
93,3753309.455431098
94,3752709.186876453
95,3751415.9373876373
96,3751415.9373876373
97,3750088.1727570863
98,3750088.1727570863
99,3749585.8032294544
100,3749585.8032294544
101,3748338.903807786
102,3748338.903807786
103,3748338.903807786
104,3746839.8253176436
105,3746839.8253176436
106,3746839.8253176436
107,3741976.4433469186
108,3741677.9019660656
109,3741077.6334114205
110,3741077.6334114205
111,3741077.6334114205
112,3740241.0493050413
113,3740241.0493050413
114,3740241.0493050413
115,3740241.0493050413
116,3740241.0493050413
117,3739016.2124042753
118,3738179.628297895
119,3738179.628297895
120,3738179.628297895
121,3738179.628297895
122,3738179.628297895
