,0
0,5626715.278662613
1,5500231.795943907
2,5500231.795943907
3,5237235.19163666
4,4927007.089313721
5,4927007.089313721
6,4918422.324079901
7,4788729.7335409485
8,4705987.377604113
9,4705987.377604113
10,4560386.591628108
11,4431031.446126709
12,4205098.99689566
13,4205098.99689566
14,4108791.4143431396
15,4108791.4143431396
16,4042590.948005755
17,3898461.266626821
18,3898461.266626821
19,3891529.4347761036
20,3790605.8433441897
21,3740878.6278356914
22,3625294.916155957
23,3625294.916155957
24,3609855.094109731
25,3500573.462146763
26,3500573.462146763
27,3441671.659826558
28,3390877.5150314574
29,3337370.7729255804
30,3286386.220433725
31,3262409.1119296215
32,3233357.0754274293
33,3215702.3427963895
34,3092363.555279418
35,3092363.555279418
36,3067279.78044828
37,3067279.78044828
38,3009471.8016596995
39,2989886.5334805693
40,2985664.4982416634
41,2912711.215735082
42,2861234.183544079
43,2861234.183544079
44,2843544.1474899505
45,2796270.2307451544
46,2796270.2307451544
47,2796270.2307451544
48,2779091.7968747327
49,2743141.006442514
50,2716780.5282890997
51,2703719.760497246
52,2687815.2514469083
53,2685018.5351263145
54,2672487.6462197504
55,2658498.7813782617
56,2638557.572656894
57,2616834.433187517
58,2609890.146606828
59,2609890.146606828
60,2591926.153200844
61,2552816.567855158
62,2552816.567855158
63,2550049.0729056387
64,2545718.833686915
65,2531641.5345876087
66,2531405.6319498587
67,2520000.7435647096
68,2514207.821840481
69,2512423.604051524
70,2492385.9487850806
71,2492385.9487850806
72,2492385.9487850806
73,2488520.284398988
74,2484572.204626046
75,2480587.58670505
76,2467669.327168927
77,2467669.327168927
78,2457746.1657180362
79,2452651.3698139167
80,2451334.7844538763
81,2448945.0722984853
82,2448945.0722984853
83,2442495.5952452547
84,2442495.5952452547
85,2439925.837259231
86,2435438.8402249226
87,2426487.364923539
88,2418159.324313402
89,2415472.328209701
90,2413998.371690714
91,2413998.371690714
92,2408707.024731324
93,2398400.2394635594
94,2398400.2394635594
95,2395225.924519149
96,2393854.443145687
97,2393370.144089051
98,2381712.3729835157
99,2381712.3729835157
100,2380203.2218416496
101,2375083.8837899393
102,2375083.8837899393
103,2370339.3310494893
104,2370339.3310494893
105,2367010.051400146
106,2367010.051400146
107,2367010.051400146
108,2367010.051400146
109,2366399.556059563
110,2366399.556059563
111,2364375.680569037
112,2359744.671559027
113,2359744.671559027
114,2358643.6127129504
115,2358643.6127129504
116,2358643.6127129504
117,2357517.8584121997
118,2357517.8584121997
119,2357517.8584121997
120,2357517.8584121997
121,2356893.3263007854
122,2356893.3263007854
123,2356893.3263007854
124,2356893.3263007854
125,2356612.7758188993
126,2354307.135245314
127,2354307.135245314
128,2354307.135245314
129,2353307.966091328
130,2353307.966091328
131,2353307.966091328
132,2353307.966091328
133,2353307.966091328
