,0
0,6891984.441280272
1,6710549.869487231
2,6710549.869487231
3,6607840.894063927
4,6542534.249424878
5,6352010.578926024
6,6242865.499928169
7,6081880.140773392
8,6016659.625574948
9,6016659.625574948
10,5977041.783589705
11,5935834.989911597
12,5817211.738589738
13,5677567.548867175
14,5651100.761605138
15,5590715.638022256
16,5522313.931804795
17,5388594.259918476
18,5388594.259918476
19,5262164.7354832245
20,5262164.7354832245
21,5057237.915320378
22,5057237.915320378
23,5041275.5427001165
24,5021348.3114684075
25,4925861.894525048
26,4777376.808773928
27,4777376.808773928
28,4732357.524163253
29,4646167.243069141
30,4643953.807148852
31,4542641.498654349
32,4542641.498654349
33,4538696.863727121
34,4466663.311059373
35,4427463.711034516
36,4410861.750605753
37,4362361.693408498
38,4336179.538898385
39,4272869.5614524
40,4267484.008152672
41,4267484.008152672
42,4240449.670457529
43,4208038.928053238
44,4184827.7905448466
45,4184827.7905448466
46,4135614.202577281
47,4133247.1172350496
48,4116010.0675145313
49,4116010.0675145313
50,4112495.02062291
51,4100371.976114003
52,4086617.5368669196
53,4080827.383446077
54,4049795.0234282343
55,4047135.2340396275
56,4045330.3824059
57,4024281.4472531574
58,4024281.4472531574
59,4018885.053567381
60,4009141.2541093966
61,4000706.7847401267
62,3978881.1091806837
63,3978881.1091806837
64,3967952.5207727365
65,3967952.5207727365
66,3959638.2734664576
67,3948136.1307334597
68,3927445.6199313854
69,3927445.6199313854
70,3916123.501325188
71,3916123.501325188
72,3915985.044162609
73,3908689.9415956135
74,3901278.644002575
75,3894406.9312563096
76,3891870.197512041
77,3885300.1269058906
78,3871318.831820752
79,3871072.7290271134
80,3867821.6801179745
81,3867325.370204871
82,3856080.932863653
83,3854563.8186453837
84,3851058.228436833
85,3848570.1142692068
86,3843123.661415963
87,3838887.1377539816
88,3838568.0308775357
89,3834404.0993610458
90,3833272.933279215
91,3832974.0899822204
92,3831434.930053635
93,3828583.366813784
94,3827555.5436318624
95,3823620.322546991
96,3821471.987073868
97,3819403.071884641
98,3818680.523127517
99,3814587.6960260444
100,3813460.7526070396
101,3813460.7526070396
102,3811595.6334667294
103,3809308.8929245924
104,3808648.1831879695
105,3807124.676032305
106,3802475.0751455794
107,3802475.0751455794
108,3801347.580654443
109,3800686.87091782
110,3800686.87091782
111,3800686.87091782
112,3800686.87091782
113,3800686.87091782
