,0
0,4306885.926013568
1,4306885.926013568
2,4306885.926013568
3,4306885.926013568
4,4250783.3924732
5,4166779.1516894056
6,4013003.0796864396
7,3949138.1678024027
8,3949138.1678024027
9,3898212.813337952
10,3898212.813337952
11,3711350.71217466
12,3711350.71217466
13,3681909.345221767
14,3600334.9379260587
15,3596207.7401673403
16,3596207.7401673403
17,3534349.017771088
18,3419930.339929711
19,3404999.1116235247
20,3334486.798408157
21,3334486.798408157
22,3215278.2782594864
23,3157109.2877767025
24,3157109.2877767025
25,3157109.2877767025
26,3142169.1569971275
27,3092210.4728958476
28,3019407.435740472
29,2952521.3125543213
30,2952521.3125543213
31,2922833.6695589568
32,2922833.6695589568
33,2922833.6695589568
34,2877877.3667105366
35,2822582.065906477
36,2770564.2097231923
37,2755092.200570151
38,2755092.200570151
39,2719024.177507782
40,2681689.439636602
41,2624120.2919652225
42,2624120.2919652225
43,2624120.2919652225
44,2602524.53071382
45,2564492.4903494325
46,2564492.4903494325
47,2564492.4903494325
48,2537146.794525464
49,2504568.953304218
50,2504568.953304218
51,2473988.637813729
52,2451348.006527583
53,2431164.122463165
54,2431164.122463165
55,2431164.122463165
56,2421252.2178562097
57,2395041.5666185333
58,2390731.609815903
59,2366963.2758855475
60,2357820.4092106465
61,2356866.202759656
62,2318474.590012434
63,2318474.590012434
64,2318474.590012434
65,2317991.3983554114
66,2310480.4067035355
67,2303449.9678106587
68,2297577.248139544
69,2297577.248139544
70,2291749.526390559
71,2276037.1715222388
72,2271483.2610561717
73,2259520.3696694705
74,2243016.97296058
75,2243016.97296058
76,2243016.97296058
77,2243016.97296058
78,2241142.668944206
79,2236573.0491901105
80,2235258.425755094
81,2233494.9299689406
82,2228105.143208399
83,2227815.3547115778
84,2227149.679859343
85,2221928.4788759593
86,2221928.4788759593
87,2221928.4788759593
88,2220613.8554409426
89,2219569.405646475
90,2219569.405646475
91,2219569.405646475
92,2219569.405646475
93,2219569.405646475
