,0
0,5631535.959807961
1,5449732.446898718
2,5421977.372451369
3,5283722.983868017
4,5108381.233288078
5,4965126.336813715
6,4837143.025902121
7,4833065.388759784
8,4552188.485479325
9,4515535.904948782
10,4315502.059697695
11,4315502.059697695
12,4294517.636682897
13,4082531.3164884974
14,4082531.3164884974
15,4011484.850290778
16,4011484.850290778
17,3959001.244637939
18,3806636.018865032
19,3664380.9119976196
20,3571443.0071181846
21,3529234.124870323
22,3529234.124870323
23,3471580.526303859
24,3374233.2919893223
25,3359565.3679955294
26,3359565.3679955294
27,3264931.372946365
28,3213726.17040673
29,3156213.460701642
30,3099998.645931856
31,3081031.384744409
32,3081031.384744409
33,3080097.129505768
34,2993648.704052743
35,2993648.704052743
36,2993648.704052743
37,2959880.3238333534
38,2935164.3657282563
39,2871755.64395029
40,2851261.2756835534
41,2851261.2756835534
42,2799764.4776387843
43,2781160.909059631
44,2781160.909059631
45,2772952.569947813
46,2758513.2970272074
47,2720232.117451051
48,2680569.8171758093
49,2650063.9919573083
50,2650063.9919573083
51,2650063.9919573083
52,2632967.60174711
53,2627402.210554871
54,2596459.1336018695
55,2596459.1336018695
56,2596459.1336018695
57,2581326.6081445534
58,2571867.4838837935
59,2542599.7880488727
60,2542599.7880488727
61,2540534.4762339666
62,2534555.9635049575
63,2521517.4168858253
64,2513921.301067307
65,2496282.7081938637
66,2496282.7081938637
67,2491823.747485145
68,2483918.938592008
69,2472087.934853748
70,2472087.934853748
71,2451711.4884654796
72,2451711.4884654796
73,2439286.783874157
74,2439286.783874157
75,2439286.783874157
76,2439286.783874157
77,2431814.810425862
78,2430304.660556043
79,2414148.4885939066
80,2409321.1398781664
81,2409321.1398781664
82,2405879.6458464777
83,2402117.197560233
84,2398209.9129319494
85,2398209.9129319494
86,2395501.772728613
87,2395087.704699978
88,2389962.8448084225
89,2389962.8448084225
90,2387990.112904908
91,2387726.1095873085
92,2387726.1095873085
93,2387059.2677510465
94,2385491.4156765724
95,2382695.0531670405
96,2382695.0531670405
97,2380356.550280032
98,2380356.550280032
99,2379799.7642982886
100,2379799.7642982886
101,2379799.7642982886
102,2379759.265821856
103,2379316.7575373286
104,2379316.7575373286
105,2379251.717362351
106,2378817.773456722
107,2378334.766695762
108,2377777.9807140185
109,2377456.37972823
110,2376899.593746486
111,2376899.593746486
112,2376899.593746486
113,2376899.593746486
114,2375415.813902733
115,2375415.813902733
116,2375415.813902733
117,2375415.813902733
118,2375415.813902733
