,0
0,5542902.346714338
1,5542902.346714338
2,5473871.438177464
3,5223416.562111569
4,5095142.973264735
5,5011884.914504004
6,4849239.677670151
7,4798915.746961344
8,4798915.746961344
9,4707927.174874229
10,4395058.0961753465
11,4316066.644366646
12,4274422.88918084
13,4274422.88918084
14,4120405.582476149
15,4105920.9928701324
16,4028351.5418777573
17,3984965.416569436
18,3825563.0648870985
19,3825563.0648870985
20,3750289.038240254
21,3687024.8021788024
22,3596400.5083509684
23,3596400.5083509684
24,3316644.592320965
25,3316644.592320965
26,3316644.592320965
27,3261735.1052503
28,3261735.1052503
29,3215234.043044421
30,3162927.0229888153
31,3140965.9575066348
32,3068163.140929935
33,3068163.140929935
34,3000340.3939467054
35,2932414.033936135
36,2932414.033936135
37,2911837.9636267135
38,2911837.9636267135
39,2872563.029190889
40,2868026.3243094566
41,2848691.194822121
42,2805679.021569193
43,2794336.6871702815
44,2772222.2019280023
45,2751319.828286245
46,2727285.0573502085
47,2727285.0573502085
48,2716286.707981855
49,2692255.5764708812
50,2692255.5764708812
51,2685477.7965470296
52,2658802.1646585236
53,2636225.9500683057
54,2636225.9500683057
55,2625703.970956786
56,2625703.970956786
57,2587999.7264586673
58,2587999.7264586673
59,2587999.7264586673
60,2587999.7264586673
61,2587999.7264586673
62,2587985.4350648965
63,2578047.744493767
64,2578047.744493767
65,2572844.806839707
66,2570351.2848730492
67,2559031.701130615
68,2550059.8499297346
69,2549109.4653180144
70,2546727.8570404784
71,2546727.8570404784
72,2537744.0045750705
73,2537744.0045750705
74,2532864.341317151
75,2532864.341317151
76,2525100.5212692996
77,2525100.5212692996
78,2525100.5212692996
79,2520935.190208174
80,2517597.186684118
81,2517597.186684118
82,2515457.7433256987
83,2504953.703378347
84,2503366.5582406274
85,2502345.98184035
86,2500978.0288465736
87,2499233.181095037
88,2499233.181095037
89,2496796.5472798743
90,2496796.5472798743
91,2496796.5472798743
92,2496796.5472798743
93,2496796.5472798743
