,0
0,6864714.650647011
1,6638192.866988281
2,6638192.866988281
3,6638192.866988281
4,6567404.679203996
5,6526555.021632564
6,6230085.521551642
7,6229185.29731
8,6191869.360687611
9,6143746.971032134
10,6015397.229107773
11,6015397.229107773
12,5816920.136968664
13,5801666.216264716
14,5680884.2142779585
15,5595706.682534393
16,5557021.29267733
17,5557021.29267733
18,5485457.158960458
19,5300563.50777685
20,5300563.50777685
21,5262469.110340229
22,5129234.595158561
23,5042913.982435429
24,5042913.982435429
25,5042913.982435429
26,4983823.22106461
27,4880617.498333972
28,4878931.605184499
29,4718227.964263155
30,4685468.480122812
31,4685468.480122812
32,4610533.98714098
33,4436258.588231163
34,4436258.588231163
35,4415543.165357292
36,4388172.482665035
37,4388172.482665035
38,4388172.482665035
39,4361739.267365817
40,4322321.80800518
41,4230380.980737804
42,4229401.669066197
43,4229401.669066197
44,4229401.669066197
45,4229401.669066197
46,4215270.335818868
47,4213137.084924529
48,4199621.65193484
49,4182490.3992103725
50,4172940.0843055956
51,4135059.988690898
52,4109417.446176225
53,4109417.446176225
54,4097734.4684076365
55,4082633.2773140627
56,4057500.536450181
57,4057500.536450181
58,4047593.8416776066
59,4024329.384395529
60,3985932.4689504667
61,3985932.4689504667
62,3976326.6252679825
63,3976326.6252679825
64,3938317.9800931397
65,3938317.9800931397
66,3938317.9800931397
67,3924035.4687601714
68,3911545.0105127483
69,3911545.0105127483
70,3911545.0105127483
71,3903360.9965633773
72,3903360.9965633773
73,3891402.406087788
74,3888063.9749959963
75,3885732.569655327
76,3878136.9511867305
77,3874383.7669778704
78,3861190.4439442977
79,3852507.7070842623
80,3852507.7070842623
81,3852507.7070842623
82,3852507.7070842623
83,3852046.11094024
84,3849387.2009237716
85,3848981.0693790587
86,3843108.3768217606
87,3843108.3768217606
88,3843108.3768217606
89,3841204.3711451413
90,3838443.2337463885
91,3836708.3077425067
92,3836708.3077425067
93,3835949.6338356915
94,3835949.6338356915
95,3834965.655943357
96,3834965.655943357
97,3834965.655943357
98,3834092.3404774
99,3833387.320176882
100,3833108.3625850645
101,3833108.3625850645
102,3833108.3625850645
103,3833108.3625850645
104,3833108.3625850645
