,0
0,4418018.154412174
1,4382886.3348739855
2,4275987.754323748
3,4143185.06328396
4,4143185.06328396
5,4069903.699173603
6,4035866.843749853
7,3975258.1952485438
8,3908804.8504187963
9,3728383.8847072036
10,3728383.8847072036
11,3654932.020114742
12,3654932.020114742
13,3571460.314580671
14,3527618.5195298563
15,3458852.933072056
16,3260044.6489874613
17,3260044.6489874613
18,3260044.6489874613
19,3260044.6489874613
20,3218617.5721333735
21,3202073.4342960427
22,3089380.16761303
23,3089380.16761303
24,3042436.3622025526
25,2970301.4567098296
26,2970301.4567098296
27,2885425.359165888
28,2860497.7466587927
29,2817681.3201326914
30,2772091.9344701776
31,2697594.231551109
32,2653841.114863339
33,2649183.0671518645
34,2627508.0908007035
35,2563435.695421686
36,2563435.695421686
37,2487130.6684558117
38,2487130.6684558117
39,2467547.394308864
40,2413224.113484524
41,2413224.113484524
42,2405195.952706533
43,2366935.8483308046
44,2361856.271322977
45,2336604.023069725
46,2289109.1155820955
47,2289109.1155820955
48,2289109.1155820955
49,2274402.1024167663
50,2272230.3010179815
51,2248410.2857964886
52,2228789.5443472518
53,2226906.668149645
54,2213370.6507825544
55,2184538.374607352
56,2167824.068175663
57,2146333.649067455
58,2144914.3249827614
59,2135131.8434041743
60,2111761.801923197
61,2105851.333553884
62,2087293.2180488484
63,2065355.1970066708
64,2058522.1108238166
65,2052043.042123119
66,2022939.2817460594
67,2022939.2817460594
68,2022939.2817460594
69,1997216.313125857
70,1997216.313125857
71,1997216.313125857
72,1992878.029105054
73,1985279.1779602054
74,1980965.6257675427
75,1966742.0291049099
76,1959566.0537626941
77,1947001.441503649
78,1947001.441503649
79,1937681.118690004
80,1935831.5209026902
81,1929248.9532391154
82,1926501.3537051033
83,1918807.65348573
84,1918491.5686336213
85,1917892.8998927441
86,1909673.836586467
87,1899750.0981039226
88,1897485.910516642
89,1891562.7164975232
90,1891562.7164975232
91,1891038.615914539
92,1891038.615914539
93,1886544.2546529553
94,1886412.1379844958
95,1880404.2248249801
96,1878436.5138542515
97,1876681.1126344658
98,1876212.4420185538
99,1875517.202087757
100,1875517.202087757
101,1873187.1000384002
102,1873187.1000384002
103,1873126.3171054989
104,1871591.580356205
105,1869972.6034917028
106,1869972.6034917028
107,1869972.6034917028
108,1869972.6034917028
109,1869972.6034917028
