,0
0,6314403.7167746425
1,6141659.590433896
2,6141659.590433896
3,5968616.875265984
4,5968616.875265984
5,5872176.987902252
6,5872176.987902252
7,5735600.757832672
8,5735600.757832672
9,5735600.757832672
10,5664644.976485977
11,5406440.473449083
12,5406440.473449083
13,5406440.473449083
14,5406440.473449083
15,5277303.292886135
16,5277303.292886135
17,5273048.459035415
18,5257246.468608324
19,5182854.733271918
20,5182854.733271918
21,5182854.733271918
22,5170873.15495888
23,5102443.978407016
24,5102443.978407016
25,5057453.582828843
26,5038281.360756228
27,4965634.568133803
28,4832990.63434878
29,4832990.63434878
30,4817791.791286448
31,4817791.791286448
32,4817791.791286448
33,4762467.282129186
34,4668730.3171217535
35,4668730.3171217535
36,4668730.3171217535
37,4664079.031487377
38,4661656.324805143
39,4527181.246650917
40,4485086.678589642
41,4485086.678589642
42,4473295.582113543
43,4458811.922844362
44,4425325.39874632
45,4425325.39874632
46,4379593.568941796
47,4329367.333390963
48,4286188.190384995
49,4270216.228263044
50,4270216.228263044
51,4221373.73941345
52,4221373.73941345
53,4221373.73941345
54,4221373.73941345
55,4217337.225104138
56,4155587.7954199477
57,4155587.7954199477
58,4155587.7954199477
59,4133605.973158298
60,4100021.363982527
61,4100021.363982527
62,4072282.060892935
63,4072282.060892935
64,4064628.6376869604
65,4022755.1010474684
66,4020569.7654303852
67,4007243.2792290114
68,3988611.3819483332
69,3988611.3819483332
70,3988611.3819483332
71,3974469.6297319485
72,3974469.6297319485
73,3961036.8154827827
74,3938107.100570041
75,3938107.100570041
76,3938107.100570041
77,3938107.100570041
78,3918803.003299977
79,3906818.8121551364
80,3903136.11489035
81,3903136.11489035
82,3882580.7836328084
83,3882580.7836328084
84,3877009.288767548
85,3874231.1972269304
86,3873809.849596862
87,3867686.342445349
88,3864299.621609656
89,3862114.285992573
90,3860925.7932813093
91,3860925.7932813093
92,3858334.4975056346
93,3858334.4975056346
94,3834383.3558327644
95,3834383.3558327644
96,3834383.3558327644
97,3834383.3558327644
98,3834383.3558327644
