,0
0,4506106.257372355
1,4402108.906592914
2,4295618.614334199
3,4171582.0600235425
4,4171582.0600235425
5,3844220.726217653
6,3844220.726217653
7,3838965.8764488837
8,3838965.8764488837
9,3825559.640236611
10,3714068.208476394
11,3655567.4243508857
12,3655567.4243508857
13,3655567.4243508857
14,3575384.8190300255
15,3450521.0986355864
16,3450521.0986355864
17,3441365.957731756
18,3338228.889174593
19,3164437.2011065045
20,3164437.2011065045
21,3099104.8599214945
22,3099104.8599214945
23,3099104.8599214945
24,3099104.8599214945
25,2959190.941621356
26,2959190.941621356
27,2929184.1560809566
28,2852644.3644814747
29,2779618.627755621
30,2711818.0092861196
31,2711818.0092861196
32,2687027.6637781947
33,2637935.3465198497
34,2602418.0566119035
35,2565083.6840985967
36,2468616.313629383
37,2431021.1591055356
38,2431021.1591055356
39,2402606.9245948275
40,2390266.326231875
41,2337898.0168476235
42,2254344.1831453126
43,2254344.1831453126
44,2254344.1831453126
45,2192931.27952395
46,2192931.27952395
47,2192931.27952395
48,2183065.161229551
49,2142438.846307895
50,2082286.7095547302
51,2065596.7440326193
52,2028588.8270598568
53,2028588.8270598568
54,2028588.8270598568
55,1983230.740092476
56,1983230.740092476
57,1983230.740092476
58,1961187.3464983848
59,1961187.3464983848
60,1959282.3800189486
61,1948686.7737623004
62,1938205.7769258143
63,1925690.7399891338
64,1891888.4991657324
65,1891888.4991657324
66,1891888.4991657324
67,1880061.1146655108
68,1880061.1146655108
69,1876115.855218738
70,1870733.3312232804
71,1863546.7811880712
72,1853410.7530108523
73,1843644.2896896887
74,1834925.1411126563
75,1829633.8250226686
76,1829633.8250226686
77,1815835.3422812428
78,1815835.3422812428
79,1812141.537379062
80,1803311.7427647144
81,1798090.155715352
82,1788771.4000935107
83,1788649.468361883
84,1788649.468361883
85,1786703.2220707673
86,1781205.6842267206
87,1781205.6842267206
88,1781129.945064017
89,1781129.945064017
90,1780655.5512986863
91,1778137.078977437
92,1778137.078977437
93,1778137.078977437
94,1777586.9460494027
95,1777586.9460494027
96,1777586.9460494027
97,1777586.9460494027
98,1777586.9460494027
