,0
0,5799064.505815921
1,5599656.735971997
2,5355093.173669204
3,5289928.667086119
4,5276725.03585813
5,5153143.381929014
6,5153143.381929014
7,4979064.479309698
8,4850967.041591451
9,4699555.059151542
10,4699555.059151542
11,4621790.839416235
12,4502728.192754275
13,4462092.66245007
14,4344935.132232074
15,4190258.7667484083
16,4133729.58949854
17,3999841.981180625
18,3999841.981180625
19,3865364.1247469294
20,3860560.3833593926
21,3786570.919885592
22,3762174.861924473
23,3650871.4830793785
24,3650871.4830793785
25,3530722.9385650805
26,3530722.9385650805
27,3408571.977370699
28,3408571.977370699
29,3408571.977370699
30,3304465.2726807394
31,3304465.2726807394
32,3269444.4292425113
33,3251177.5217418037
34,3188775.539499733
35,3163853.194460693
36,3163853.194460693
37,3162001.003047977
38,3092651.483123353
39,3092651.483123353
40,3026426.5902303723
41,3026426.5902303723
42,3026426.5902303723
43,3000341.0298688053
44,2978589.692489284
45,2948734.821514419
46,2917071.8322120495
47,2917071.8322120495
48,2866204.710283094
49,2866204.710283094
50,2866204.710283094
51,2865163.728515843
52,2857638.599070874
53,2825181.7521839286
54,2817392.617669441
55,2816653.180481128
56,2807841.007288006
57,2779014.009556655
58,2742734.2009576885
59,2738614.011758807
60,2738614.011758807
61,2738614.011758807
62,2724403.468149676
63,2719631.6097972053
64,2716178.775684469
65,2704115.7491221954
66,2703391.414689365
67,2679896.7181356302
68,2679896.7181356302
69,2659922.5142863146
70,2659922.5142863146
71,2657071.597005184
72,2654018.2770423526
73,2651930.797085693
74,2648148.7978388607
75,2632568.051745487
76,2621703.1759647327
77,2611125.4066898855
78,2611125.4066898855
79,2609504.306609027
80,2604518.0916324
81,2604443.4860876785
82,2594397.928376026
83,2591538.0301253945
84,2584485.0974974297
85,2584485.0974974297
86,2584485.0974974297
87,2584485.0974974297
88,2581103.578998946
89,2576283.993246062
90,2575913.049397827
91,2575811.897003168
92,2575401.369267664
93,2574407.3508604006
94,2574397.5758428425
95,2574137.01279146
96,2574137.01279146
97,2573726.485055956
98,2573726.485055956
99,2573686.9011686873
100,2573686.9011686873
101,2573686.9011686873
102,2573686.9011686873
103,2573686.9011686873
