,0
0,5600368.694829243
1,5587578.503388412
2,5499052.895302903
3,5173744.123013052
4,5173744.123013052
5,5173744.123013052
6,5008088.711862626
7,4814951.449028879
8,4736696.013451752
9,4736696.013451752
10,4594481.7123244675
11,4479483.070787074
12,4258430.621489616
13,4238925.127199118
14,4238925.127199118
15,4133323.204760876
16,4133323.204760876
17,4010278.8231413923
18,4010278.8231413923
19,3925148.7611150625
20,3876279.1458147396
21,3780352.238159642
22,3709410.7698057266
23,3666855.733803717
24,3596977.9681571703
25,3596977.9681571703
26,3527145.12175596
27,3409812.6400082153
28,3372115.5852434724
29,3367043.925881702
30,3343009.416946608
31,3286268.0798667413
32,3211837.8157069795
33,3165835.368846429
34,3143965.3613297497
35,3019281.3447777787
36,3019281.3447777787
37,3019281.3447777787
38,3019281.3447777787
39,2956558.4147890676
40,2956558.4147890676
41,2914933.0388073074
42,2911884.8616314507
43,2849414.5401344383
44,2835108.9106607465
45,2823037.612530237
46,2823037.612530237
47,2765482.698459762
48,2765482.698459762
49,2748818.87437512
50,2737276.072096977
51,2737276.072096977
52,2710943.69007948
53,2694399.6064793277
54,2687079.645773141
55,2660766.643390479
56,2645069.5128827123
57,2642568.9267232674
58,2642568.9267232674
59,2620645.4123729854
60,2612962.899420539
61,2605402.414864031
62,2592534.6014010776
63,2588539.7132491264
64,2585290.050957654
65,2580061.6171193575
66,2565648.218292106
67,2565648.218292106
68,2557220.107385384
69,2538841.3344242466
70,2538841.3344242466
71,2523346.3262102087
72,2523166.307996317
73,2519391.719729777
74,2515675.1424841415
75,2499909.2477356205
76,2499909.2477356205
77,2499186.1663160496
78,2487858.2235708567
79,2485746.7576511907
80,2480367.6770143644
81,2480367.6770143644
82,2475727.751663839
83,2474895.517577643
84,2472688.6712703262
85,2467388.288455496
86,2464633.5384533503
87,2464633.5384533503
88,2460130.66842378
89,2460130.66842378
90,2455452.0903929225
91,2455452.0903929225
92,2451871.596901964
93,2451871.596901964
94,2443526.4439807823
95,2443526.4439807823
96,2443526.4439807823
97,2443526.4439807823
98,2442538.953038902
99,2442538.953038902
100,2442538.953038902
101,2442538.953038902
102,2438712.6180661903
103,2438712.6180661903
104,2438712.6180661903
105,2438712.6180661903
106,2438143.402261519
107,2438143.402261519
108,2438143.402261519
109,2437203.864701254
110,2437203.864701254
111,2437203.864701254
112,2437146.8342731153
113,2437146.8342731153
114,2437146.8342731153
115,2436072.503896165
116,2436072.503896165
117,2436072.503896165
118,2436072.503896165
119,2434563.7505312287
120,2434563.7505312287
121,2434563.7505312287
122,2434563.7505312287
123,2434563.7505312287
