,0
0,6843109.544226448
1,6659938.041020023
2,6659938.041020023
3,6602832.512910869
4,6539287.313002711
5,6465171.144261195
6,6447849.976835447
7,6272092.721606809
8,6133393.892323043
9,6071197.13519004
10,5940154.320432194
11,5866497.732352138
12,5866497.732352138
13,5758810.723083284
14,5665509.530617837
15,5539273.246314708
16,5484530.500025657
17,5329531.021369955
18,5329531.021369955
19,5280522.560235607
20,5242825.696513288
21,5242825.696513288
22,5141082.942797718
23,5141082.942797718
24,5058962.090945254
25,4888056.751917761
26,4888056.751917761
27,4818818.295354725
28,4802918.454298234
29,4750654.1160709215
30,4635976.574897582
31,4635976.574897582
32,4575508.001606689
33,4489603.136563586
34,4489603.136563586
35,4489603.136563586
36,4489603.136563586
37,4391216.836445714
38,4391216.836445714
39,4391216.836445714
40,4325966.701015114
41,4271667.473664666
42,4271667.473664666
43,4198231.84543428
44,4198231.84543428
45,4190686.2913519014
46,4153253.9056796
47,4123231.917046278
48,4123231.917046278
49,4076149.503455921
50,4076149.503455921
51,4066186.5516873803
52,4064367.54456783
53,4007319.546119838
54,4007319.546119838
55,4007319.546119838
56,4002567.6567841447
57,3981452.3617292396
58,3959056.92992406
59,3952984.323892801
60,3948131.5759801394
61,3932734.659806194
62,3901579.5669539976
63,3901579.5669539976
64,3901579.5669539976
65,3889308.524952014
66,3885508.6275211773
67,3870632.150934351
68,3870632.150934351
69,3870632.150934351
70,3850641.9830722134
71,3847811.6316225356
72,3844154.573095664
73,3844154.573095664
74,3830508.3046669266
75,3830508.3046669266
76,3830508.3046669266
77,3824794.961166018
78,3824166.031301818
79,3820434.8331834264
80,3810423.9074470876
81,3808176.502047819
82,3808176.502047819
83,3807554.954421091
84,3805107.916155003
85,3802452.164454982
86,3800474.9897759925
87,3800474.9897759925
88,3796844.527696539
89,3796844.527696539
90,3796367.9539383133
91,3796367.9539383133
92,3796367.9539383133
93,3796367.9539383133
94,3796367.9539383133
