,0
0,6213266.765108607
1,6213266.765108607
2,6197794.883777772
3,6040790.092016417
4,5995054.100915335
5,5839706.984339784
6,5839706.984339784
7,5839706.984339784
8,5839706.984339784
9,5839706.984339784
10,5754786.878468843
11,5661702.52797409
12,5649180.053130395
13,5554915.461124447
14,5554915.461124447
15,5552662.838511415
16,5463166.11958993
17,5434603.6083653085
18,5434603.6083653085
19,5336417.575595883
20,5336417.575595883
21,5146133.119644861
22,5146133.119644861
23,5146133.119644861
24,5146133.119644861
25,5091093.460058182
26,5091093.460058182
27,5091093.460058182
28,4985578.608533396
29,4985578.608533396
30,4985578.608533396
31,4985578.608533396
32,4985578.608533396
33,4968353.451366136
34,4945762.866821829
35,4945762.866821829
36,4945762.866821829
37,4858248.577273767
38,4858248.577273767
39,4858248.577273767
40,4858248.577273767
41,4858248.577273767
