,0
0,5608652.465293541
1,5608652.465293541
2,5483201.01000261
3,5332217.719766832
4,5282032.7531323815
5,5169326.5167694045
6,4938455.086067126
7,4805135.359072725
8,4494466.216967775
9,4494466.216967775
10,4494466.216967775
11,4301126.802085064
12,4220085.207700528
13,4220085.207700528
14,4197055.604410673
15,4054049.2822296047
16,4054049.2822296047
17,4054049.2822296047
18,3955813.6666998244
19,3846183.6359821716
20,3834588.041282036
21,3834588.041282036
22,3834588.041282036
23,3749045.057868025
24,3562604.6890401603
25,3521895.3572359374
26,3521895.3572359374
27,3521895.3572359374
28,3409342.521153017
29,3342644.012093051
30,3315557.594413093
31,3169758.8671451453
32,3169758.8671451453
33,3092954.838518209
34,3092954.838518209
35,3092954.838518209
36,3036119.40466849
37,3009963.3638769416
38,2995883.635671209
39,2964031.7495151935
40,2897518.2313826606
41,2897518.2313826606
42,2880479.9983964893
43,2825604.6338808993
44,2825604.6338808993
45,2804974.7928118147
46,2767274.1543268007
47,2767274.1543268007
48,2767274.1543268007
49,2767274.1543268007
50,2762738.30162332
51,2746869.5781729496
52,2732164.815521182
53,2732164.815521182
54,2711203.697827253
55,2711203.697827253
56,2708685.8485637945
57,2689053.974101388
58,2686994.582233169
59,2686994.582233169
60,2685279.7537414506
61,2665616.889479075
62,2665616.889479075
63,2665616.889479075
64,2661507.0444179787
65,2656775.1509022624
66,2649709.801466039
67,2647203.525047386
68,2638466.879846985
69,2638466.879846985
70,2636804.83719919
71,2636804.83719919
72,2631362.6051729177
73,2630888.97826362
74,2628708.6838599294
75,2627026.7802717425
76,2626819.486324612
77,2626819.486324612
78,2623022.834583571
79,2623022.834583571
80,2623022.834583571
81,2623006.347315973
82,2610279.46724897
83,2610279.46724897
84,2610279.46724897
85,2605147.950310854
86,2605147.950310854
87,2605147.950310854
88,2605147.950310854
89,2605131.4630432553
90,2605131.4630432553
91,2605131.4630432553
92,2605131.4630432553
93,2605131.4630432553
94,2604706.3071974665
95,2604706.3071974665
96,2604706.3071974665
97,2604706.3071974665
98,2604706.3071974665
