,0
0,6349658.326111079
1,6167259.9445281355
2,6167259.9445281355
3,6130311.0370911965
4,6061551.83974169
5,5981603.662529424
6,5864680.262449016
7,5769413.293389925
8,5679902.079830048
9,5679902.079830048
10,5679902.079830048
11,5622563.451845831
12,5549322.470323243
13,5543897.012745089
14,5428661.052394662
15,5361679.921043476
16,5356318.314534808
17,5291937.285108702
18,5287424.050125131
19,5176976.5079232855
20,5161269.410757491
21,5161269.410757491
22,5161269.410757491
23,5138829.1500986675
24,5063873.2954474725
25,5063873.2954474725
26,4974455.759536395
27,4974455.759536395
28,4961008.052672095
29,4874723.039727052
30,4874723.039727052
31,4871440.721096594
32,4847018.393369948
33,4728079.751563793
34,4728079.751563793
35,4728079.751563793
36,4728079.751563793
37,4695603.108915347
38,4681160.753414766
39,4655821.60528982
40,4549374.024829296
41,4526195.128765733
42,4526195.128765733
43,4526195.128765733
44,4526195.128765733
45,4526195.128765733
46,4462338.552966158
47,4448158.542865434
48,4400264.067150613
49,4400264.067150613
50,4379212.450019952
51,4267000.097629573
52,4267000.097629573
53,4267000.097629573
54,4219645.206714523
55,4218407.87940124
56,4208748.207231011
57,4170145.197208818
58,4170145.197208818
59,4138164.9170265864
60,4089610.13883095
61,4089610.13883095
62,4089610.13883095
63,4065635.7929737773
64,4040149.980075717
65,4030453.384380876
66,4003038.143639934
67,3997097.3938688
68,3992851.9548375593
69,3977729.758838679
70,3977729.758838679
71,3968790.1113871825
72,3954601.2713916493
73,3944385.8258697144
74,3928128.876887017
75,3923309.9519134774
76,3916415.27691134
77,3911592.9029415348
78,3910158.57912777
79,3890687.8082255446
80,3859018.8712196657
81,3852851.0121345585
82,3852851.0121345585
83,3852851.0121345585
84,3851620.524973191
85,3843885.086204251
86,3838858.4600329823
87,3836726.424200826
88,3830826.1381005025
89,3830826.1381005025
90,3829995.5546372193
91,3827427.3009773265
92,3826918.1278494685
93,3822442.8238995834
94,3810509.528466077
95,3810509.528466077
96,3807297.145789065
97,3807297.145789065
98,3807297.145789065
99,3807297.145789065
100,3807297.145789065
101,3803395.5041585914
102,3803395.5041585914
103,3803395.5041585914
104,3803395.5041585914
105,3803395.5041585914
106,3799280.380335322
107,3799280.380335322
108,3799280.380335322
109,3799280.380335322
110,3799280.380335322
