,0
0,4426159.246988125
1,4326409.327449653
2,4317340.124877969
3,4235952.5973640485
4,4142601.5422605993
5,4103486.7911700783
6,3910378.9705320587
7,3878757.2918899767
8,3864363.733116559
9,3785245.2296169316
10,3770010.169919457
11,3683399.8482084335
12,3641355.724654141
13,3568367.994454481
14,3553311.786168248
15,3435920.4572695307
16,3435920.4572695307
17,3416801.7638197155
18,3339801.712229477
19,3280098.8820256945
20,3278523.636915816
21,3066523.848916671
22,3044568.3163194032
23,3044568.3163194032
24,3025709.7922424288
25,2978140.1726960028
26,2909533.6073204963
27,2792564.4461837336
28,2792564.4461837336
29,2792564.4461837336
30,2792564.4461837336
31,2755188.473038372
32,2734522.130627262
33,2695992.640920303
34,2670931.473304989
35,2588110.8455608496
36,2577910.729688622
37,2577910.729688622
38,2548929.137502289
39,2430934.7633218053
40,2430934.7633218053
41,2430934.7633218053
42,2419678.732252988
43,2383589.7621432557
44,2366288.114360814
45,2346227.0555325327
46,2303583.441542213
47,2303583.441542213
48,2299849.843573783
49,2265703.201964511
50,2251347.674887883
51,2251347.674887883
52,2248990.1061756657
53,2214626.2605766268
54,2214626.2605766268
55,2210603.7428305615
56,2198601.7191010206
57,2194106.6335479124
58,2177275.2471026657
59,2164475.516788571
60,2154742.8726277924
61,2154742.8726277924
62,2149337.4800387826
63,2149337.4800387826
64,2138320.4095186195
65,2135688.644442881
66,2135252.4549617744
67,2132336.060935684
68,2127533.461637821
69,2127533.461637821
70,2121554.06816323
71,2118041.7433893937
72,2118041.7433893937
73,2117138.0319254696
74,2117138.0319254696
75,2117138.0319254696
76,2115666.3525074883
77,2115666.3525074883
78,2115666.3525074883
79,2115666.3525074883
80,2111444.3357830932
81,2107850.836895622
82,2107850.836895622
83,2107850.836895622
84,2107850.836895622
85,2107850.836895622
