,0
0,5719664.933612181
1,5391214.885268866
2,5391214.885268866
3,5344686.600051726
4,5290664.596710282
5,5126553.187605642
6,4887821.220219254
7,4821105.09371219
8,4548530.910101857
9,4548530.910101857
10,4441269.690320837
11,4441269.690320837
12,4331976.1062664995
13,4295251.9932280695
14,4113491.3861136236
15,4063964.955154554
16,4063964.955154554
17,3922866.768101932
18,3789309.1866581915
19,3789309.1866581915
20,3758856.139921607
21,3685608.4550007135
22,3633001.3624053677
23,3601290.6519984044
24,3457554.129158694
25,3420266.9687084826
26,3382539.0590837095
27,3375519.5349451937
28,3277603.6966953673
29,3246148.1736978577
30,3101792.579506015
31,3101792.579506015
32,3101792.579506015
33,3091782.7860824564
34,2995961.301504424
35,2995961.301504424
36,2913464.9329072055
37,2903320.1954007614
38,2896737.5222776136
39,2867238.2566503063
40,2826512.154573986
41,2800955.34038788
42,2800955.34038788
43,2794234.5868498255
44,2766310.505386766
45,2766310.505386766
46,2723293.120271321
47,2721913.3294272707
48,2720882.8711906937
49,2690189.252317194
50,2675459.371846071
51,2658276.9019367015
52,2644590.0020616506
53,2636934.3517394457
54,2617277.6659703935
55,2611394.7422142997
56,2598601.3982635923
57,2579115.7966793035
58,2577524.5871289046
59,2569884.467275454
60,2547927.3442927436
61,2540951.5877660764
62,2522959.1773636444
63,2522768.389948046
64,2505473.2376161856
65,2503736.617989821
66,2500469.8954277434
67,2489259.5196722727
68,2482902.2791866786
69,2467753.620422254
70,2460297.204128987
71,2449545.0126947635
72,2449545.0126947635
73,2449545.0126947635
74,2447497.2386944615
75,2441394.0616607126
76,2431350.625697764
77,2428415.800498087
78,2417082.669119652
79,2415601.703681184
80,2415157.3298453987
81,2403165.4806110933
82,2398277.6688153064
83,2398277.6688153064
84,2398277.6688153064
85,2390347.194829227
86,2389030.1844487675
87,2380911.2369946185
88,2380911.2369946185
89,2380911.2369946185
90,2379727.1154369116
91,2374055.089178673
92,2374055.089178673
93,2372634.6014297367
94,2368744.6204186743
95,2368284.291264467
96,2367396.3680677237
97,2364717.914725108
98,2363134.5865544383
99,2361973.2224727566
100,2361766.536262343
101,2361379.882316518
102,2361379.882316518
103,2360808.509428666
104,2360808.509428666
105,2358359.712378163
106,2358268.93449389
107,2358268.93449389
108,2357614.4663505093
109,2357614.4663505093
110,2356626.975408629
111,2356626.975408629
112,2355942.857368118
113,2355942.857368118
114,2355942.857368118
115,2355942.857368118
116,2355942.857368118
