,0
0,6153534.536614655
1,6153534.536614655
2,6148929.10441609
3,6148929.10441609
4,6074344.2074959045
5,6061511.2188667245
6,5958184.014886619
7,5858486.468312445
8,5858486.468312445
9,5858486.468312445
10,5833261.933518994
11,5719381.8968891455
12,5493950.1429806845
13,5493950.1429806845
14,5493950.1429806845
15,5493950.1429806845
16,5493950.1429806845
17,5373468.514074494
18,5373468.514074494
19,5373468.514074494
20,5373468.514074494
21,5373468.514074494
22,5370196.412686316
23,5297119.237261774
24,5273869.617968098
25,5273869.617968098
26,5188143.50353818
27,5188143.50353818
28,5109407.130795854
29,5053812.20983524
30,5053812.20983524
31,5053812.20983524
32,5009927.787789565
33,5009927.787789565
34,4904488.420347172
35,4904488.420347172
36,4904488.420347172
37,4904488.420347172
38,4836937.155492552
39,4699625.1173847765
40,4699625.1173847765
41,4667413.542477825
42,4667413.542477825
43,4667413.542477825
44,4641971.992369322
45,4611472.132150431
46,4607001.307609299
47,4519345.718728603
48,4519345.718728603
49,4473869.02974646
50,4473869.02974646
51,4473869.02974646
52,4465205.924337844
53,4421894.94065192
54,4394922.583620067
55,4374349.102537732
56,4335708.923971761
57,4335708.923971761
58,4305846.101661805
59,4305846.101661805
60,4293313.992401538
61,4229794.00202463
62,4229794.00202463
63,4229794.00202463
64,4218326.987527724
65,4218326.987527724
66,4189662.81348813
67,4189662.81348813
68,4157094.5213983716
69,4157094.5213983716
70,4157094.5213983716
71,4138344.744753507
72,4138344.744753507
73,4138344.744753507
74,4130750.0692371544
75,4121959.2617630963
76,4121959.2617630963
77,4105622.0157086663
78,4105622.0157086663
79,4105622.0157086663
80,4105622.0157086663
81,4101154.4395293463
82,4101154.4395293463
83,4100509.3391628163
84,4100509.3391628163
85,4100509.3391628163
86,4100509.3391628163
87,4100509.3391628163
