,0
0,4453272.269320204
1,4297428.141852528
2,4249686.4073572485
3,4249686.4073572485
4,4235620.563544484
5,4095990.3117499403
6,3988360.3173430264
7,3963478.6381485956
8,3935548.0898675392
9,3865432.7480378672
10,3650983.975256157
11,3650983.975256157
12,3650983.975256157
13,3644035.6352685387
14,3506818.928798328
15,3366394.195072358
16,3331855.6581894024
17,3317762.1851475113
18,3317762.1851475113
19,3223762.441839593
20,3223762.441839593
21,3215561.509994323
22,3154036.027470538
23,3054413.359234472
24,3032078.54604909
25,2966109.9008257054
26,2936963.7983822413
27,2884151.7273092824
28,2875098.4461612585
29,2801244.9917555335
30,2775146.8572003404
31,2753133.453482494
32,2695721.3059886633
33,2636879.643909091
34,2538094.257582729
35,2538094.257582729
36,2538094.257582729
37,2538094.257582729
38,2524851.060846841
39,2457953.9305180954
40,2457953.9305180954
41,2446952.35120247
42,2422335.6085507222
43,2342251.3198173996
44,2342251.3198173996
45,2320819.9087652112
46,2318873.1208102503
47,2298448.52386769
48,2289139.814092299
49,2256225.3611984006
50,2219378.2659309804
51,2211841.844483012
52,2202343.91218624
53,2202343.91218624
54,2157163.0658062478
55,2156008.495517231
56,2156008.495517231
57,2154912.433663363
58,2142699.494081171
59,2138975.352427651
60,2131421.539648298
61,2125040.8182416963
62,2119381.568581667
63,2119381.568581667
64,2119381.568581667
65,2117239.9963897374
66,2111591.193257489
67,2110189.249195103
68,2107012.8569579
69,2105741.7790275193
70,2104784.6783169108
71,2101814.106507703
72,2099691.8805663963
73,2095721.9820687398
74,2095721.9820687398
75,2093073.680609813
76,2092170.8356016683
77,2088111.190382524
78,2087069.4593507012
79,2085846.602689879
80,2084297.8070995545
81,2082062.603755198
82,2079893.379532268
83,2077487.2918129726
84,2077487.2918129726
85,2076994.7422088545
86,2076668.425056558
87,2076668.425056558
88,2076668.425056558
89,2076668.425056558
90,2076668.425056558
