,0
0,5641262.491165791
1,5559216.385077132
2,5559216.385077132
3,5381306.08352874
4,5342010.367868329
5,5233739.831727364
6,5092459.547137078
7,5029729.231734953
8,4999653.648339137
9,4780235.376486502
10,4780235.376486502
11,4511905.150453326
12,4347954.556985013
13,4347954.556985013
14,4290772.50836265
15,4193432.50199815
16,4117883.7828637958
17,4062882.2496471955
18,4015652.4982030652
19,3988432.343158463
20,3981228.38239765
21,3871164.6068446836
22,3716738.9836063827
23,3632611.754406231
24,3632611.754406231
25,3632611.754406231
26,3476672.085953197
27,3457081.1109047905
28,3457081.1109047905
29,3351922.5082382252
30,3260619.2283113357
31,3260619.2283113357
32,3260619.2283113357
33,3172923.022044854
34,3138159.0606780774
35,3105544.70008341
36,3092704.465655997
37,3082421.25197957
38,3039147.112261099
39,3039147.112261099
40,2998178.07326156
41,2930882.6725958004
42,2930882.6725958004
43,2913835.058869228
44,2871294.5361354095
45,2868247.1648647934
46,2849229.9226263394
47,2828297.189342133
48,2804100.623730118
49,2804100.623730118
50,2804100.623730118
51,2796548.481315623
52,2781618.9479855043
53,2748660.4843875524
54,2748660.4843875524
55,2734671.125590051
56,2682999.0811014134
57,2682999.0811014134
58,2682999.0811014134
59,2653883.6152479695
60,2653883.6152479695
61,2652713.415128104
62,2646802.626095928
63,2643229.086895667
64,2637838.002782381
65,2635330.363977125
66,2629910.094892334
67,2623486.4908434288
68,2619116.906588933
69,2609524.0807623747
70,2609524.0807623747
71,2602808.267117589
72,2602808.267117589
73,2597321.6842891355
74,2590283.0774611286
75,2590283.0774611286
76,2584594.7764008837
77,2580003.9920424223
78,2578804.5075956923
79,2578804.5075956923
80,2578804.5075956923
81,2578804.5075956923
82,2577017.033189074
83,2576521.8364049066
84,2576521.8364049066
85,2560766.778752579
86,2560766.778752579
87,2560766.778752579
88,2560766.778752579
89,2560766.778752579
