,0
0,7008884.647377723
1,6873498.454056422
2,6796896.522420413
3,6638106.99026239
4,6603944.160617142
5,6601257.500121597
6,6370453.169247007
7,6298001.646212026
8,6298001.646212026
9,6244103.438289328
10,6161639.3423543405
11,6159733.108117998
12,5990509.399975756
13,5840922.436833666
14,5840922.436833666
15,5742481.536536454
16,5727198.231265628
17,5509313.02988811
18,5509313.02988811
19,5480627.485397942
20,5377352.510509121
21,5364077.938669256
22,5364077.938669256
23,5248808.7776605105
24,5199028.919601197
25,5151885.450792105
26,5064535.791684211
27,5045063.07111505
28,4972989.770220423
29,4892943.950091287
30,4770062.438309171
31,4770062.438309171
32,4758986.673525144
33,4758986.673525144
34,4696610.256064506
35,4667660.772526504
36,4601103.140217931
37,4534896.566244181
38,4495056.146001186
39,4495056.146001186
40,4446341.532112403
41,4446341.532112403
42,4402928.249861246
43,4402928.249861246
44,4360541.946280786
45,4330022.986418218
46,4297503.75584624
47,4272941.5828529
48,4272941.5828529
49,4272941.5828529
50,4272941.5828529
51,4260289.154598087
52,4246954.770605207
53,4217675.981265821
54,4210793.83586702
55,4183566.849556732
56,4183566.849556732
57,4124069.128824116
58,4124069.128824116
59,4124069.128824116
60,4124069.128824116
61,4110536.873856162
62,4110536.873856162
63,4100320.703405663
64,4081195.966634337
65,4081195.966634337
66,4075885.005551134
67,4055402.0290425266
68,4040749.0517193926
69,4034565.1085744635
70,4034565.1085744635
71,4028397.7456525313
72,4022714.077026132
73,4020102.67877085
74,4017071.9937975165
75,4014191.965431244
76,4011489.65759301
77,4009053.9730566945
78,4005998.9875095766
79,3997887.9565791814
80,3997887.9565791814
81,3997434.480104095
82,3997434.480104095
83,3995573.1127065797
84,3993954.8517929236
85,3993299.8763167756
86,3993004.1750005498
87,3989981.753174894
88,3987283.6856838632
89,3986359.714664369
90,3986359.714664369
91,3986359.714664369
92,3986359.714664369
93,3986359.714664369
