,0
0,4468103.094074403
1,4436264.166003564
2,4255466.190328714
3,4203451.47435186
4,4093111.5043159323
5,4093111.5043159323
6,3933970.883364538
7,3933970.883364538
8,3885313.257250358
9,3837823.801524983
10,3723521.3296060963
11,3701747.322780597
12,3673111.0375320506
13,3624940.0271625402
14,3624940.0271625402
15,3370552.9035754395
16,3370552.9035754395
17,3370552.9035754395
18,3297476.4621910127
19,3240054.029559945
20,3240054.029559945
21,3227188.987880054
22,3208251.90286794
23,3153674.4362210683
24,3137808.8108010767
25,3043710.229973225
26,2960919.5738493823
27,2896525.080403828
28,2870759.6228034883
29,2870519.416648171
30,2834339.6074506207
31,2796454.63012923
32,2685473.460804164
33,2685473.460804164
34,2635160.519965055
35,2622133.035634531
36,2617590.5129962526
37,2538282.5468371636
38,2512777.0415036217
39,2392332.523500336
40,2392332.523500336
41,2392332.523500336
42,2341451.897867673
43,2336540.052795126
44,2329979.475626961
45,2306718.7957662595
46,2276085.65127482
47,2263882.218615946
48,2241208.79508713
49,2165838.6848990144
50,2138495.444275084
51,2138495.444275084
52,2081304.4660195021
53,2081304.4660195021
54,2081304.4660195021
55,2081304.4660195021
56,2074485.5667187872
57,2065627.007519115
58,2065627.007519115
59,2047248.9997562405
60,2032563.0527867137
61,2017497.4310950707
62,2017497.4310950707
63,2012265.448577801
64,1999043.403677639
65,1983980.3781365352
66,1980523.6415286632
67,1980523.6415286632
68,1977155.9438801517
69,1957122.9222970128
70,1957122.9222970128
71,1949487.2492497503
72,1946816.1860224823
73,1928789.401710933
74,1928789.401710933
75,1928789.401710933
76,1920943.24878127
77,1913930.1830417882
78,1907997.9224455915
79,1907997.9224455915
80,1901905.4875963277
81,1901905.4875963277
82,1897722.1097086275
83,1895378.194072617
84,1895255.372775467
85,1889988.4687788673
86,1886456.5996561828
87,1883220.2694370786
88,1883220.2694370786
89,1880810.03649722
90,1879207.3486527419
91,1879207.3486527419
92,1879207.3486527419
93,1878185.0833619274
94,1876732.2979649946
95,1876732.2979649946
96,1874921.293659957
97,1874900.4183249637
98,1874236.2597632182
99,1872649.0692536812
100,1872649.0692536812
101,1871736.7606049953
102,1871472.3155911742
103,1871030.8513732632
104,1871030.8513732632
105,1871030.8513732632
106,1871030.8513732632
107,1871030.8513732632
