,0
0,7005460.063726478
1,6779986.115690298
2,6779986.115690298
3,6727453.524212269
4,6652784.012440374
5,6492513.476457863
6,6332055.733390762
7,6332055.733390762
8,6202076.126137542
9,6175148.435387386
10,6049553.203004673
11,5946745.074631983
12,5820582.118941728
13,5820582.118941728
14,5747014.157531376
15,5661051.392285983
16,5533940.419706134
17,5504963.07000832
18,5379808.948969687
19,5336062.023037508
20,5324953.533104708
21,5093019.338171388
22,5093019.338171388
23,5093019.338171388
24,5040619.238422039
25,4986173.65171483
26,4968829.120481552
27,4858302.175595698
28,4854556.637077921
29,4783173.256695609
30,4669233.312683896
31,4639861.11526864
32,4570664.965857784
33,4567076.9050819585
34,4528295.898897675
35,4498865.679643693
36,4432019.790632614
37,4423205.973691486
38,4406444.123697983
39,4375017.493031608
40,4349263.136972027
41,4328129.160189365
42,4240887.859399437
43,4240887.859399437
44,4214265.396951744
45,4185704.8744038194
46,4175577.7964161746
47,4112111.012695906
48,4090098.7310576215
49,4090098.7310576215
50,4080418.5456711818
51,4030865.8448435366
52,4030865.8448435366
53,4024177.4649398373
54,4011774.4758271147
55,4002505.9203910297
56,3983251.0576132657
57,3979495.6153403465
58,3970854.188765142
59,3966328.45801237
60,3950793.039695033
61,3943321.884138104
62,3929316.192220091
63,3888733.1141003543
64,3888733.1141003543
65,3888733.1141003543
66,3887223.404774513
67,3887223.404774513
68,3875709.6482550926
69,3866090.695445266
70,3866090.695445266
71,3863098.1067356016
72,3850920.3488343074
73,3850920.3488343074
74,3846682.379594345
75,3843231.989411335
76,3843032.975278931
77,3839716.52068269
78,3838373.2867082204
79,3836442.881164674
80,3835099.3806441375
81,3829035.6542872232
82,3825531.522811824
83,3825531.522811824
84,3824879.9923826666
85,3822712.25420522
86,3822712.25420522
87,3822406.623622065
88,3820836.6927209455
89,3819148.6165045346
90,3819148.6165045346
91,3819148.6165045346
92,3819148.6165045346
93,3818792.453494284
94,3818792.453494284
95,3818792.453494284
96,3818792.453494284
97,3817761.3943342357
98,3817761.3943342357
99,3817761.3943342357
100,3817761.3943342357
101,3817761.3943342357
