,0
0,4428325.809888352
1,4428325.809888352
2,4308006.714123156
3,4196100.207185404
4,4196100.207185404
5,4196100.207185404
6,4030564.5622285963
7,4030564.5622285963
8,3850341.329417623
9,3850341.329417623
10,3850341.329417623
11,3753897.7483361787
12,3753897.7483361787
13,3652015.9693201026
14,3652015.9693201026
15,3650011.000065388
16,3619273.3916717977
17,3408345.9727329183
18,3408345.9727329183
19,3408345.9727329183
20,3223590.6149088037
21,3220920.207928051
22,3219207.6894515525
23,3211185.3990867897
24,3104616.4725861996
25,3042061.6878966023
26,2992492.190221521
27,2992492.190221521
28,2960372.053867221
29,2960372.053867221
30,2916685.5160724954
31,2888596.2797359866
32,2842993.5238762735
33,2808343.657066446
34,2774182.2233381914
35,2768835.8050187766
36,2752607.7270791414
37,2689643.727712942
38,2576912.6813946306
39,2576912.6813946306
40,2573247.7032206613
41,2565110.661263361
42,2534767.9209231464
43,2465552.9980499153
44,2457643.3356943224
45,2420605.207591549
46,2402922.3741390794
47,2402922.3741390794
48,2385698.2451016963
49,2372529.5759673505
50,2351231.6838694047
51,2319332.4524630355
52,2314441.956311764
53,2294723.9261121573
54,2265617.263850142
55,2254319.9440627424
56,2249382.502089106
57,2233131.402098814
58,2215834.703790307
59,2213403.6168932538
60,2199258.703822603
61,2180052.399894877
62,2172556.6382875075
63,2172393.6990649817
64,2169331.3044666937
65,2153616.6300247917
66,2137438.964743982
67,2137438.964743982
68,2137438.964743982
69,2125602.4652974624
70,2125602.4652974624
71,2119701.702844678
72,2116408.853765908
73,2116408.853765908
74,2110623.227237978
75,2110623.227237978
76,2110623.227237978
77,2109877.991931847
78,2108408.423047415
79,2108195.833433212
80,2107950.9119901345
81,2107950.9119901345
82,2106594.628407519
83,2106594.628407519
84,2106594.628407519
85,2106594.628407519
86,2106594.628407519
