,0
0,6830528.863082887
1,6830528.863082887
2,6820660.043598921
3,6663661.519955094
4,6531143.824305991
5,6337185.872052339
6,6337185.872052339
7,6337185.872052339
8,6275275.307192833
9,6205345.5103063835
10,5955400.152294899
11,5955400.152294899
12,5955400.152294899
13,5888782.789893578
14,5841837.231329564
15,5801631.51314313
16,5666029.309249923
17,5485541.023187232
18,5448036.97057088
19,5440012.912852644
20,5440012.912852644
21,5286812.828631527
22,5193152.872652869
23,5193152.872652869
24,5193152.872652869
25,5159812.223026502
26,5025475.271853782
27,5025475.271853782
28,4929075.215743105
29,4929075.215743105
30,4880542.920391288
31,4769970.685848792
32,4769970.685848792
33,4765216.420115598
34,4700448.942435179
35,4700448.942435179
36,4670188.155414201
37,4633932.275236337
38,4566914.869783513
39,4557081.747363857
40,4517729.402831922
41,4444817.489963713
42,4444817.489963713
43,4405510.517118009
44,4379537.043840881
45,4372864.889170142
46,4303021.562139941
47,4303021.562139941
48,4292454.231964276
49,4253780.436722998
50,4253780.436722998
51,4228051.89082154
52,4225429.556047838
53,4185817.725342417
54,4168976.8760259026
55,4168976.8760259026
56,4168976.8760259026
57,4163773.1603652523
58,4138106.3912090412
59,4130481.5294146584
60,4112271.511140636
61,4092431.0104396264
62,4077660.992158695
63,4071123.157207959
64,4071123.157207959
65,4043275.2422859278
66,4043275.2422859278
67,4032046.9853414684
68,4026399.429443253
69,4014200.4987808894
70,4005372.5142575125
71,3997644.732677007
72,3997644.732677007
73,3984104.08413164
74,3980813.688243239
75,3980813.688243239
76,3972520.1889775107
77,3972520.1889775107
78,3971457.4899764606
79,3966456.582182556
80,3964114.5140651385
81,3963854.589018781
82,3955023.2604374583
83,3954231.226958213
84,3954231.226958213
85,3949304.430490522
86,3949304.430490522
87,3948958.6851448375
88,3946828.168325729
89,3946828.168325729
90,3946828.168325729
91,3946828.168325729
92,3946482.4229800445
93,3946482.4229800445
94,3946482.4229800445
95,3946482.4229800445
96,3946482.4229800445
