,0
0,6247933.101279072
1,6175888.819625559
2,6069856.088666309
3,6069085.25186776
4,6069085.25186776
5,5951148.875368769
6,5931021.107414007
7,5852169.971666422
8,5792314.0741073135
9,5792314.0741073135
10,5778253.657305994
11,5778253.657305994
12,5740136.429052034
13,5727220.981071092
14,5615603.147756314
15,5522725.034037215
16,5522725.034037215
17,5522725.034037215
18,5456562.62480662
19,5363571.384460286
20,5363571.384460286
21,5363571.384460286
22,5363571.384460286
23,5250502.977422371
24,5250502.977422371
25,5250502.977422371
26,5250502.977422371
27,5185668.871287029
28,5154544.822441176
29,5108490.664490486
30,5090846.576844442
31,5042705.742115395
32,5019486.959379341
33,5019486.959379341
34,4968952.962247726
35,4914283.634807894
36,4914283.634807894
37,4883783.994060882
38,4849002.157774158
39,4838065.462970202
40,4768738.853784396
41,4742743.901727971
42,4616071.710176179
43,4616071.710176179
44,4580966.047654496
45,4577069.251817886
46,4493434.0051038675
47,4493434.0051038675
48,4493434.0051038675
49,4493434.0051038675
50,4437264.118445365
51,4437264.118445365
52,4402701.541431735
53,4391151.736380001
54,4375050.071510932
55,4344025.6022955505
56,4340927.149875726
57,4278998.029983594
58,4278998.029983594
59,4246957.897043097
60,4181984.0011944305
61,4181984.0011944305
62,4181984.0011944305
63,4148288.0575056
64,4123707.036520018
65,4123707.036520018
66,4104860.1699430635
67,4097283.279548064
68,4097283.279548064
69,4035382.5738350525
70,4035382.5738350525
71,4035382.5738350525
72,4035382.5738350525
73,4030502.2825037935
74,4012094.945742351
75,3996361.916860015
76,3991422.28503688
77,3990157.401269441
78,3976210.5932087298
79,3967462.7162875985
80,3937627.7490494344
81,3920496.526667596
82,3920496.526667596
83,3920496.526667596
84,3917796.3931215527
85,3910013.974554348
86,3910013.974554348
87,3910013.974554348
88,3907961.784128627
89,3907961.784128627
90,3903205.258246807
91,3903205.258246807
92,3903205.258246807
93,3902477.906311914
94,3902477.906311914
95,3902477.906311914
96,3902477.906311914
97,3897721.380430094
98,3897721.380430094
99,3897721.380430094
100,3897721.380430094
101,3897721.380430094
