,0
0,6275150.7659999365
1,6146221.540572989
2,6146221.540572989
3,6146221.540572989
4,5981252.922702428
5,5854867.926206969
6,5854867.926206969
7,5854774.682938319
8,5854774.682938319
9,5706874.732566568
10,5706874.732566568
11,5706874.732566568
12,5665542.510609979
13,5544666.91282151
14,5544666.91282151
15,5542292.381600565
16,5457003.660668198
17,5457003.660668198
18,5350971.055063912
19,5350971.055063912
20,5316683.15540747
21,5316683.15540747
22,5226854.106453884
23,5190522.869159245
24,5190522.869159245
25,5163918.627703228
26,5151397.50056692
27,5107216.552066164
28,5032093.294357456
29,4950042.935048625
30,4890397.148032149
31,4890397.148032149
32,4890397.148032149
33,4890397.148032149
34,4787310.914919084
35,4787310.914919084
36,4711692.243301782
37,4635695.194006625
38,4635695.194006625
39,4635695.194006625
40,4635695.194006625
41,4558644.269710532
42,4541277.512435973
43,4529164.311368889
44,4500254.9387605535
45,4500254.9387605535
46,4438202.154987856
47,4438202.154987856
48,4396587.823995058
49,4363689.560333531
50,4335107.062727491
51,4213043.277061526
52,4208583.388174584
53,4125909.5365640805
54,4125909.5365640805
55,4125909.5365640805
56,4082799.668972644
57,4065476.2155546
58,4014339.7597463178
59,4014339.7597463178
60,4014339.7597463178
61,4014339.7597463178
62,3995479.0461292556
63,3933295.0179563058
64,3933295.0179563058
65,3923365.3371222927
66,3843694.5135735725
67,3843694.5135735725
68,3843694.5135735725
69,3842090.7628719383
70,3842090.7628719383
71,3786907.850371664
72,3786907.850371664
73,3756813.5707298415
74,3756813.5707298415
75,3747976.494474142
76,3734987.6711522667
77,3731642.310980493
78,3707907.549422228
79,3707907.549422228
80,3689195.6272935057
81,3689195.6272935057
82,3674894.0482187173
83,3674894.0482187173
84,3669705.8665370415
85,3661925.9022162533
86,3661925.9022162533
87,3658539.5358751095
88,3651223.33889728
89,3649932.1437181556
90,3644969.7550442894
91,3622316.4296060526
92,3615640.394413584
93,3615640.394413584
94,3611552.69142487
95,3611552.69142487
96,3596416.627407326
97,3596416.627407326
98,3596416.627407326
99,3591480.9876772943
100,3591018.8375897272
101,3591018.8375897272
102,3585582.325191355
103,3577541.438212875
104,3577541.438212875
105,3577541.438212875
106,3574143.6498413146
107,3572750.8910526773
108,3571090.2823375203
109,3570547.755886279
110,3570547.755886279
111,3568579.8403792204
112,3567659.6400147667
113,3567659.6400147667
114,3564484.99623967
115,3563488.58934131
116,3563488.58934131
117,3563488.58934131
118,3563488.58934131
119,3563488.58934131
