,0
0,5516960.132049966
1,5489164.4082433125
2,5489164.4082433125
3,5183908.517308472
4,5063281.943175949
5,5013053.792131342
6,4780277.450074813
7,4780277.450074813
8,4777648.991292934
9,4703907.9233667245
10,4588566.761106739
11,4444394.040219772
12,4315364.336101919
13,4212371.912375612
14,4212371.912375612
15,4089763.65721915
16,3895227.9844208197
17,3895227.9844208197
18,3808727.2155773216
19,3716911.018940021
20,3670027.560789065
21,3613322.8005344146
22,3613322.8005344146
23,3579338.0443465016
24,3488913.419040923
25,3376580.7756679836
26,3341952.0253399597
27,3341952.0253399597
28,3300640.8146421826
29,3300640.8146421826
30,3199581.4566122894
31,3161633.546977032
32,3150208.949835714
33,3099486.1768484185
34,3026358.286873911
35,2988931.6255080327
36,2944928.026138395
37,2897492.6214482104
38,2897492.6214482104
39,2897492.6214482104
40,2846331.20199134
41,2836612.3976777033
42,2821757.6510353633
43,2767901.658324521
44,2751296.3317440017
45,2743637.000423883
46,2721346.137385298
47,2709643.4699392896
48,2671659.8681084933
49,2671659.8681084933
50,2671659.8681084933
51,2660174.4838558594
52,2651634.640709511
53,2649326.3332752106
54,2610838.360574449
55,2600247.814338458
56,2588591.6196577623
57,2575269.8690561866
58,2575269.8690561866
59,2539646.448477864
60,2539646.448477864
61,2539646.448477864
62,2539646.448477864
63,2539646.448477864
64,2521250.830230923
65,2521250.830230923
66,2491310.7540329406
67,2491310.7540329406
68,2482823.252990654
69,2482823.252990654
70,2469668.8809295753
71,2469668.8809295753
72,2449645.9518333925
73,2449645.9518333925
74,2442359.9136952218
75,2442359.9136952218
76,2441090.749090563
77,2435261.5123407473
78,2434310.219071285
79,2420722.9819905628
80,2415180.021963114
81,2415180.021963114
82,2415180.021963114
83,2414951.8902296927
84,2409238.6918398156
85,2405012.604971626
86,2400750.4435183643
87,2400750.4435183643
88,2399732.041613219
89,2399732.041613219
90,2399732.041613219
91,2399732.041613219
92,2399732.041613219
93,2397786.0985141494
94,2397357.7649434386
95,2397357.7649434386
96,2395703.387895282
97,2395703.387895282
98,2394331.8858790607
99,2393771.717878845
100,2392400.215862624
101,2392400.215862624
102,2392308.5985600874
103,2392308.5985600874
104,2390937.096543866
105,2390937.096543866
106,2390937.096543866
107,2390937.096543866
108,2390937.096543866
109,2387820.1542725125
110,2387820.1542725125
111,2386357.0349537553
112,2386357.0349537553
113,2386357.0349537553
114,2386357.0349537553
115,2386357.0349537553
