,0
0,5684422.125476432
1,5558334.309840202
2,5349357.572993905
3,5349357.572993905
4,5165371.468722033
5,5112710.162082799
6,4850023.9631044045
7,4850023.9631044045
8,4562732.000899163
9,4562732.000899163
10,4545546.785855101
11,4545546.785855101
12,4507232.873065269
13,4062196.8293572045
14,4062196.8293572045
15,4062196.8293572045
16,4015150.1039708424
17,4015150.1039708424
18,3856406.910229723
19,3856406.910229723
20,3856406.910229723
21,3752511.0305553353
22,3669330.6707329126
23,3663268.3999126614
24,3658787.302175582
25,3567406.038244251
26,3507956.5205718903
27,3406000.8489552666
28,3318855.0923070954
29,3225678.5902142576
30,3225678.5902142576
31,3173917.3817369477
32,3099935.743790136
33,3099935.743790136
34,3099935.743790136
35,3051803.1012814688
36,3051803.1012814688
37,3005468.4278980535
38,2978506.9235397945
39,2892136.9238982196
40,2892136.9238982196
41,2870237.3496714416
42,2820494.9660441703
43,2820494.9660441703
44,2820494.9660441703
45,2789876.723352406
46,2785025.732671851
47,2785025.732671851
48,2759184.014181306
49,2750235.8614868703
50,2739408.4674634663
51,2709957.4922452713
52,2709957.4922452713
53,2709957.4922452713
54,2707795.872212507
55,2689730.361011509
56,2678137.6382482178
57,2671281.46359432
58,2639880.242000113
59,2629801.7809235486
60,2626234.270822502
61,2619921.0818693405
62,2605057.2765807863
63,2600005.782082826
64,2600005.782082826
65,2597993.5568247964
66,2594733.1334106657
67,2585447.121510971
68,2581587.320824411
69,2574048.6638987223
70,2567355.3744083587
71,2567355.3744083587
72,2566456.237835603
73,2560385.819916712
74,2558478.965934013
75,2557365.8939914233
76,2556734.493863787
77,2554775.712436951
78,2554775.712436951
79,2550525.9018487753
80,2550525.9018487753
81,2545010.890498738
82,2545010.890498738
83,2544224.74921353
84,2544224.74921353
85,2542480.2771433042
86,2542480.2771433042
87,2542480.2771433042
88,2542454.498866171
89,2542454.498866171
90,2541394.1920517776
91,2541394.1920517776
92,2541394.1920517776
93,2541394.1920517776
94,2541394.1920517776
