,0
0,4978208.08404462
1,4929144.199186838
2,4709342.040356181
3,4571548.871356729
4,4557742.9151825635
5,4468535.119029674
6,4385266.752682394
7,4334324.28647429
8,4216454.151006828
9,4109724.4338272796
10,4109724.4338272796
11,3979367.9813373093
12,3924091.856770699
13,3851081.8274069084
14,3851081.8274069084
15,3648611.5163423456
16,3648611.5163423456
17,3648611.5163423456
18,3588372.7735541966
19,3535036.4010853097
20,3460029.0131757595
21,3374596.5985712903
22,3334627.2442096323
23,3334627.2442096323
24,3269818.8115631803
25,3191175.292807693
26,3191175.292807693
27,3145036.7782827755
28,3083866.5680019874
29,3069475.3469048655
30,2959371.587226734
31,2959371.587226734
32,2959371.587226734
33,2959371.587226734
34,2913855.7081154175
35,2865711.5155085474
36,2826712.1488353605
37,2826712.1488353605
38,2826712.1488353605
39,2795642.5400153436
40,2741133.6823884984
41,2707006.557964626
42,2707006.557964626
43,2645402.741455125
44,2645402.741455125
45,2645402.741455125
46,2626216.6733598085
47,2626216.6733598085
48,2619384.549932209
49,2590853.8880042457
50,2558400.951941303
51,2524619.208235683
52,2517383.3010146515
53,2501609.9243874326
54,2484651.217804811
55,2473575.6453676033
56,2473575.6453676033
57,2461548.770541297
58,2445703.437301019
59,2445703.437301019
60,2425637.49779112
61,2425620.6168544213
62,2403770.7483916087
63,2382645.7522616205
64,2382645.7522616205
65,2372537.3923357097
66,2352667.0179050732
67,2347033.5906141256
68,2347033.5906141256
69,2333666.717075978
70,2333666.717075978
71,2317912.0017074593
72,2315801.8547733533
73,2314001.483871038
74,2310435.811779759
75,2304500.0213534622
76,2300060.969920937
77,2295720.2796942843
78,2294254.2691307245
79,2291939.1747673536
80,2285489.7949888958
81,2284612.5281283
82,2281468.238975575
83,2277059.988698103
84,2274330.029163928
85,2274108.5305395303
86,2274108.5305395303
87,2272340.4780794163
88,2267236.8694490935
89,2267236.8694490935
90,2265272.720438133
91,2265272.720438133
92,2265004.1935336464
93,2262869.620347286
94,2262869.620347286
95,2262869.620347286
96,2262709.003372607
97,2262601.0934427995
98,2262440.4764681202
99,2262440.4764681202
100,2262440.4764681202
101,2262440.4764681202
102,2262440.4764681202
