,0
0,5661404.2825836595
1,5464065.047949346
2,5431124.068473301
3,5196513.396990285
4,5196513.396990285
5,5107853.279411584
6,4966408.085232089
7,4936324.88522459
8,4887680.670435446
9,4700795.68784167
10,4632200.261693401
11,4489895.444305112
12,4290837.80822547
13,4290837.80822547
14,4281218.333347588
15,4072210.5162930996
16,4072210.5162930996
17,3942729.1477849805
18,3935256.816840853
19,3754333.386714886
20,3754333.386714886
21,3668183.39707507
22,3668183.39707507
23,3612545.2167937523
24,3542963.6941841017
25,3482745.793969491
26,3482745.793969491
27,3400891.3027562164
28,3336973.5117135323
29,3294611.8314204635
30,3260537.555227653
31,3231579.4943181532
32,3210430.798766785
33,3074909.842226272
34,3074909.842226272
35,3074909.842226272
36,3012555.9824352446
37,2930759.034666294
38,2904052.4677721607
39,2904052.4677721607
40,2904052.4677721607
41,2898946.085396024
42,2898554.5637293654
43,2832972.1656887913
44,2827481.94536749
45,2804516.7938007847
46,2796136.082160943
47,2757533.8316686647
48,2756717.798681378
49,2739698.6015204466
50,2729362.3468347555
51,2729362.3468347555
52,2711087.1920783278
53,2705815.7063615443
54,2682785.6134817037
55,2656173.778488213
56,2656173.778488213
57,2656173.778488213
58,2618434.021078964
59,2618434.021078964
60,2611913.836952685
61,2611913.836952685
62,2607147.152687582
63,2597178.2307910123
64,2588366.5170880095
65,2583430.8026619772
66,2582755.6081469567
67,2567206.272797241
68,2567206.272797241
69,2561832.7824020213
70,2558605.421605272
71,2546942.8625781373
72,2537114.378797931
73,2537114.378797931
74,2537114.378797931
75,2535316.917119532
76,2535316.917119532
77,2531314.9477557023
78,2529049.5389994993
79,2522518.9733261303
80,2514886.3429300636
81,2513539.562595908
82,2513539.562595908
83,2511603.517238353
84,2511603.517238353
85,2507702.5869565606
86,2507702.5869565606
87,2502384.2813971248
88,2499076.6729381434
89,2498805.980568277
90,2496982.7551468257
91,2493672.3821251784
92,2492512.0660826718
93,2492512.0660826718
94,2490261.7098365
95,2489488.4083087533
96,2486024.547899536
97,2485103.590514714
98,2482396.607593521
99,2482396.607593521
100,2482067.870477149
101,2482067.870477149
102,2482067.870477149
103,2482067.870477149
104,2481087.8450597385
105,2481029.715231402
106,2481029.715231402
107,2481029.715231402
108,2480877.7154731858
109,2480877.7154731858
110,2480173.132984221
111,2479950.3345956635
112,2479950.3345956635
113,2477634.306717852
114,2477634.306717852
115,2477634.306717852
116,2477348.153459813
117,2476596.1514721047
118,2475405.9964681417
119,2474391.929174296
120,2474391.929174296
121,2473729.537556791
122,2472814.8254812732
123,2472814.8254812732
124,2472814.8254812732
125,2472814.8254812732
126,2472814.8254812732
