,0
0,6182769.540404741
1,6182769.540404741
2,6100391.638615967
3,6067619.136331519
4,5921632.60885803
5,5921632.60885803
6,5921632.60885803
7,5799950.462356378
8,5799950.462356378
9,5745200.630951217
10,5745200.630951217
11,5674255.869850948
12,5674255.869850948
13,5574575.073449296
14,5574575.073449296
15,5538054.687905844
16,5450503.22308202
17,5450503.22308202
18,5450503.22308202
19,5426072.623128476
20,5426072.623128476
21,5272083.966928241
22,5250083.089192015
23,5250083.089192015
24,5244515.993077017
25,5123412.249861692
26,5123412.249861692
27,5123412.249861692
28,5050793.078434022
29,5050793.078434022
30,5050793.078434022
31,5022908.957981283
32,5022908.957981283
33,5022908.957981283
34,5022908.957981283
35,5022908.957981283
