,0
0,6241098.79760182
1,6233108.876841682
2,6141788.300340872
3,6115051.223113861
4,6115051.223113861
5,5994539.957704994
6,5994539.957704994
7,5960702.881427127
8,5831154.486839032
9,5831154.486839032
10,5782198.090623794
11,5719623.552497925
12,5643974.872640782
13,5568366.732031657
14,5568366.732031657
15,5568366.732031657
16,5560685.483910795
17,5560001.77504457
18,5485592.596874508
19,5485592.596874508
20,5443465.896548668
21,5375789.5835837815
22,5308333.941333645
23,5303896.184488079
24,5303896.184488079
25,5277208.444452962
26,5218911.340697032
27,5218911.340697032
28,5171418.224575874
29,5171418.224575874
30,5171418.224575874
31,5171418.224575874
32,5148971.80924037
33,5099442.486210634
34,5077814.924353362
35,5029101.150497116
36,5022174.181607047
37,5002567.359944252
38,4986078.485985087
39,4983053.150364825
40,4928435.82771392
41,4928435.82771392
42,4928435.82771392
43,4859776.492990456
44,4785837.691023174
45,4758439.512455345
46,4758439.512455345
47,4748424.484540568
48,4748424.484540568
49,4658233.678915339
50,4658233.678915339
51,4640077.914119252
52,4640077.914119252
53,4640077.914119252
54,4394677.272173896
55,4394677.272173896
56,4394677.272173896
57,4394677.272173896
58,4394677.272173896
