,0
0,5546841.024264225
1,5494035.306498922
2,5035546.718421268
3,5035546.718421268
4,5035546.718421268
5,5035546.718421268
6,5002674.208841371
7,4733957.413128067
8,4703315.746222154
9,4470129.359421216
10,4470129.359421216
11,4437961.753918958
12,4318667.551773871
13,4218958.022720605
14,4153575.4714148254
15,3857106.8563878895
16,3857106.8563878895
17,3857106.8563878895
18,3841119.7072079494
19,3841119.7072079494
20,3841119.7072079494
21,3741179.4993662257
22,3561812.5118282633
23,3514229.046098404
24,3514229.046098404
25,3460517.586977958
26,3335671.016202934
27,3335671.016202934
28,3279879.760502378
29,3279879.760502378
30,3242153.8875046307
31,3192430.170573331
32,3192430.170573331
33,3140064.149383898
34,3038853.6545803742
35,3016983.477030484
36,3003076.3665343635
37,2944835.1857096697
38,2912194.795074827
39,2851513.773289874
40,2851513.773289874
41,2851513.773289874
42,2795261.123275197
43,2795261.123275197
44,2754645.9031775133
45,2754645.9031775133
46,2746066.751872598
47,2724726.058227441
48,2724726.058227441
49,2705510.2092001187
50,2664407.278679819
51,2640233.417503565
52,2633214.3860273943
53,2633214.3860273943
54,2615185.2978324173
55,2615185.2978324173
56,2574923.1251921477
57,2567573.9916345896
58,2567573.9916345896
59,2559773.2849150514
60,2554278.357278246
61,2543463.594558399
62,2536280.760041665
63,2523643.8542232076
64,2518373.2157362686
65,2494593.32686185
66,2494593.32686185
67,2486419.6807409897
68,2486419.6807409897
69,2481427.400053927
70,2467778.7186245993
71,2460121.492821312
72,2443921.0798828397
73,2443921.0798828397
74,2443921.0798828397
75,2442068.90042649
76,2441763.985162419
77,2437016.3156128367
78,2431676.614681926
79,2422482.561545222
80,2419368.918739548
81,2419368.918739548
82,2414655.979833271
83,2411079.979853789
84,2409780.4882074296
85,2406510.9076270754
86,2397738.4386519375
87,2397738.4386519375
88,2394880.27866361
89,2389177.978866394
90,2389177.978866394
91,2383803.509670557
92,2383515.840154815
93,2382591.6522227074
94,2381821.217712545
95,2378888.824739954
96,2378016.7834408246
97,2376981.9798993673
98,2376981.9798993673
99,2375294.418172624
100,2373986.2980467137
101,2372359.518683934
102,2371987.450651597
103,2371987.450651597
104,2370276.1475513373
105,2370276.1475513373
106,2367949.625520282
107,2367949.625520282
108,2367949.625520282
109,2367949.625520282
110,2367949.625520282
111,2367252.376598184
112,2367252.376598184
113,2367252.376598184
114,2367252.376598184
115,2367243.7850911953
116,2367243.7850911953
117,2367227.383454883
118,2367227.383454883
119,2367227.383454883
120,2367227.383454883
121,2367227.383454883
