,0
0,6954297.727009411
1,6894999.143172195
2,6731496.79411347
3,6602793.289387175
4,6602793.289387175
5,6602793.289387175
6,6492497.514465554
7,6368669.177294639
8,6284545.591492475
9,6169056.226248551
10,6049485.46880194
11,6049485.46880194
12,6049485.46880194
13,5935588.3196564615
14,5761953.182855163
15,5734073.607991343
16,5648144.843801144
17,5415056.220641333
18,5396780.680066975
19,5338566.440107416
20,5297188.13031173
21,5107340.971621524
22,5107340.971621524
23,5030491.529920976
24,5030491.529920976
25,5030491.529920976
26,4947707.185039124
27,4847641.475276563
28,4837317.442848055
29,4735378.073395008
30,4735378.073395008
31,4714893.087277481
32,4625922.271599768
33,4625922.271599768
34,4504962.633949972
35,4461229.852189911
36,4461229.852189911
37,4461229.852189911
38,4374745.282617962
39,4374745.282617962
40,4314195.378945833
41,4314195.378945833
42,4314195.378945833
43,4288450.0818699645
44,4261913.064662022
45,4230363.522604234
46,4216314.642159252
47,4204867.726947494
48,4178549.8276025946
49,4178549.8276025946
50,4176126.6425354155
51,4163187.796760127
52,4163187.796760127
53,4137162.264223563
54,4131062.3392103943
55,4131062.3392103943
56,4116763.944258357
57,4103226.358344787
58,4103226.358344787
59,4102632.3828438604
60,4097265.771405617
61,4091977.9672908396
62,4091619.5749596613
63,4089498.7003944
64,4084406.098355775
65,4083648.3855909742
66,4054796.7712220717
67,4054796.7712220717
68,4054796.7712220717
69,4054796.7712220717
70,4049690.351471762
71,4048295.6772951144
72,4046227.2358725457
73,4046227.2358725457
74,4039873.6932675373
75,4039873.6932675373
76,4037526.0374449906
77,4037526.0374449906
78,4037376.453577763
79,4035759.7084354656
80,4035759.7084354656
81,4035759.7084354656
82,4035759.7084354656
83,4035759.7084354656
