,0
0,4802313.10653429
1,4802313.10653429
2,4745025.431176335
3,4582839.020522204
4,4582839.020522204
5,4538896.3331880495
6,4399448.951936724
7,4353244.065103645
8,4066146.1342560975
9,4066146.1342560975
10,3938971.4227381004
11,3938971.4227381004
12,3938971.4227381004
13,3896021.728206387
14,3753949.7105284464
15,3687023.959728887
16,3625771.8945682338
17,3482590.5622333684
18,3482590.5622333684
19,3482590.5622333684
20,3444387.269826092
21,3422945.613677898
22,3274118.788367823
23,3274118.788367823
24,3219213.270386376
25,3147702.3813958126
26,3147702.3813958126
27,3082453.581456261
28,3082453.581456261
29,3082453.581456261
30,3015696.3636132395
31,2983955.6547593744
32,2983955.6547593744
33,2942163.5597368595
34,2870506.3709801203
35,2835423.749876075
36,2806034.8933594376
37,2806034.8933594376
38,2773333.199403312
39,2772529.05860059
40,2712216.859606913
41,2701618.292277616
42,2676306.6693013115
43,2664035.7439588555
44,2627006.2940224926
45,2596202.69492658
46,2572242.662873552
47,2561353.3424308496
48,2556407.4917595442
49,2547663.4358947775
50,2533930.0883755246
51,2512774.0003548833
52,2507736.1027572
53,2490966.774905001
54,2472596.560429611
55,2471550.371874579
56,2455969.0733282436
57,2443909.526847396
58,2416014.9673384577
59,2398267.008395726
60,2398267.008395726
61,2398267.008395726
62,2398267.008395726
63,2391026.7314022603
64,2391026.7314022603
65,2377320.597936662
66,2377320.597936662
67,2376832.130401985
68,2366501.3013743474
69,2359693.362428497
70,2359693.362428497
71,2358588.461703429
72,2354735.3491298477
73,2350947.6393400957
74,2350171.973540919
75,2343393.244702568
76,2341475.017366036
77,2341475.017366036
78,2341475.017366036
79,2340245.9630684936
80,2339878.1836920874
81,2336219.851208803
82,2336219.851208803
83,2335200.831266753
84,2331139.0979483593
85,2331139.0979483593
86,2331139.0979483593
87,2329368.515143416
88,2329368.515143416
89,2327231.2364413855
90,2326838.583021591
91,2326593.171675661
92,2326593.171675661
93,2326593.171675661
94,2325574.1517336112
95,2324261.589024007
96,2323965.439139264
97,2322970.610819031
98,2322970.610819031
99,2322970.610819031
100,2322970.610819031
101,2322970.610819031
