,0
0,5561354.5225200085
1,5519691.168865949
2,5471209.545660837
3,5434946.722256608
4,5110597.318981771
5,4905851.890640119
6,4905851.890640119
7,4783926.905588158
8,4695543.090477125
9,4525118.616217681
10,4525118.616217681
11,4359345.056456683
12,4212115.658183668
13,4212115.658183668
14,4137098.5995419086
15,4137098.5995419086
16,3991218.6593802036
17,3991218.6593802036
18,3752297.3975672587
19,3752297.3975672587
20,3752297.3975672587
21,3618762.320700494
22,3618762.320700494
23,3577152.7223675894
24,3432466.9341285024
25,3432466.9341285024
26,3345410.5279851803
27,3290474.24966931
28,3257384.700810863
29,3202935.013325988
30,3134456.0015694248
31,3125770.277858865
32,3092639.487816498
33,3019554.819612672
34,2989672.286447572
35,2939150.5079905405
36,2936330.239695325
37,2880694.433644485
38,2866734.400193809
39,2866734.400193809
40,2828086.384253441
41,2828086.384253441
42,2798552.6768163806
43,2790571.5604976816
44,2785706.8776285816
45,2779395.640180988
46,2720964.9048406114
47,2720964.9048406114
48,2720964.9048406114
49,2720964.9048406114
50,2711953.562410228
51,2687116.880405436
52,2678677.687516867
53,2674225.792250202
54,2674225.792250202
55,2665369.6793283666
56,2665369.6793283666
57,2660577.4268650315
58,2658190.597317068
59,2651615.680375166
60,2651615.680375166
61,2651270.5269945934
62,2637255.6962483535
63,2637255.6962483535
64,2631819.7651359616
65,2631819.7651359616
66,2630684.7079221597
67,2622264.812352078
68,2622264.812352078
69,2622264.812352078
70,2618198.2762769065
71,2618198.2762769065
72,2617820.7317446023
73,2616287.3210598063
74,2615930.2236589096
75,2610378.5137144625
76,2609621.0010329653
77,2609078.211202618
78,2608488.00562877
79,2598959.262455577
80,2598959.262455577
81,2598959.262455577
82,2598959.262455577
83,2598959.262455577
