,0
0,6323203.826563273
1,6267120.828619414
2,6170260.848148875
3,6068710.163040687
4,5984938.387809479
5,5984938.387809479
6,5984938.387809479
7,5757894.986416737
8,5757894.986416737
9,5666104.339209707
10,5666104.339209707
11,5666104.339209707
12,5666104.339209707
13,5642119.441260894
14,5628985.2548031965
15,5585478.162393682
16,5526849.718046049
17,5447878.720660179
18,5429843.786915599
19,5429843.786915599
20,5402480.061356077
21,5402480.061356077
22,5218921.188905348
23,5213814.407174824
24,5213814.407174824
25,5213814.407174824
26,5213814.407174824
27,5184034.126205469
28,5184034.126205469
29,5125827.5994798895
30,5101826.97196405
31,5042616.839573635
32,5000096.903934051
33,5000096.903934051
34,5000096.903934051
35,5000096.903934051
36,4963614.3599524805
37,4890406.555390198
38,4890406.555390198
39,4890406.555390198
40,4890406.555390198
41,4883015.149337257
42,4873078.335315607
43,4804510.989839241
44,4784220.959416431
45,4772990.459147481
46,4758076.840447528
47,4758076.840447528
48,4747917.657525069
49,4636023.494040299
50,4636023.494040299
51,4604212.719578969
52,4604212.719578969
53,4604212.719578969
54,4604212.719578969
55,4538273.34995532
56,4538273.34995532
57,4538273.34995532
58,4538273.34995532
59,4538273.34995532
60,4508890.999890665
61,4481908.800520421
62,4481908.800520421
63,4481908.800520421
64,4442787.730891205
65,4442787.730891205
66,4442787.730891205
67,4415826.014196422
68,4386026.2458145805
69,4315285.273444098
70,4315285.273444098
71,4315285.273444098
72,4313859.047576178
73,4313859.047576178
74,4288421.382155312
75,4285757.806174721
76,4269058.435883735
77,4253970.757356344
78,4208537.564969671
79,4194295.4934859136
80,4194295.4934859136
81,4152836.594603909
82,4112324.138245427
83,4106102.3995239735
84,4106102.3995239735
85,4065516.175623834
86,4035474.1850096514
87,4027652.660419253
88,4027652.660419253
89,4015310.162273827
90,4015310.162273827
91,3979134.184319994
92,3963516.6999437036
93,3963516.6999437036
94,3913341.390980895
95,3913341.390980895
96,3885645.895070432
97,3885645.895070432
98,3877659.4282428715
99,3873697.6000517006
100,3857174.3208696702
101,3846158.2185459896
102,3822718.607761511
103,3784540.598152585
104,3784540.598152585
105,3784540.598152585
106,3779615.0395865706
107,3759011.643462837
108,3754183.127357086
109,3754183.127357086
110,3747124.3333801604
111,3740625.7270118566
112,3713733.5618132204
113,3698973.874320404
114,3698973.874320404
115,3698973.874320404
116,3698973.874320404
117,3679143.002852423
118,3677579.9514943417
119,3676447.5717176204
120,3670634.542831762
121,3656063.5738820485
122,3654956.0733802333
123,3648516.8356198138
124,3646913.8727558414
125,3646913.8727558414
126,3641164.271054176
127,3641164.271054176
128,3636277.7321836306
129,3636277.7321836306
130,3635725.5336015774
131,3632777.840885792
132,3630497.61814941
133,3630497.61814941
134,3630497.61814941
135,3630497.61814941
136,3630497.61814941
