,0
0,6824217.155001863
1,6824217.155001863
2,6717632.154895884
3,6550915.417501004
4,6550915.417501004
5,6478962.316240206
6,6460957.589948713
7,6294627.246505349
8,6225370.20364749
9,6073064.553454248
10,6018665.277580744
11,6006539.246507492
12,5859194.815498621
13,5763512.931718824
14,5743486.179792076
15,5634868.216065298
16,5634868.216065298
17,5518981.794945963
18,5450481.966064782
19,5360449.467643895
20,5360449.467643895
21,5138732.658889452
22,5138732.658889452
23,5138732.658889452
24,5044385.339602451
25,5007093.617554258
26,4897751.366594384
27,4897751.366594384
28,4750709.166672814
29,4750709.166672814
30,4695806.187559818
31,4652428.634995237
32,4652428.634995237
33,4641812.239259909
34,4572492.395520313
35,4534599.488560357
36,4534599.488560357
37,4481821.438953559
38,4454003.343352715
39,4369604.161218331
40,4369604.161218331
41,4362854.4056354705
42,4261086.5919661885
43,4214583.0812995285
44,4214583.0812995285
45,4214583.0812995285
46,4214583.0812995285
47,4209148.428476441
48,4208342.484409728
49,4173644.514844559
50,4160789.316823858
51,4110876.2599829743
52,4110876.2599829743
53,4110876.2599829743
54,4110876.2599829743
55,4094672.2834608248
56,4090352.775005018
57,4078470.4932942474
58,4077704.1114511346
59,4056082.5614367845
60,4053429.500182742
61,4040790.425525822
62,4040335.6608043467
63,4011515.3290618877
64,4011515.3290618877
65,4003912.269016675
66,4003912.269016675
67,4002896.6046715495
68,3989989.4179562605
69,3984890.992023222
70,3975306.539325421
71,3971417.0941579924
72,3971417.0941579924
73,3952032.9528190205
74,3952032.9528190205
75,3952032.9528190205
76,3944517.2754109185
77,3944517.2754109185
78,3944517.2754109185
79,3944454.49501699
80,3941884.713427064
81,3939938.826352347
82,3938951.4438788574
83,3938951.4438788574
84,3936764.2924435325
85,3936764.2924435325
86,3936764.2924435325
87,3934249.6635038266
88,3932864.748465035
89,3932621.750761617
90,3931643.922025501
91,3930350.1195253283
92,3929828.1642300924
93,3929828.1642300924
94,3929147.190914016
95,3929147.190914016
96,3929147.190914016
97,3929147.190914016
98,3929147.190914016
