,0
0,4892916.004488066
1,4799002.698226502
2,4777656.239396241
3,4556594.517453878
4,4369068.969041368
5,4331258.977455405
6,4291485.568430363
7,4265930.246778104
8,4220014.681886933
9,4101566.7970117605
10,3991543.9696601075
11,3962160.9485779335
12,3794147.607213099
13,3786252.95611075
14,3746202.1853749165
15,3683572.197986229
16,3558437.992094665
17,3534290.392590524
18,3533060.9009229643
19,3407350.9099450153
20,3398958.9626874295
21,3307341.7807808197
22,3288939.8318618927
23,3214175.095185355
24,3214175.095185355
25,3168265.915953212
26,3115407.9976466787
27,3054091.6045758063
28,3021833.0904465374
29,3021833.0904465374
30,3017541.53608999
31,2971519.1114494926
32,2949973.2819994166
33,2934491.625891978
34,2927101.596872058
35,2802750.889275075
36,2802750.889275075
37,2763170.7972809523
38,2756837.6089545046
39,2755715.412815771
40,2751086.9218472694
41,2735300.3378802603
42,2683828.1777419923
43,2674855.3189938227
44,2660788.7585587157
45,2640509.3668554034
46,2610772.7578591416
47,2610772.7578591416
48,2551298.5742591554
49,2539186.606395972
50,2511768.289973057
51,2494268.123324188
52,2493403.563254315
53,2483000.6235238314
54,2450975.230702526
55,2450975.230702526
56,2430741.867096687
57,2430741.867096687
58,2406810.9717246094
59,2396201.385923665
60,2389180.8880577222
61,2377518.9653020278
62,2375730.6527929096
63,2360079.421600694
64,2360079.421600694
65,2348264.1864967984
66,2348264.1864967984
67,2341918.0360568245
68,2341658.098196124
69,2326495.888398548
70,2323594.7891940363
71,2313351.843832858
72,2313351.843832858
73,2304149.401354344
74,2304149.401354344
75,2284714.792517462
76,2279386.7750486094
77,2279386.7750486094
78,2275681.05237881
79,2264993.887116043
80,2264993.887116043
81,2264076.414387744
82,2252858.5876356056
83,2240240.881219581
84,2234662.0873106755
85,2233740.419378206
86,2225055.440348518
87,2225055.440348518
88,2224147.9156012223
89,2220687.321062523
90,2211685.8395014834
91,2211685.8395014834
92,2209657.0366573595
93,2209657.0366573595
94,2207242.0084642186
95,2207242.0084642186
96,2202893.697326083
97,2201204.2814005655
98,2201204.2814005655
99,2199175.4785564416
100,2199175.4785564416
101,2198230.670209046
102,2198230.670209046
103,2198230.670209046
104,2197239.461070444
105,2197239.461070444
106,2195875.956254924
107,2195875.956254924
108,2195875.956254924
109,2195875.956254924
110,2195875.956254924
