,0
0,4818763.252610231
1,4818763.252610231
2,4750069.313301246
3,4517410.706627759
4,4517410.706627759
5,4358419.246058202
6,4222700.890626046
7,4222700.890626046
8,4188466.8533098847
9,3942251.9837153573
10,3942251.9837153573
11,3833387.1887034415
12,3665403.828167818
13,3665403.828167818
14,3665403.828167818
15,3593470.4993861597
16,3593470.4993861597
17,3585761.6146218064
18,3500820.5280522
19,3296762.3621213855
20,3296762.3621213855
21,3296762.3621213855
22,3296762.3621213855
23,3139440.5229093204
24,3139440.5229093204
25,3139440.5229093204
26,3139440.5229093204
27,3139440.5229093204
28,3096627.5405248553
29,3066759.267035247
30,2990545.3708586637
31,2990545.3708586637
32,2952039.8616692056
33,2926052.191452566
34,2906729.3600419285
35,2893892.91154986
36,2857428.171209522
37,2857428.171209522
38,2776022.1533304444
39,2759227.5519046336
40,2759227.5519046336
41,2759227.5519046336
42,2714311.6152590755
43,2697150.31750567
44,2697150.31750567
45,2697150.31750567
46,2664462.5879541854
47,2664462.5879541854
48,2650071.62357504
49,2641274.7459848104
50,2607217.759979312
51,2607217.759979312
52,2605467.288919188
53,2549981.289896336
54,2549981.289896336
55,2549981.289896336
56,2549981.289896336
57,2531721.400250278
58,2501560.1787472838
59,2501560.1787472838
60,2501560.1787472838
61,2485119.3594313716
62,2485119.3594313716
63,2470634.0452945805
64,2470634.0452945805
65,2463209.246786086
66,2463209.246786086
67,2453886.3096715026
68,2451705.408073644
69,2449714.4401309714
70,2449714.4401309714
71,2439299.162208092
72,2439299.162208092
73,2439299.162208092
74,2439299.162208092
75,2435380.9417631975
76,2435328.776219467
77,2430501.855421056
78,2426284.275058268
79,2426284.275058268
80,2424057.6626381534
81,2421331.6337744407
82,2417413.413329546
83,2417413.413329546
84,2414375.425513009
85,2414375.425513009
86,2412148.813092894
87,2412148.813092894
88,2412148.813092894
89,2412148.813092894
90,2412148.813092894
