,0
0,4909853.621098699
1,4826153.4923086325
2,4664370.015340932
3,4582830.156220326
4,4460979.257163219
5,4420652.491437108
6,4338325.450566165
7,4241212.806916925
8,4020894.292431717
9,4020894.292431717
10,3986601.044874615
11,3911377.987629486
12,3879874.6605056142
13,3797928.3355655093
14,3740040.2822996224
15,3725893.6145727974
16,3587915.032482441
17,3514389.880179557
18,3514389.880179557
19,3435770.9858057257
20,3345360.361715099
21,3320404.778831346
22,3251747.6760888626
23,3180345.9595655305
24,3076727.532215446
25,3076727.532215446
26,2956978.786517377
27,2945884.876798098
28,2945884.876798098
29,2945884.876798098
30,2889349.5489228093
31,2889349.5489228093
32,2851621.1115746438
33,2815378.2394017386
34,2794133.0342892963
35,2783224.363980926
36,2740303.9786807606
37,2740303.9786807606
38,2694095.8166212933
39,2691998.044930377
40,2654513.758420863
41,2629927.6125821155
42,2608262.0894483146
43,2578984.2504561264
44,2578984.2504561264
45,2578289.150504659
46,2545888.195386894
47,2507739.2318436382
48,2494672.6505793007
49,2492982.3391536954
50,2492982.3391536954
51,2461269.0909931264
52,2461269.0909931264
53,2449621.5816410747
54,2448805.881006254
55,2442479.1586105214
56,2423486.9735395024
57,2423486.9735395024
58,2423486.9735395024
59,2395728.6073506004
60,2395728.6073506004
61,2395728.6073506004
62,2395728.6073506004
63,2395728.6073506004
