,0
0,4794827.817555733
1,4766025.109358662
2,4496287.981014285
3,4494362.815030573
4,4397154.136602213
5,4341517.14255041
6,4272106.344919368
7,4206465.154200707
8,4170694.5423383648
9,4104262.779751439
10,3879516.4983763616
11,3879516.4983763616
12,3766480.5906450595
13,3699488.1258432237
14,3665961.354910008
15,3616568.142695827
16,3440548.8359131934
17,3440548.8359131934
18,3385287.9759929627
19,3294912.245427426
20,3290754.7095071888
21,3285684.7649287554
22,3204644.256650709
23,3204644.256650709
24,3182733.373069681
25,3113423.4679131974
26,3049234.4872028814
27,3031665.871969892
28,2964391.035411911
29,2964391.035411911
30,2963731.631516144
31,2883120.917109636
32,2794809.2107119216
33,2794809.2107119216
34,2794809.2107119216
35,2779697.135574078
36,2774953.2225355147
37,2759973.3517227983
38,2722736.531820623
39,2697324.995687687
40,2676119.6402662187
41,2645550.9895307436
42,2645550.9895307436
43,2645550.9895307436
44,2602958.906677519
45,2602958.906677519
46,2527583.8097466915
47,2527583.8097466915
48,2517779.434906587
49,2511216.0507097603
50,2468913.422285797
51,2468913.422285797
52,2468913.422285797
53,2446795.3478565756
54,2446795.3478565756
55,2446133.9143108325
56,2417747.9761924413
57,2411175.1722381865
58,2411175.1722381865
59,2410579.690273123
60,2387352.4723550305
61,2385226.877648474
62,2368943.3977101594
63,2363276.3898431803
64,2350200.9849095405
65,2350200.9849095405
66,2345819.944787661
67,2341019.082835288
68,2334131.492902123
69,2327617.008491541
70,2324290.9615604985
71,2322134.1808360387
72,2314692.7616569037
73,2314692.7616569037
74,2303380.8903811797
75,2302842.1617863723
76,2300280.4453730616
77,2297263.184191603
78,2295763.1421661456
79,2290816.7496708166
80,2289838.4596409174
81,2286694.0842422415
82,2285703.5352026275
83,2284586.6762866457
84,2278500.7968671136
85,2276610.8875499004
86,2274671.997900406
87,2270697.0449529914
88,2270697.0449529914
89,2265151.190232947
90,2265151.190232947
91,2261371.1325955824
92,2259778.069990278
93,2254299.177925983
94,2254299.177925983
95,2253878.7110716924
96,2253878.7110716924
97,2253878.7110716924
98,2253878.7110716924
99,2253074.3675966845
100,2253074.3675966845
101,2251689.1346443146
102,2251268.667790024
103,2251268.667790024
104,2251268.667790024
105,2250491.314655584
106,2250070.8478012932
107,2250070.8478012932
108,2250070.8478012932
109,2250070.8478012932
110,2250038.3141879495
111,2250038.3141879495
112,2249865.618290949
113,2249865.618290949
114,2249865.618290949
115,2249865.618290949
116,2249865.618290949
