,0
0,4465630.9559388
1,4465630.9559388
2,4237303.31295376
3,4114865.4921735507
4,4102629.264457443
5,4017596.181353544
6,4017596.181353544
7,4017596.181353544
8,4015600.876417679
9,3953658.6735876156
10,3780495.807529508
11,3722165.229262697
12,3718162.1262200386
13,3598684.124406877
14,3598684.124406877
15,3598602.081987933
16,3489959.3045563805
17,3489959.3045563805
18,3467683.575028937
19,3333670.548078376
20,3260416.320507937
21,3260416.320507937
22,3131998.6214625607
23,3131998.6214625607
24,3095154.231054621
25,3059980.199484932
26,3007191.033931902
27,2963520.224879963
28,2924776.314629031
29,2828473.5105467685
30,2811380.744355997
31,2767302.4065957805
32,2767302.4065957805
33,2679485.5774598904
34,2679485.5774598904
35,2573902.360615999
36,2573902.360615999
37,2572158.9108152254
38,2517568.1591833495
39,2517568.1591833495
40,2494183.101259636
41,2469092.324124951
42,2454818.8164255098
43,2409084.214600423
44,2409084.214600423
45,2409084.214600423
46,2395669.0120383743
47,2345077.3171148505
48,2345077.3171148505
49,2321799.297444196
50,2321379.409962697
51,2305033.5861922423
52,2267781.104933427
53,2250831.4999295464
54,2243626.7071854696
55,2243626.7071854696
56,2243626.7071854696
57,2214515.530026415
58,2214515.530026415
59,2214515.530026415
60,2180791.1556195454
61,2180791.1556195454
62,2180791.1556195454
63,2148596.268932754
64,2147527.973759441
65,2146091.1890892624
66,2138838.281654937
67,2134539.918414038
68,2127769.921881782
69,2125272.3110814965
70,2125272.3110814965
71,2123068.6691000042
72,2122792.4420335405
73,2121195.4265131103
74,2119243.510610717
75,2117531.2011686964
76,2115602.111284344
77,2115166.6260423306
78,2112292.786321894
79,2112292.786321894
80,2112292.786321894
81,2110892.039008853
82,2110892.039008853
83,2109295.023488423
84,2109295.023488423
85,2106427.3826394225
86,2106427.3826394225
87,2106427.3826394225
88,2106427.3826394225
89,2104722.3949913234
90,2103668.756359538
91,2103612.535474469
92,2103612.535474469
93,2102948.9224615516
94,2101907.5478263698
95,2101907.5478263698
96,2100423.3427048624
97,2100423.3427048624
98,2099148.9215464853
99,2097608.4955399088
100,2097608.4955399088
101,2097608.4955399088
102,2097608.4955399088
103,2097608.4955399088
