,0
0,4992711.895131164
1,4916352.94915937
2,4739696.147117961
3,4603743.479335616
4,4603743.479335616
5,4389003.026506345
6,4383303.781051717
7,4365512.891509099
8,4301635.6267774245
9,4241518.91095831
10,4047499.130133308
11,4047084.829653108
12,4021633.814440571
13,3932484.155339124
14,3825013.8514006115
15,3783154.6770262253
16,3621719.9689630247
17,3621719.9689630247
18,3575020.366084377
19,3481220.749089166
20,3481220.749089166
21,3423249.072951658
22,3364713.161186578
23,3364713.161186578
24,3340737.2226605164
25,3224150.3993703467
26,3224150.3993703467
27,3188578.856484827
28,3140534.5734964893
29,3099822.6932513095
30,3058714.2292278493
31,3036595.259907762
32,2974303.647974102
33,2923706.548467239
34,2923706.548467239
35,2923706.548467239
36,2895556.704156338
37,2865951.400665477
38,2854485.353254354
39,2826008.6147463527
40,2802978.7900705035
41,2778356.9037154396
42,2768611.497745671
43,2739552.217105832
44,2739032.6669349205
45,2700036.106087584
46,2700036.106087584
47,2671480.228692241
48,2671480.228692241
49,2671480.228692241
50,2660847.8103689617
51,2646898.258895875
52,2630685.9021668616
53,2630685.9021668616
54,2617318.5770935966
55,2603542.1089908346
56,2587462.5743054966
57,2581027.3806456076
58,2580308.92740644
59,2571385.393890291
60,2561097.816348373
61,2549421.0463599428
62,2549189.2897359733
63,2544305.982289649
64,2532401.4263119614
65,2531696.570621649
66,2525187.103367304
67,2513881.672330622
68,2508534.0564448787
69,2500892.4526766166
70,2500210.925334048
71,2489530.7538346215
72,2486863.5833455073
73,2481541.642656659
74,2481541.642656659
75,2473770.3336553453
76,2470162.7200936414
77,2470162.7200936414
78,2462286.2114476785
79,2462286.2114476785
80,2458627.9541954654
81,2455058.865403933
82,2455058.865403933
83,2455058.865403933
84,2451374.5167603297
85,2448900.248359938
86,2446712.1780667193
87,2444814.3858258836
88,2443750.0164648783
89,2442593.7687517777
90,2442593.7687517777
91,2441308.2948453743
92,2440820.4016439244
93,2439219.3341202526
94,2438225.775816536
95,2437575.193205702
96,2434355.465327775
97,2434355.465327775
98,2434355.465327775
99,2433725.971281234
100,2430791.0139381345
101,2430791.0139381345
102,2429915.430751642
103,2426458.1117379856
104,2426458.1117379856
105,2426458.1117379856
106,2423760.745530616
107,2423760.745530616
108,2417756.4219236397
109,2417756.4219236397
110,2416805.937010802
111,2415688.549762811
112,2414363.8991436423
113,2412140.6253054193
114,2410328.0814848007
115,2410328.0814848007
116,2410328.0814848007
117,2410328.0814848007
118,2410328.0814848007
