,0
0,4713020.170678703
1,4684935.923853993
2,4684935.923853993
3,4624250.345022441
4,4496633.797711302
5,4328824.291386111
6,4283232.01016559
7,4166329.3926937617
8,4128736.9110571146
9,3940255.050654936
10,3845184.1049081176
11,3845184.1049081176
12,3807262.2990272567
13,3759550.906314608
14,3628537.384864179
15,3577547.7322553955
16,3556620.154377698
17,3476409.598173507
18,3476409.598173507
19,3368031.7774610845
20,3368031.7774610845
21,3278995.248164392
22,3188010.7936534546
23,3146108.981227247
24,3146108.981227247
25,3071737.4936218597
26,2946164.332874455
27,2946164.332874455
28,2946164.332874455
29,2946164.332874455
30,2926490.79536329
31,2884509.138683658
32,2818467.5872024214
33,2782349.6429126645
34,2782349.6429126645
35,2734823.6678153663
36,2734823.6678153663
37,2702182.860076285
38,2702182.860076285
39,2690148.0333829904
40,2648426.608752022
41,2645196.3743091174
42,2638667.132799811
43,2596819.122942329
44,2596819.122942329
45,2596819.122942329
46,2575344.403144209
47,2551181.6765833916
48,2538175.8586676866
49,2502883.949321536
50,2461523.2083611395
51,2460406.6155719524
52,2460406.6155719524
53,2451252.619675103
54,2415719.0284902393
55,2415719.0284902393
56,2401534.8881694055
57,2401534.8881694055
58,2398884.214958475
59,2388074.0192259997
60,2388074.0192259997
61,2388074.0192259997
62,2370295.4866017248
63,2358949.4059593957
64,2347831.7905854043
65,2347831.7905854043
66,2347831.7905854043
67,2327095.974615733
68,2327095.974615733
69,2321389.0240693046
70,2317126.8099524905
71,2308815.756089581
72,2295011.0135723455
73,2289706.8422392164
74,2289706.8422392164
75,2280210.540026274
76,2274540.925089323
77,2272994.2994201914
78,2270645.87317658
79,2261528.8500710637
80,2259360.823302537
81,2252281.344835562
82,2241812.871063255
83,2241812.871063255
84,2241022.3004317465
85,2241022.3004317465
86,2237609.390078799
87,2226029.705484851
88,2225971.3344528973
89,2225971.3344528973
90,2225971.3344528973
91,2222055.964910909
92,2219950.081590098
93,2216492.9106510663
94,2212680.1728831967
95,2212680.1728831967
96,2212454.159575883
97,2212415.643093071
98,2208618.033785906
99,2207183.815982238
100,2207183.815982238
101,2204762.1893516905
102,2203842.239079497
103,2199367.4259435297
104,2199367.4259435297
105,2199367.4259435297
106,2199367.4259435297
107,2198968.488425093
108,2198968.488425093
109,2198968.488425093
110,2198968.488425093
111,2198968.488425093
112,2194993.680044174
113,2194993.680044174
114,2194993.680044174
115,2194993.680044174
116,2194993.680044174
