,0
0,6241863.142906049
1,6210990.996626534
2,6152315.058115976
3,5995717.973365569
4,5942504.158435496
5,5930510.901688152
6,5910476.226740127
7,5731397.945775807
8,5731397.945775807
9,5731397.945775807
10,5699698.599367308
11,5699698.599367308
12,5548665.738660395
13,5548665.738660395
14,5548665.738660395
15,5384509.741673924
16,5329691.450981805
17,5269251.604447889
18,5269251.604447889
19,5269251.604447889
20,5203068.506981595
21,5203068.506981595
22,5203068.506981595
23,5203068.506981595
24,5154132.973697854
25,5154132.973697854
26,5154132.973697854
27,5154132.973697854
28,4987561.1273926385
29,4987561.1273926385
30,4931794.594437629
31,4851054.531108482
32,4851054.531108482
33,4851054.531108482
34,4851054.531108482
35,4851054.531108482
