,0
0,6991890.602334466
1,6797966.089061309
2,6797966.089061309
3,6675215.638966013
4,6614804.2243001
5,6448688.063332113
6,6431400.36609407
7,6331017.001974376
8,6265716.417287388
9,6100314.517023905
10,6043506.587242933
11,5954315.126992567
12,5855641.711718488
13,5735106.437256921
14,5735106.437256921
15,5619481.2307117665
16,5461247.052850273
17,5461247.052850273
18,5379449.587445763
19,5379449.587445763
20,5289679.348389284
21,5093138.193604609
22,5093138.193604609
23,5093138.193604609
24,5093138.193604609
25,5093138.193604609
26,5057150.8445280185
27,4844766.999643283
28,4844766.999643283
29,4803434.684556859
30,4803434.684556859
31,4619524.647108878
32,4619524.647108878
33,4619524.647108878
34,4619524.647108878
35,4619524.647108878
36,4573727.03758325
37,4526369.645662004
38,4526369.645662004
39,4479748.683310744
40,4423573.694335767
41,4423573.694335767
42,4382507.033299399
43,4382507.033299399
44,4382507.033299399
45,4376719.97190177
46,4342658.846757815
47,4338089.002308061
48,4284339.433637459
49,4284339.433637459
50,4245988.566859581
51,4218369.359546521
52,4218369.359546521
53,4213809.284440314
54,4203920.737494164
55,4182071.886072616
56,4182071.886072616
57,4160040.780353724
58,4144934.6617227597
59,4141574.9569113054
60,4141574.9569113054
61,4130026.785809444
62,4114860.6290124324
63,4112331.660864299
64,4100995.0076279063
65,4089521.3127163635
66,4089521.3127163635
67,4080085.630187264
68,4062635.7268544924
69,4050968.1915608416
70,4050968.1915608416
71,4050098.312228832
72,4048471.2719173734
73,4040819.361676117
74,4036257.317853009
75,4033697.1075268867
76,4033623.957210601
77,4027074.8464291864
78,4027074.8464291864
79,4027074.8464291864
80,4023771.650859432
81,4023771.650859432
82,4023332.6728794095
83,4022154.864119778
84,4019746.2025732277
85,4013708.3157701674
86,4010973.1606067005
87,4008972.0135591044
88,4008325.8282885537
89,4008325.8282885537
90,3998452.5696562813
91,3998452.5696562813
92,3998452.5696562813
93,3998452.5696562813
94,3998452.5696562813
