,0
0,6937149.584103409
1,6879785.991476826
2,6767634.968145688
3,6735036.595951335
4,6541151.093163804
5,6458813.5414097225
6,6454768.770429308
7,6274504.212695041
8,6242815.389284704
9,6154138.140866745
10,6032644.57691588
11,6032644.57691588
12,5742722.553587999
13,5742722.553587999
14,5742722.553587999
15,5692580.855939533
16,5616083.9719796395
17,5563988.519491261
18,5424534.053482688
19,5386509.394531536
20,5274590.51313039
21,5266559.293409508
22,5237362.070623951
23,5032963.831468481
24,5008610.565103402
25,4810886.184641636
26,4810886.184641636
27,4810886.184641636
28,4810886.184641636
29,4690965.910584877
30,4690965.910584877
31,4684010.923999164
32,4624045.660679923
33,4583790.407150095
34,4487644.014859989
35,4487644.014859989
36,4487644.014859989
37,4444933.150777649
38,4399811.710398865
39,4377250.525403225
40,4353690.470806966
41,4303061.443929216
42,4287333.423457334
43,4267934.290469202
44,4248093.126549298
45,4204921.327761419
46,4204334.685056429
47,4196828.331833719
48,4173582.9027294805
49,4173582.9027294805
50,4157198.080392987
51,4155622.874868022
52,4120817.46683576
53,4084250.9991974346
54,4084250.9991974346
55,4084250.9991974346
56,4072015.5798979313
57,4064960.857643905
58,4064960.857643905
59,4051113.629115981
60,4021857.593872761
61,4021857.593872761
62,4015479.620579937
63,3995252.0093310256
64,3992160.8812495396
65,3984258.555439304
66,3984258.555439304
67,3959869.047696975
68,3951458.653972968
69,3950575.4878886514
70,3939249.3624886246
71,3938641.7762400014
72,3928409.181955535
73,3916979.9805898857
74,3902737.938612509
75,3894396.257648538
76,3894396.257648538
77,3891464.512970972
78,3882537.9549323213
79,3880775.07282736
80,3880775.07282736
81,3874624.1500466526
82,3861014.4976489805
83,3861014.4976489805
84,3860809.1269476237
85,3856192.5352366436
86,3856192.5352366436
87,3852273.953846642
88,3843234.750060113
89,3843234.750060113
90,3841365.0371102137
91,3841365.0371102137
92,3838157.9178212574
93,3835652.2909070873
94,3835652.2909070873
95,3832222.0476822215
96,3831245.605830962
97,3831245.605830962
98,3831141.4179184376
99,3826255.420982622
100,3826255.420982622
101,3826255.420982622
102,3822949.8642157195
103,3820945.00052238
104,3820945.00052238
105,3820945.00052238
106,3818361.5777128655
107,3818361.5777128655
108,3818361.5777128655
109,3818361.5777128655
110,3818361.5777128655
111,3816964.1958496277
112,3816692.8702065223
113,3816692.8702065223
114,3816692.8702065223
115,3816692.8702065223
116,3816692.8702065223
