,0
0,4329004.139172588
1,4295179.846586729
2,4226076.769427405
3,4203994.726072402
4,4130612.6808289476
5,4079348.8320968538
6,3884810.103348267
7,3884810.103348267
8,3806443.198004853
9,3806443.198004853
10,3719088.0685213027
11,3512931.096020748
12,3512931.096020748
13,3512931.096020748
14,3434486.319609794
15,3434486.319609794
16,3367502.465596053
17,3330064.637015737
18,3293262.337819505
19,3176090.3133281358
20,3138869.4885375244
21,3118792.47430552
22,3118792.47430552
23,3022127.2133496935
24,2851847.491373253
25,2851847.491373253
26,2851847.491373253
27,2751745.9077518056
28,2701007.5285911667
29,2701007.5285911667
30,2701007.5285911667
31,2672885.4141907687
32,2672885.4141907687
33,2615416.289593542
34,2614933.155579816
35,2597796.237024153
36,2523728.9899870893
37,2489645.933235026
38,2489645.933235026
39,2457821.020777018
40,2424848.558757592
41,2408521.27483574
42,2368079.3109547673
43,2344281.083801601
44,2329770.238157836
45,2277781.243310545
46,2277781.243310545
47,2252732.856167188
48,2230197.256846112
49,2201644.707245905
50,2186015.512349996
51,2165053.3783143
52,2142003.6727597583
53,2142003.6727597583
54,2088884.2464721752
55,2088884.2464721752
56,2079744.8212141274
57,2065057.0454526101
58,2053970.3461897196
59,2048505.3596532552
60,2045326.5681672948
61,2031944.3661643092
62,1988656.8671508853
63,1988656.8671508853
64,1979838.3767804282
65,1972792.945026068
66,1960757.0524772145
67,1956540.9046493873
68,1941950.0639023387
69,1939986.8283440738
70,1936970.596970727
71,1923674.5196870035
72,1890419.25636699
73,1890419.25636699
74,1890419.25636699
75,1890419.25636699
76,1881933.3840199986
77,1881549.701198466
78,1870305.7949172186
79,1864939.2367839958
80,1862182.4970567103
81,1861745.0338159506
82,1855648.9284558315
83,1835459.9015339974
84,1835459.9015339974
85,1835459.9015339974
86,1835459.9015339974
87,1835459.9015339974
88,1830331.853305499
89,1824005.9755455956
90,1824005.9755455956
91,1823537.113719947
92,1823537.113719947
93,1816759.8210986236
94,1816759.8210986236
95,1816759.8210986236
96,1816188.0390870965
97,1815696.0964522008
98,1815696.0964522008
99,1806144.295395461
100,1806144.295395461
101,1806144.295395461
102,1806144.295395461
103,1805669.9416018438
104,1805669.9416018438
105,1805669.9416018438
106,1805669.9416018438
107,1801286.6947818934
108,1801286.6947818934
109,1800812.3409882763
110,1800465.0686727352
111,1800465.0686727352
112,1800465.0686727352
113,1795607.468059168
114,1795607.468059168
115,1795607.468059168
116,1795607.468059168
117,1795607.468059168
