,0
0,6274556.416146579
1,6274556.416146579
2,6134851.114476764
3,6044096.155234137
4,5899627.225194995
5,5899627.225194995
6,5899627.225194995
7,5899627.225194995
8,5878995.284145854
9,5730216.262541442
10,5686277.083591767
11,5686277.083591767
12,5641312.015360517
13,5641312.015360517
14,5641312.015360517
15,5556292.636693961
16,5525411.124417087
17,5399190.101349387
18,5399190.101349387
19,5374860.179182251
20,5374860.179182251
21,5374860.179182251
22,5374860.179182251
23,5277602.255308263
24,5277602.255308263
25,5175614.25457537
26,5175614.25457537
27,5105815.348334841
28,5020004.809287415
29,5020004.809287415
30,5019180.621764705
31,5000405.483143881
32,5000405.483143881
33,4943923.279305141
34,4870503.690414944
35,4870503.690414944
36,4870503.690414944
37,4858528.333409598
38,4758005.000880008
39,4758005.000880008
40,4743279.005192841
41,4743279.005192841
42,4704936.244085381
43,4704936.244085381
44,4573343.849556597
45,4573343.849556597
46,4573343.849556597
47,4573343.849556597
48,4573343.849556597
