,0
0,4885321.364725334
1,4837896.412666721
2,4507270.777584916
3,4429480.899107515
4,4405634.713465353
5,4214409.8584828675
6,4214409.8584828675
7,4169306.7199354903
8,4137231.8452939647
9,3994836.2127341917
10,3993243.5963663147
11,3828334.123856313
12,3812614.5007559285
13,3787795.3172200415
14,3694161.9994951044
15,3640930.9490483133
16,3592566.020909922
17,3467554.5264959433
18,3339609.7326019146
19,3339609.7326019146
20,3330600.57509834
21,3330600.57509834
22,3290811.6491704066
23,3157377.5516712368
24,3157377.5516712368
25,3155915.041487387
26,3132157.6832773443
27,3099316.095353783
28,2990460.2011888158
29,2990460.2011888158
30,2990460.2011888158
31,2949530.313619413
32,2939443.7845786484
33,2900851.953069835
34,2863400.388988565
35,2846355.915463631
36,2820130.4207679555
37,2798346.4577440578
38,2747018.084800856
39,2739432.4855658566
40,2723239.5126329935
41,2710257.7635600246
42,2667489.53683148
43,2626801.614362322
44,2559077.374205687
45,2559077.374205687
46,2559077.374205687
47,2559077.374205687
48,2559077.374205687
49,2536417.389656902
50,2499041.122400556
51,2496136.0364848934
52,2482679.860163891
53,2464765.0747512914
54,2433280.100231376
55,2433280.100231376
56,2410278.584015565
57,2402984.5389947714
58,2367638.44376453
59,2367638.44376453
60,2359584.926380383
61,2359584.926380383
62,2343924.2187497504
63,2343924.2187497504
64,2308945.7603184003
65,2308945.7603184003
66,2308945.7603184003
67,2295284.766251306
68,2295284.766251306
69,2285987.9717427264
70,2285987.9717427264
71,2283341.736287103
72,2270749.8343164804
73,2267156.168985449
74,2265579.9873876716
75,2257893.4686755193
76,2255461.203289282
77,2244660.6936797774
78,2244660.6936797774
79,2240061.549386087
80,2235692.8734186096
81,2234458.1263717636
82,2229722.6785984864
83,2226791.3329950045
84,2225604.700683874
85,2219130.4872758994
86,2219130.4872758994
87,2215506.44480977
88,2215506.44480977
89,2215276.6006464837
90,2211393.1897203666
91,2208130.478553071
92,2208130.478553071
93,2206457.19366088
94,2203465.362431943
95,2203465.362431943
96,2203465.362431943
97,2200325.358067943
98,2199460.145415772
99,2199460.145415772
100,2199460.145415772
101,2199460.145415772
102,2196320.1410517716
103,2196320.1410517716
104,2196320.1410517716
105,2196320.1410517716
106,2196320.1410517716
107,2194105.737161234
108,2194105.737161234
109,2194105.737161234
110,2194105.737161234
111,2194105.737161234
