,0
0,5741815.451778976
1,5471622.03870119
2,5471622.03870119
3,4951712.947219397
4,4951712.947219397
5,4951712.947219397
6,4604902.237640381
7,4604902.237640381
8,4604902.237640381
9,4538546.408328935
10,4422498.793603839
11,4422498.793603839
12,4195986.204048332
13,4195986.204048332
14,4166178.6822359418
15,4045803.365057454
16,3873471.5065569193
17,3873471.5065569193
18,3676811.3197058924
19,3676811.3197058924
20,3676811.3197058924
21,3534463.9671943635
22,3534463.9671943635
23,3534463.9671943635
24,3514461.714733736
25,3396613.891664017
26,3340595.9825171335
27,3340595.9825171335
28,3318108.3211112753
29,3212146.478662859
30,3212146.478662859
31,3190423.396986978
32,3020933.70027154
33,3020933.70027154
34,3019021.1121247876
35,3019021.1121247876
36,2950808.8826633203
37,2950808.8826633203
38,2930564.3417344363
39,2886125.3666148316
40,2879685.086044687
41,2828178.637313494
42,2815997.1933826795
43,2815997.1933826795
44,2798107.2418283876
45,2773701.557729611
46,2739206.113137155
47,2739206.113137155
48,2739206.113137155
49,2726699.45576706
50,2701208.3038603375
51,2696054.444123369
52,2691393.7073783404
53,2657954.457336097
54,2657954.457336097
55,2641497.0282943165
56,2640261.2215766506
57,2635781.2234542933
58,2628190.9397323495
59,2624294.2713494515
60,2605431.040845857
61,2600323.009298496
62,2592984.7776093585
63,2589045.782277452
64,2582055.229590389
65,2574328.7013502005
66,2572371.822576007
67,2571002.984071362
68,2569912.9371381532
69,2565094.5395906027
70,2565094.5395906027
71,2558370.499946329
72,2558370.499946329
73,2558370.499946329
74,2553381.741957268
75,2551604.9271593574
76,2549950.5720975213
77,2547081.401460438
78,2547081.401460438
79,2547081.401460438
80,2547081.401460438
81,2547081.401460438
82,2544726.025244505
83,2543148.0131676476
84,2541324.672541881
85,2541324.672541881
86,2537456.1050712825
87,2537009.1073924983
88,2537009.1073924983
89,2534025.630573851
90,2528444.6907980777
91,2527037.0309800655
92,2527037.0309800655
93,2526458.768578766
94,2526458.768578766
95,2524367.198476609
96,2522076.086849412
97,2522076.086849412
98,2522076.086849412
99,2522076.086849412
100,2522076.086849412
