,0
0,6161588.297649397
1,6161588.297649397
2,6161588.297649397
3,6105566.203237438
4,6016287.20317328
5,5823071.304948168
6,5823071.304948168
7,5786399.616667275
8,5733898.331325312
9,5714276.037046912
10,5689944.37291357
11,5624818.02008263
12,5624818.02008263
13,5430263.3524647765
14,5430263.3524647765
15,5336667.386176242
16,5336667.386176242
17,5336667.386176242
18,5336667.386176242
19,5314147.9245927725
20,5208286.386687576
21,5208286.386687576
22,5183923.16460494
23,5173109.037121205
24,5073453.148546633
25,4998898.422589311
26,4998898.422589311
27,4975828.097104584
28,4975828.097104584
29,4780395.807093984
30,4780395.807093984
31,4780395.807093984
32,4764995.471243945
33,4723687.694280914
34,4716130.738821255
35,4619832.374161965
36,4577255.376131159
37,4577255.376131159
38,4569136.152166878
39,4528299.145489791
40,4496863.256710884
41,4472409.794971124
42,4360044.532444007
43,4360044.532444007
44,4360044.532444007
45,4360044.532444007
46,4353764.621421005
47,4305216.680923123
48,4305216.680923123
49,4299681.12695688
50,4280751.849611162
51,4273416.129893538
52,4273416.129893538
53,4240034.505089445
54,4196910.662995272
55,4196910.662995272
56,4159615.079888523
57,4129302.094264529
58,4120337.8602601164
59,4120337.8602601164
60,4084945.333675657
61,4084945.333675657
62,4057468.735899179
63,4057468.735899179
64,4057468.735899179
65,4057468.735899179
66,4050268.4237070163
67,4045281.881251223
68,4045281.881251223
69,4012669.689247221
70,4012669.689247221
71,4012669.689247221
72,4012669.689247221
73,4012669.689247221
74,3993445.385894923
75,3990941.8805571874
76,3989316.1927289288
77,3989316.1927289288
78,3989316.1927289288
79,3989316.1927289288
80,3989316.1927289288
81,3986794.0702550956
82,3978026.8454923965
83,3978026.8454923965
84,3978026.8454923965
85,3978026.8454923965
86,3978026.8454923965
