,0
0,6327670.877783796
1,6304293.526486656
2,6178319.330480261
3,6092522.514476523
4,6070369.938206025
5,5940268.19126079
6,5918083.756366681
7,5721373.275115679
8,5721373.275115679
9,5669602.118791542
10,5669602.118791542
11,5555636.363593033
12,5555636.363593033
13,5555636.363593033
14,5555636.363593033
15,5499300.958839171
16,5430184.078100134
17,5305604.210631748
18,5229863.482744605
19,5229863.482744605
20,5190926.19603404
21,5190926.19603404
22,5163104.114983875
23,5088295.932409913
24,5025966.236026948
25,5025966.236026948
26,5025966.236026948
27,5025966.236026948
28,5025966.236026948
29,5010879.826608516
30,4946323.030774681
31,4920810.320376138
32,4823810.288731615
33,4796445.4561446
34,4796445.4561446
35,4735144.441535016
36,4735144.441535016
37,4735144.441535016
38,4596441.4939733725
39,4596441.4939733725
40,4506901.351562992
41,4506901.351562992
42,4506901.351562992
43,4430564.478972781
44,4407765.756164365
45,4407765.756164365
46,4407765.756164365
47,4365977.926455128
48,4336396.65852726
49,4336396.65852726
50,4301392.067466799
51,4294712.643269437
52,4285981.363346558
53,4283964.710285191
54,4259017.851134403
55,4258667.511520999
56,4235838.491556782
57,4214299.034547087
58,4194955.132313607
59,4178886.2138773547
60,4170372.4362786487
61,4146036.914162649
62,4124222.1335812677
63,4121668.8241061
64,4094454.6083522174
65,4065919.4180720346
66,4056044.3670049543
67,4036768.510169556
68,4035591.208606234
69,4018900.9475289355
70,4006217.483156797
71,4006217.483156797
72,3997610.2681163754
73,3996023.260200379
74,3982333.4557863167
75,3982333.4557863167
76,3972121.08191011
77,3968541.6744596413
78,3962650.3972733836
79,3962650.3972733836
80,3949796.6515931403
81,3949796.6515931403
82,3947257.864814368
83,3933936.247338937
84,3924933.4344973983
85,3924933.4344973983
86,3924898.836384149
87,3924898.836384149
88,3924483.2250584066
89,3922141.3748626965
90,3922141.3748626965
91,3922106.776749447
92,3921725.7635369543
93,3921691.165423705
94,3918863.7846107385
95,3917726.1381219565
96,3917691.540008707
97,3917310.526796214
98,3909942.117673151
99,3909942.117673151
100,3906664.5274211937
101,3905561.4790456607
102,3905561.4790456607
103,3905561.4790456607
104,3905561.4790456607
105,3899052.415294462
106,3899052.415294462
107,3899052.415294462
108,3899052.415294462
109,3899052.415294462
