,0
0,4920612.169029251
1,4894925.723566147
2,4736156.332436558
3,4652339.734314593
4,4652339.734314593
5,4531516.162599665
6,4509827.416302225
7,4432486.496031589
8,4305120.5902102
9,4149534.159916201
10,4085463.6158000506
11,3949272.023357014
12,3920032.283097423
13,3894415.270055724
14,3845486.9605003777
15,3731571.8405027245
16,3731571.8405027245
17,3567206.9800766017
18,3485174.681520772
19,3465200.8306645933
20,3456401.835258837
21,3433365.835435335
22,3388159.3614034844
23,3276384.125921631
24,3214611.4357531043
25,3214611.4357531043
26,3203586.3778221705
27,3191072.649015844
28,3191072.649015844
29,3121679.8586597964
30,3094533.121582523
31,3038752.7959648753
32,2999278.9937670524
33,2933801.7987571517
34,2933801.7987571517
35,2933219.426773007
36,2849431.7639807696
37,2849431.7639807696
38,2800171.5281513045
39,2761938.491203491
40,2732266.844893559
41,2712217.060031604
42,2625951.4014681256
43,2625951.4014681256
44,2625951.4014681256
45,2625951.4014681256
46,2603930.371425653
47,2601223.4583828715
48,2560444.7700707517
49,2560444.7700707517
50,2554930.6087498376
51,2554930.6087498376
52,2507868.313919182
53,2499732.6035116916
54,2499732.6035116916
55,2495267.504027052
56,2471300.225260367
57,2471300.225260367
58,2471300.225260367
59,2466925.766321052
60,2452448.619202779
61,2440713.701189388
62,2440713.701189388
63,2438848.1971500814
64,2438848.1971500814
65,2434887.5622688117
66,2428219.9765614076
67,2421116.8151990045
68,2415485.240371606
69,2415485.240371606
70,2410156.410555438
71,2403788.157599145
72,2402303.107909422
73,2398148.5720824027
74,2388965.0144384895
75,2385944.166782286
76,2384376.2741636015
77,2383439.873457664
78,2378917.1745658256
79,2372030.9317602613
80,2372030.9317602613
81,2369557.0581034464
82,2368979.245552022
83,2363574.22818943
84,2363574.22818943
85,2357889.7448650203
86,2357889.7448650203
87,2357889.7448650203
88,2353193.351119272
89,2353193.351119272
90,2353193.351119272
91,2350699.872231853
92,2350699.872231853
93,2350699.872231853
94,2348374.2802512534
95,2348374.2802512534
96,2348374.2802512534
97,2347765.5999570945
98,2347765.5999570945
99,2347765.5999570945
100,2347765.5999570945
101,2346636.5314679984
102,2346636.5314679984
103,2346636.5314679984
104,2346027.851173839
105,2346027.851173839
106,2346027.851173839
107,2346009.6440720293
108,2346009.6440720293
109,2346009.6440720293
110,2346009.6440720293
111,2346009.6440720293
