,0
0,4487916.066334258
1,4275868.95973208
2,4275868.95973208
3,4167942.201423538
4,4153257.236366266
5,4068575.9220259567
6,3868043.9385385625
7,3868043.9385385625
8,3846813.203716783
9,3846813.203716783
10,3613816.649598811
11,3613816.649598811
12,3599552.041650553
13,3544813.224116345
14,3523566.5507139615
15,3318768.7173115294
16,3318768.7173115294
17,3185195.4912942173
18,3185195.4912942173
19,3159263.8099551187
20,3114298.193304349
21,3079118.550540185
22,3072720.2649535555
23,2981802.1471677925
24,2914329.4894471713
25,2908404.4522713725
26,2857229.429257755
27,2824711.187066579
28,2747255.7344503617
29,2747255.7344503617
30,2648333.1166492375
31,2648333.1166492375
32,2637908.9442899274
33,2577249.519778847
34,2570503.571759479
35,2540667.2782311155
36,2520825.9082151186
37,2468308.363656533
38,2455582.6730861138
39,2406468.616803407
40,2394553.911391068
41,2316332.161384388
42,2316332.161384388
43,2316332.161384388
44,2303162.3064307976
45,2303162.3064307976
46,2292009.3712428752
47,2284090.592277509
48,2242909.0442419644
49,2222664.6576725882
50,2198634.146798362
51,2180915.3387499866
52,2180729.738019327
53,2146334.7137376657
54,2146334.7137376657
55,2123318.690948768
56,2108708.060827338
57,2106877.3688840424
58,2059846.1980079452
59,2059846.1980079452
60,2040368.1227889552
61,2029546.0979368498
62,2029546.0979368498
63,2007737.2776075723
64,1996988.8376499882
65,1985061.0428306013
66,1985061.0428306013
67,1985061.0428306013
68,1971701.3148774302
69,1955294.3186117965
70,1955294.3186117965
71,1949046.151307059
72,1944989.2408695389
73,1941648.6923471165
74,1938658.862820684
75,1933954.2813236315
76,1926110.1199075135
77,1924332.4118850278
78,1921526.7913367276
79,1920291.4128574904
80,1915491.4995099504
81,1915491.4995099504
82,1911979.7520668441
83,1907141.9603553424
84,1906463.547294145
85,1902439.9581226183
86,1900387.4157005236
87,1897632.2234719333
88,1897632.2234719333
89,1893388.5534734547
90,1893253.891896338
91,1893110.4909406858
92,1892251.9827125743
93,1891378.5515491078
94,1890357.1605682245
95,1888402.2823315337
96,1888402.2823315337
97,1888402.2823315337
98,1888402.2823315337
99,1886758.583974326
100,1886006.6750417543
101,1886006.6750417543
102,1886006.6750417543
103,1885813.4962514755
104,1885813.4962514755
105,1885813.4962514755
106,1885813.4962514755
107,1885813.4962514755
