,0
0,4453463.209313089
1,4283522.497443327
2,4283522.497443327
3,4206071.258491301
4,4104624.17993083
5,4044436.5041429005
6,3982261.024628896
7,3873078.5182395396
8,3838420.3424565447
9,3767601.4279266815
10,3762608.9437199878
11,3645778.5445332793
12,3645778.5445332793
13,3589708.1992433877
14,3589708.1992433877
15,3447415.224742508
16,3447415.224742508
17,3309954.449199207
18,3309954.449199207
19,3283431.3961496754
20,3209734.1100695687
21,3195529.3543740287
22,3005280.257832102
23,3005280.257832102
24,2975089.127605154
25,2950107.7754243417
26,2859215.872669612
27,2859215.872669612
28,2859215.872669612
29,2831661.280458743
30,2787954.6089861696
31,2718717.878020254
32,2718717.878020254
33,2693275.2010155553
34,2682015.541953794
35,2615648.95425993
36,2615648.95425993
37,2615648.95425993
38,2580462.007323104
39,2542761.596624166
40,2507654.105689866
41,2441897.6905715656
42,2441897.6905715656
43,2427177.3999166675
44,2414917.331744602
45,2414917.331744602
46,2355478.319084427
47,2348665.5616857735
48,2316388.7221616847
49,2316388.7221616847
50,2315147.5718263597
51,2305561.61673462
52,2241951.9465685347
53,2241951.9465685347
54,2241951.9465685347
55,2241951.9465685347
56,2225318.7185611147
57,2206462.27641937
58,2192977.2420143024
59,2183500.173787249
60,2171959.1189952735
61,2136616.0271430113
62,2136616.0271430113
63,2136616.0271430113
64,2136616.0271430113
65,2117081.1964367777
66,2117081.1964367777
67,2114624.9174643653
68,2111184.1533694
69,2104770.8652631706
70,2092909.1195188053
71,2092909.1195188053
72,2091609.720765911
73,2089895.3895188714
74,2085808.3362120818
75,2078213.6148888045
76,2078045.7890937242
77,2078045.7890937242
78,2075559.4181315186
79,2074113.4249765286
80,2073255.6596845943
81,2073255.6596845943
82,2067775.296468532
83,2067775.296468532
84,2067114.1185532524
85,2067114.1185532524
86,2066287.9584426442
87,2066287.9584426442
88,2066287.9584426442
89,2061360.3672926226
90,2061360.3672926226
91,2061360.3672926226
92,2061360.3672926226
93,2060699.189377343
94,2060699.189377343
95,2060699.189377343
96,2058857.077194562
97,2058857.077194562
98,2058857.077194562
99,2058857.077194562
100,2058857.077194562
