,0
0,4813551.390803722
1,4813551.390803722
2,4653441.678190892
3,4653441.678190892
4,4534837.271356602
5,4504600.776897518
6,4333044.450995537
7,4308275.246592955
8,4240225.013860787
9,4028344.0374516547
10,4028344.0374516547
11,3963766.4760509846
12,3868895.512996991
13,3868895.512996991
14,3846509.032966599
15,3804575.7820265717
16,3703089.621681568
17,3644479.1270768936
18,3639147.7781896796
19,3552894.433008345
20,3439596.612003317
21,3439596.612003317
22,3439596.612003317
23,3380651.09720383
24,3380651.09720383
25,3380651.09720383
26,3290496.832416559
27,3290496.832416559
28,3290496.832416559
29,3254361.9445846984
30,3164699.869389182
31,3164699.869389182
32,3129854.5914526233
33,3123318.937345618
34,3111251.6383703337
35,3072756.884267119
36,3035567.063244808
37,2991970.597877673
38,2950717.369210694
39,2911745.0228332267
40,2886331.0224770894
41,2859218.0097269355
42,2830582.3924116865
43,2830582.3924116865
44,2770499.0835122885
45,2770499.0835122885
46,2746758.2277952256
47,2746758.2277952256
48,2707747.2990099946
49,2686790.9038294577
50,2661388.619957114
51,2650089.130322669
52,2618202.055176254
53,2612726.0875589997
54,2598156.6475356817
55,2591924.525850403
56,2568789.536643951
57,2568789.536643951
58,2534916.8773642066
59,2534916.8773642066
60,2525109.6412228676
61,2521063.0475206343
62,2509053.4314128966
63,2497884.49592064
64,2497884.49592064
65,2487250.9215191184
66,2477497.6663003406
67,2467639.095254623
68,2467639.095254623
69,2467639.095254623
70,2465721.737204421
71,2461926.84548329
72,2461418.6178705995
73,2460264.934997123
74,2459115.3234216664
75,2458436.1707935147
76,2457950.2459360003
77,2454720.8334258785
78,2453393.8121319087
79,2449573.64926794
80,2449406.7771350523
81,2449406.7771350523
82,2447641.6726300158
83,2446540.2398457853
84,2446314.6513360464
85,2446314.6513360464
86,2446314.6513360464
87,2446314.6513360464
88,2446314.6513360464
