,0
0,5705257.548408211
1,5598798.114898893
2,5543860.894073821
3,5360359.538260382
4,5270484.066732173
5,5153111.809855093
6,5055803.8055350315
7,4800760.8828539215
8,4703816.728695071
9,4566735.229915697
10,4490367.073744156
11,4448753.381064516
12,4355398.271816819
13,4280767.12612472
14,4116532.6679494833
15,4026312.428081454
16,4026312.428081454
17,4026312.428081454
18,3732627.7878371035
19,3721532.9821841707
20,3721532.9821841707
21,3721532.9821841707
22,3647501.1377377175
23,3644247.3676959933
24,3590988.75994189
25,3579405.403510517
26,3489235.2359620593
27,3422356.2264000596
28,3422356.2264000596
29,3370515.8317659646
30,3218016.5031279987
31,3173141.175672669
32,3173141.175672669
33,3127966.6333065727
34,3127966.6333065727
35,3070193.1962271654
36,3019986.187957238
37,3011907.9654909135
38,3008247.7307095774
39,2953649.743887342
40,2879986.3628661875
41,2879694.7431449685
42,2879694.7431449685
43,2855329.3782677525
44,2834303.534494721
45,2775731.204530228
46,2775731.204530228
47,2753833.6336033586
48,2743570.131481563
49,2741308.725384215
50,2677681.0013944376
51,2677681.0013944376
52,2677681.0013944376
53,2654120.3710289183
54,2654120.3710289183
55,2637524.462495063
56,2606993.4878224777
57,2603979.712749146
58,2567507.5713266158
59,2567507.5713266158
60,2567507.5713266158
61,2538787.8274733983
62,2538787.8274733983
63,2527254.9536022404
64,2527015.338320489
65,2513841.8333225977
66,2488167.345511576
67,2488167.345511576
68,2484719.0863369047
69,2484719.0863369047
70,2475628.641912641
71,2463653.6851308406
72,2460437.1661987174
73,2460437.1661987174
74,2455636.817531064
75,2450911.807258552
76,2450911.807258552
77,2441903.1408142126
78,2438930.8378358395
79,2438930.8378358395
80,2433515.5162768634
81,2433515.5162768634
82,2426748.4294030573
83,2423320.056581845
84,2423320.056581845
85,2417661.104407178
86,2414662.124017574
87,2406194.460484784
88,2405242.8664480825
89,2405242.8664480825
90,2398695.2859246237
91,2388611.9645994995
92,2378837.4815019076
93,2375903.6226842348
94,2374804.2143424144
95,2372182.4116014186
96,2372182.4116014186
97,2372182.4116014186
98,2372182.4116014186
99,2370905.713712364
100,2369526.668774117
101,2369526.668774117
102,2369454.1395961167
103,2367590.6234165616
104,2367590.6234165616
105,2367590.6234165616
106,2367118.258091802
107,2365914.7599126045
108,2362850.249798853
109,2362850.249798853
110,2360421.466696106
111,2360421.466696106
112,2360348.937518106
113,2360348.937518106
114,2360348.937518106
115,2360348.937518106
116,2360348.937518106
