,0
0,4857186.919041932
1,4629524.314084181
2,4576333.681843383
3,4576333.681843383
4,4291137.081022622
5,4291137.081022622
6,4200619.560764428
7,4200619.560764428
8,4154451.1760555147
9,3984834.3174154316
10,3932027.888071383
11,3914749.983815935
12,3914749.983815935
13,3787859.6898164037
14,3626175.6005333015
15,3516994.273305234
16,3490440.151744878
17,3414710.3040351565
18,3414710.3040351565
19,3194286.8739265637
20,3194286.8739265637
21,3194286.8739265637
22,3189634.8863278897
23,3145405.303135238
24,2981525.643147363
25,2981525.643147363
26,2943690.4330639346
27,2889992.4135392145
28,2858795.757762511
29,2858795.757762511
30,2835161.5510575785
31,2750947.955562057
32,2750947.955562057
33,2740129.0002276525
34,2684191.4017833434
35,2684191.4017833434
36,2680481.026298329
37,2660880.696688058
38,2640253.505033279
39,2610103.8680338743
40,2598938.06033311
41,2543089.1483258335
42,2531017.2017777357
43,2531017.2017777357
44,2509829.4102252163
45,2501078.7970736963
46,2499476.666636602
47,2483098.200944996
48,2468126.3832593947
49,2461914.6414407454
50,2440421.3928507515
51,2440421.3928507515
52,2426502.36926994
53,2426502.36926994
54,2409407.451896703
55,2408236.070114853
56,2391689.317106499
57,2391689.317106499
58,2381976.30139777
59,2372975.3218622487
60,2370759.3448078744
61,2363174.8658481394
62,2358230.631362459
63,2351625.8568409714
64,2346858.6064991904
65,2340835.7468442023
66,2340336.5522168716
67,2338107.108095089
68,2330056.633266658
69,2330056.633266658
70,2326664.4491586937
71,2326664.4491586937
72,2326664.4491586937
73,2325609.478456967
74,2325609.478456967
75,2322748.9149232884
76,2319713.0164396656
77,2319713.0164396656
78,2319713.0164396656
79,2317813.728058266
80,2316227.1367822536
81,2313334.1473016194
82,2313097.972743523
83,2313065.5467965673
84,2313065.5467965673
85,2313006.237764752
86,2313006.237764752
87,2313006.237764752
88,2312973.8118177964
89,2312973.8118177964
90,2312973.8118177964
91,2312973.8118177964
92,2312973.8118177964
