,0
0,4427998.006317204
1,4321358.787309019
2,4274700.154408214
3,4231531.197109571
4,4194329.566648876
5,4125196.405839075
6,4044032.179461188
7,4042019.492273313
8,3850192.4466347527
9,3850192.4466347527
10,3850192.4466347527
11,3604247.568678312
12,3604247.568678312
13,3604247.568678312
14,3604247.568678312
15,3458310.430573825
16,3357866.8699551993
17,3357866.8699551993
18,3357866.8699551993
19,3220230.527189441
20,3220230.527189441
21,3203328.3836677135
22,3202529.5850777947
23,3130097.3948796988
24,3105603.124923211
25,3087817.5719075645
26,2951679.1663636784
27,2951679.1663636784
28,2935616.037036559
29,2922085.9949029214
30,2862268.7196603497
31,2770131.116733255
32,2766350.9023982263
33,2766350.9023982263
34,2733434.5739978594
35,2671986.816293175
36,2618242.6085794657
37,2585235.1607746035
38,2585235.1607746035
39,2539327.0781755857
40,2501159.2976641
41,2475864.315067875
42,2475864.315067875
43,2347345.874348064
44,2347345.874348064
45,2347345.874348064
46,2347345.874348064
47,2319655.169033734
48,2284997.1389739746
49,2284997.1389739746
50,2284997.1389739746
51,2224356.747871844
52,2224356.747871844
53,2198387.2896940927
54,2198387.2896940927
55,2198387.2896940927
56,2157607.122434813
57,2155984.7927561565
58,2104954.0236051055
59,2104954.0236051055
60,2103214.143780003
61,2076128.779269176
62,2076128.779269176
63,2044846.2868033098
64,2044846.2868033098
65,2020374.3649198818
66,2019393.8656452103
67,2016660.9152992673
68,2013261.3482257766
69,1990894.8485751436
70,1986792.111887597
71,1972923.870929812
72,1947107.0578565884
73,1945750.5281406487
74,1945750.5281406487
75,1935315.2009685354
76,1928486.046651824
77,1928486.046651824
78,1898374.4558463222
79,1880872.6557710688
80,1880872.6557710688
81,1880872.6557710688
82,1880872.6557710688
83,1880872.6557710688
84,1878732.7571821231
85,1869898.2773732487
86,1869898.2773732487
87,1864031.1693634223
88,1858302.7472709296
89,1857036.1997491173
90,1853284.2004264328
91,1851174.266896253
92,1849388.9638890624
93,1849388.9638890624
94,1846122.1319575915
95,1846122.1319575915
96,1844615.657448539
97,1844198.7803444006
98,1842274.81813223
99,1842260.902734839
100,1842260.902734839
101,1842253.759565557
102,1839341.6026216708
103,1839327.6872242796
104,1838513.6177596801
105,1838406.4457401955
106,1838406.4457401955
107,1838406.4457401955
108,1837578.460878205
109,1837535.42809653
110,1837535.42809653
111,1837535.42809653
112,1836707.4432345396
113,1836707.4432345396
114,1836707.4432345396
115,1836707.4432345396
116,1836498.6696058
117,1836498.6696058
118,1836440.5422554999
119,1836159.5399192884
120,1836159.5399192884
121,1836101.4125689883
122,1836101.4125689883
123,1835892.6389402489
124,1835892.6389402489
125,1835733.5503605194
126,1835733.5503605194
127,1835524.7767317798
128,1835524.7767317798
129,1835524.7767317798
130,1835524.7767317798
131,1835524.7767317798
