,0
0,4460087.019510827
1,4449928.757049919
2,4449928.757049919
3,4449928.757049919
4,4359023.54626173
5,4289400.845131862
6,4289400.845131862
7,4208532.87146095
8,4078808.5497410907
9,3990069.4501687954
10,3912770.0869670482
11,3819063.0918063205
12,3774013.1138424994
13,3666490.4839122007
14,3629555.6286660284
15,3565253.166285914
16,3434049.8750758683
17,3434049.8750758683
18,3384666.5082010515
19,3372771.5936484593
20,3356698.674257408
21,3256481.11988469
22,3243716.592016084
23,3149796.3726705546
24,3046905.130927978
25,3046905.130927978
26,2985060.224011141
27,2971778.999370111
28,2971778.999370111
29,2932537.533901118
30,2926735.6417543637
31,2890447.5455632955
32,2873928.9732197174
33,2841085.277540745
34,2798843.6840722496
35,2763034.852054937
36,2730671.657764014
37,2730671.657764014
38,2700653.9773880653
39,2661785.8507996374
40,2661785.8507996374
41,2622469.26907959
42,2592498.9356512777
43,2592498.9356512777
44,2592498.9356512777
45,2563725.495929354
46,2563725.495929354
47,2512649.9973930456
48,2512649.9973930456
49,2504466.648267706
50,2492170.885177739
51,2470883.283901302
52,2470883.283901302
53,2465553.2643930693
54,2434004.8240235895
55,2420289.3907276383
56,2414961.4676959957
57,2408870.7659513764
58,2398320.357380216
59,2387505.277786178
60,2377521.3003084064
61,2362459.1392364926
62,2349981.9628079333
63,2330333.529171255
64,2330333.529171255
65,2326511.519553444
66,2298660.9481231575
67,2298660.9481231575
68,2272349.69372031
69,2272349.69372031
70,2272349.69372031
71,2258012.7098919316
72,2253036.560815591
73,2253036.560815591
74,2240747.918456638
75,2232094.6742338804
76,2228907.7868813216
77,2228907.7868813216
78,2220382.898371857
79,2219494.071596162
80,2212676.7689051116
81,2203731.2568187458
82,2203731.2568187458
83,2196467.0506410813
84,2196461.773535741
85,2193424.13324611
86,2186904.156053865
87,2186904.156053865
88,2179970.093707023
89,2179479.6638758406
90,2179479.6638758406
91,2176276.113216027
92,2174546.2449489236
93,2172906.4909275905
94,2172503.975983872
95,2172503.975983872
96,2172016.082782422
97,2171893.375979127
98,2171784.258294749
99,2171784.258294749
100,2171612.7073082426
101,2171490.0005049473
102,2171490.0005049473
103,2171490.0005049473
104,2171490.0005049473
105,2171490.0005049473
