,0
0,5721524.621422409
1,5428616.630030889
2,5428616.630030889
3,5405455.993097186
4,5233039.799593906
5,5098169.397914681
6,5092126.921300602
7,4966177.866594542
8,4633171.665206247
9,4633171.665206247
10,4633171.665206247
11,4471577.492897859
12,4471577.492897859
13,4416278.203828883
14,4270851.378197393
15,4270851.378197393
16,4233553.014510927
17,4093429.649434707
18,3993686.8887622105
19,3993686.8887622105
20,3993511.055915745
21,3766542.2540364517
22,3766542.2540364517
23,3766542.2540364517
24,3675748.3846499976
25,3523747.5936962985
26,3523747.5936962985
27,3471376.028377657
28,3471376.028377657
29,3404593.795928997
30,3404593.795928997
31,3250305.059191214
32,3237694.3279465707
33,3212395.60497734
34,3192029.212241145
35,3158610.5320182755
36,3134869.387171205
37,3031898.98815061
38,3031898.98815061
39,3018564.4075555415
40,2907024.0240987977
41,2907024.0240987977
42,2907024.0240987977
43,2899942.0657653203
44,2869326.5173412664
45,2869326.5173412664
46,2869326.5173412664
47,2851488.6054515215
48,2826037.7437523375
49,2826037.7437523375
50,2796026.1273216805
51,2768079.522305163
52,2768079.522305163
53,2759944.5302764303
54,2757928.4938913635
55,2744770.986219684
56,2735828.755433482
57,2733169.349673343
58,2720455.799090099
59,2706814.9006847865
60,2703580.796007133
61,2703104.0895057116
62,2698025.8306099037
63,2693819.0843414245
64,2672173.668086429
65,2672173.668086429
66,2672173.668086429
67,2665431.8110239203
68,2658685.215095347
69,2658685.215095347
70,2649770.405438389
71,2649770.405438389
72,2638177.988908472
73,2637267.9143258855
74,2637267.9143258855
75,2626662.5738468436
76,2624383.9818578255
77,2620619.8196049775
78,2620617.337276524
79,2606802.3450620314
80,2606802.3450620314
81,2601500.3414142127
82,2600958.651969262
83,2600055.7823790037
84,2600055.7823790037
85,2600055.7823790037
86,2598290.135618199
87,2598151.4795333385
88,2595815.3474596734
89,2595815.3474596734
90,2595772.9652407416
91,2595482.9631822747
92,2593104.448889679
93,2593104.448889679
94,2593104.448889679
95,2589185.950223924
96,2589185.950223924
97,2589185.950223924
98,2589185.950223924
99,2589185.950223924
