,0
0,4373601.788860223
1,4373601.788860223
2,4282609.782694787
3,4140685.1657904484
4,4139301.882339896
5,4116502.5235500364
6,4086225.537096699
7,4009757.4618245075
8,3827851.7851061462
9,3827851.7851061462
10,3742464.920540922
11,3712642.632138946
12,3610014.496214752
13,3551484.3846472753
14,3551484.3846472753
15,3379722.3835812835
16,3367035.490423468
17,3352561.650557525
18,3253126.041565121
19,3192652.7303669723
20,3169515.4093043
21,3096163.4987458014
22,3025702.6540833036
23,3020434.2248216276
24,2984870.707502784
25,2886751.3047646764
26,2873892.2043118994
27,2774500.2484847885
28,2774500.2484847885
29,2766388.9525255165
30,2636532.054481481
31,2636532.054481481
32,2618656.8916460713
33,2574185.363251046
34,2573247.731530487
35,2537024.8567052437
36,2465448.3553260225
37,2446623.856661495
38,2413769.4296222324
39,2320550.5718002804
40,2320550.5718002804
41,2320550.5718002804
42,2320550.5718002804
43,2315101.2565452703
44,2254631.8576426245
45,2240262.0191832543
46,2222720.7304977765
47,2212623.5170246465
48,2212623.5170246465
49,2190402.832885753
50,2186331.757320966
51,2168616.782788528
52,2150597.5427814648
53,2114089.1544869794
54,2114089.1544869794
55,2104947.7834643493
56,2102231.0176346917
57,2099287.111788153
58,2094332.6658116959
59,2078190.15402657
60,2067137.059121325
61,2056030.2184431732
62,2056030.2184431732
63,2047330.917903434
64,2039960.3191568702
65,2038781.287158277
66,2038368.9254090046
67,2024252.0162560134
68,2020304.2537272898
69,2011249.9263341506
70,1996056.477248263
71,1996056.477248263
72,1990789.0346551659
73,1990789.0346551659
74,1990789.0346551659
75,1990789.0346551659
76,1987061.3880557138
77,1982332.074784873
78,1980111.7090220405
79,1980111.7090220405
80,1973489.311040706
81,1970991.8953216244
82,1967797.9287175925
83,1967797.9287175925
84,1967797.9287175925
85,1967160.2128894818
86,1967160.2128894818
87,1962991.4147077592
88,1958802.2176180717
89,1958802.2176180717
90,1958287.786138647
91,1949592.8972618934
92,1946379.0674698586
93,1946379.0674698586
94,1946379.0674698586
95,1943821.4144667182
96,1943821.4144667182
97,1943798.6261408147
98,1943134.555187671
99,1943134.555187671
100,1943134.555187671
101,1942802.585873588
102,1942802.585873588
103,1942802.585873588
104,1942802.585873588
105,1942802.585873588
