,0
0,6960509.935522186
1,6960509.935522186
2,6898220.484235549
3,6622777.243585177
4,6622777.243585177
5,6542755.592197081
6,6408011.08272964
7,6408011.08272964
8,6328751.300913812
9,6265363.367699038
10,6001249.96855153
11,6001249.96855153
12,5785993.298185501
13,5785993.298185501
14,5785993.298185501
15,5785993.298185501
16,5575276.862041746
17,5541710.847201147
18,5541710.847201147
19,5448752.291390521
20,5446805.726626766
21,5342924.165343836
22,5291708.315486764
23,5216516.11221702
24,5137858.355654851
25,5135615.702232244
26,5087710.366064005
27,4992319.096763718
28,4945079.383341898
29,4924560.341649437
30,4755742.842743733
31,4755742.842743733
32,4755742.842743733
33,4683243.413297099
34,4617943.565923479
35,4617943.565923479
36,4574451.219213988
37,4503014.614766868
38,4503014.614766868
39,4424192.868410801
40,4370971.359176906
41,4362212.029248031
42,4362212.029248031
43,4342814.141947856
44,4296607.742863384
45,4295039.132295145
46,4286482.243785903
47,4254729.096175056
48,4216491.226424045
49,4209189.6861546775
50,4207813.46579919
51,4165903.5058873286
52,4165903.5058873286
53,4127588.6775361532
54,4102575.913712615
55,4102575.913712615
56,4102152.8114468665
57,4095691.048784237
58,4059149.812285088
59,4049606.072049302
60,4049606.072049302
61,4049606.072049302
62,4036990.9914821996
63,4027894.609601186
64,4025270.596691564
65,4022586.8713125302
66,4019556.549378849
67,4016076.490369947
68,4004600.3599835667
69,4004600.3599835667
70,4002131.103945564
71,4002131.103945564
72,3995763.086693485
73,3994301.926367912
74,3992831.3003664357
75,3992831.3003664357
76,3989488.982411495
77,3989488.982411495
78,3987461.4158998006
79,3987461.4158998006
80,3984053.4512688364
81,3983974.216108439
82,3983546.417759403
83,3983230.7817970994
84,3980460.998775341
85,3980033.200426306
86,3980033.200426306
87,3980033.200426306
88,3980033.200426306
89,3979505.499828474
90,3979505.499828474
91,3979505.499828474
92,3979505.499828474
93,3979505.499828474
94,3978127.7616685107
95,3978127.7616685107
96,3977600.061070678
97,3977600.061070678
98,3977600.061070678
99,3977600.061070678
100,3977600.061070678
