,0
0,7068777.496504715
1,6866574.490511602
2,6830852.445998081
3,6599537.149745894
4,6443073.313065615
5,6443073.313065615
6,6263189.443328768
7,6187140.202067905
8,6187140.202067905
9,6076677.94966321
10,6076677.94966321
11,5990852.773946558
12,5990471.968408396
13,5864115.725096364
14,5803726.056074023
15,5803726.056074023
16,5686970.33406041
17,5470634.363026359
18,5470634.363026359
19,5401291.147337654
20,5272709.249737525
21,5272709.249737525
22,5269204.247248912
23,5120327.344274495
24,5114689.277646944
25,5013006.499703404
26,4847173.929528803
27,4843419.801472629
28,4834827.692768995
29,4763051.55024422
30,4763051.55024422
31,4656504.266151549
32,4595670.601671907
33,4595670.601671907
34,4550906.134134264
35,4550906.134134264
36,4508752.048510783
37,4429485.182870882
38,4425228.030080827
39,4373086.285071593
40,4373086.285071593
41,4373086.285071593
42,4282597.740130974
43,4282597.740130974
44,4282597.740130974
45,4282597.740130974
46,4258254.280666038
47,4239515.914460307
48,4203454.375979824
49,4185092.158417709
50,4185092.158417709
51,4152650.6075757085
52,4152650.6075757085
53,4144206.061579718
54,4116104.4221684835
55,4108180.6613839925
56,4100044.6927482826
57,4081937.408271493
58,4049747.1657974464
59,4049747.1657974464
60,4049747.1657974464
61,4047036.349931557
62,4042364.945250056
63,4019731.3369385037
64,4019731.3369385037
65,4016070.486341188
66,4008045.706551201
67,4008045.706551201
68,4008045.706551201
69,3995440.2052496346
70,3995440.2052496346
71,3995440.2052496346
72,3991522.4526904956
73,3991522.4526904956
74,3985694.651046515
75,3975602.8218607926
76,3962960.988245893
77,3962960.988245893
78,3958456.753710664
79,3946411.170677489
80,3946411.170677489
81,3944387.975005442
82,3944387.975005442
83,3944387.975005442
84,3941751.768039825
85,3939393.2746756705
86,3939393.2746756705
87,3938784.6337869475
88,3936426.140422793
89,3936426.140422793
90,3933882.421296018
91,3931246.2143304003
92,3931246.2143304003
93,3930816.166814562
94,3929346.459243524
95,3929346.459243524
96,3929346.459243524
97,3929346.459243524
98,3929346.459243524
99,3928253.879335844
100,3927823.8318200056
101,3927823.8318200056
102,3924701.1557137007
103,3920392.2810177403
104,3920392.2810177403
105,3920392.2810177403
106,3920392.2810177403
107,3920392.2810177403
108,3917269.6049114345
109,3917269.6049114345
110,3915746.977487917
111,3915746.977487917
112,3915567.7771224426
113,3915567.7771224426
114,3915567.7771224426
115,3915567.7771224426
116,3912590.8838795805
117,3912590.8838795805
118,3912590.8838795805
119,3912590.8838795805
120,3912590.8838795805
