,0
0,4880479.327351431
1,4822721.889690393
2,4584860.236941863
3,4417975.379590222
4,4417975.379590222
5,4260808.872190398
6,4210066.046767562
7,4210066.046767562
8,4202306.93176541
9,3980046.721231194
10,3914712.101258155
11,3764061.9971243776
12,3764061.9971243776
13,3749103.680202938
14,3701345.641533869
15,3554286.665922979
16,3554286.665922979
17,3443718.4867428835
18,3345545.931154234
19,3334152.105005848
20,3305053.7915167334
21,3259343.698746533
22,3209940.1566082076
23,3168195.1094439104
24,3168195.1094439104
25,3100510.5864822427
26,3039267.4210114884
27,2904770.198139279
28,2904770.198139279
29,2904770.198139279
30,2904770.198139279
31,2850767.8289129366
32,2850767.8289129366
33,2775380.84208818
34,2750042.951882077
35,2750042.951882077
36,2703250.8779952163
37,2703250.8779952163
38,2686950.5902041327
39,2630193.372366297
40,2630193.372366297
41,2630193.372366297
42,2589985.7079335717
43,2574229.6402426125
44,2523135.990784555
45,2523135.990784555
46,2523135.990784555
47,2473995.399924301
48,2473995.399924301
49,2473995.399924301
50,2460229.4836156336
51,2460229.4836156336
52,2452859.2177531538
53,2441533.394140799
54,2434457.6396304136
55,2425921.8088610177
56,2399984.3391460245
57,2381187.1509335227
58,2381187.1509335227
59,2371818.6928016
60,2351098.4914285433
61,2336968.9538182844
62,2319779.669716704
63,2308539.1713469382
64,2308539.1713469382
65,2306080.8425782667
66,2288481.0176618644
67,2287379.019749506
68,2280560.34215083
69,2274779.6721436786
70,2264895.902257411
71,2264895.902257411
72,2253812.5746670533
73,2250595.342376057
74,2246235.021674237
75,2236488.3347795806
76,2236488.3347795806
77,2233511.6006936473
78,2224986.95045198
79,2224986.95045198
80,2224897.213121287
81,2218433.9776664665
82,2215576.7599991746
83,2211698.813060377
84,2209725.4724102784
85,2208209.103524153
86,2204493.0451914635
87,2202042.371577981
88,2196593.8752704137
89,2193307.1439001686
90,2189827.995369698
91,2185291.9843788277
92,2185291.9843788277
93,2183820.252226653
94,2183064.4562326404
95,2183064.4562326404
96,2180349.205089613
97,2180349.205089613
98,2180002.9729130543
99,2178650.519352618
100,2178304.2871760596
101,2176916.5322688753
102,2176916.5322688753
103,2175217.8465318806
104,2175217.8465318806
105,2175217.8465318806
106,2169050.296559415
107,2169050.296559415
108,2169050.296559415
109,2169050.296559415
110,2169050.296559415
