,0
0,4439102.69166185
1,4329877.345123559
2,4329877.345123559
3,4211079.200406545
4,4044764.574554027
5,4044764.574554027
6,4026572.210481739
7,4026572.210481739
8,4023491.781368763
9,3920407.8528985395
10,3815388.797518394
11,3815388.797518394
12,3737196.864403166
13,3724221.6466367557
14,3673854.3229971756
15,3617301.7679258427
16,3571369.843643211
17,3466935.42245089
18,3363309.7102161646
19,3363309.7102161646
20,3339467.230082449
21,3339467.230082449
22,3246904.253776103
23,3218032.3259559143
24,3210351.217759313
25,3176464.1938779377
26,3050821.1183861685
27,3027363.1190570043
28,3027363.1190570043
29,2975558.820379244
30,2864112.482998039
31,2864112.482998039
32,2801815.9091149983
33,2801815.9091149983
34,2801815.9091149983
35,2746990.3342315545
36,2746990.3342315545
37,2725464.5295080384
38,2687330.2513101627
39,2664765.0721442364
40,2664765.0721442364
41,2612045.9119046275
42,2605345.2204893534
43,2605345.2204893534
44,2575820.1216215924
45,2549427.002556631
46,2537248.9515198776
47,2516008.9157047397
48,2495391.785208187
49,2471139.9819096
50,2446945.593793686
51,2444820.199113328
52,2396513.4894863386
53,2384459.753386767
54,2381736.900811775
55,2366997.85613527
56,2347827.1203100528
57,2347827.1203100528
58,2347827.1203100528
59,2335337.7402228946
60,2329998.3057959764
61,2322472.4466266134
62,2313606.1523101074
63,2313606.1523101074
64,2300850.7266683443
65,2300850.7266683443
66,2296487.840526013
67,2295794.848735425
68,2295794.848735425
69,2293942.428405094
70,2289396.2343428205
71,2282138.7811522987
72,2278902.0605749725
73,2278902.0605749725
74,2277197.072926873
75,2272600.6607436347
76,2271625.327563333
77,2271625.327563333
78,2270629.0493994034
79,2270441.09921966
80,2269697.745927555
81,2269666.804123321
82,2268590.697881643
83,2267930.025240406
84,2267332.8538083327
85,2267332.8538083327
86,2267268.8567155036
87,2267178.588513522
88,2267178.588513522
89,2267178.588513522
90,2267178.588513522
91,2267178.588513522
