,0
0,6118534.343971747
1,6118534.343971747
2,6019025.167056857
3,6019025.167056857
4,6006212.712584417
5,5955564.084311715
6,5848652.671843182
7,5848652.671843182
8,5844738.901700602
9,5625322.304385681
10,5625322.304385681
11,5625322.304385681
12,5522094.196016744
13,5522094.196016744
14,5522094.196016744
15,5493134.201770391
16,5457460.260230187
17,5374395.572297035
18,5374395.572297035
19,5374395.572297035
20,5366353.160747829
21,5366353.160747829
22,5097238.339468717
23,5097238.339468717
24,5097238.339468717
25,5097238.339468717
26,5097238.339468717
