,0
0,4739869.289107527
1,4730976.31938076
2,4716356.022430399
3,4632855.137346919
4,4319868.38224484
5,4319868.38224484
6,4186087.545095074
7,4186087.545095074
8,4186087.545095074
9,4063067.389247061
10,3926812.8681164104
11,3926812.8681164104
12,3778449.3054080675
13,3770674.062543185
14,3672428.2349566184
15,3581636.5633105007
16,3581636.5633105007
17,3453199.2380280965
18,3296681.3725674013
19,3296681.3725674013
20,3296681.3725674013
21,3296681.3725674013
22,3296681.3725674013
23,3240382.3287409083
24,3196528.583012242
25,3135859.257048965
26,3103268.1359994346
27,3103268.1359994346
28,2993321.7578295073
29,2993321.7578295073
30,2978218.8489188757
31,2978218.8489188757
32,2935008.800388537
33,2881917.572022145
34,2881917.572022145
35,2811957.6300575123
36,2811957.6300575123
37,2795915.5224399515
38,2751777.176326781
39,2729131.26469984
40,2729131.26469984
41,2694747.1643318012
42,2654309.438835621
43,2644391.3795248773
44,2624408.6262874436
45,2624408.6262874436
46,2610366.512645806
47,2578436.4110533865
48,2578436.4110533865
49,2563892.773350327
50,2538410.886596191
51,2533482.3543665116
52,2518238.0982583915
53,2518238.0982583915
54,2489675.865179989
55,2474151.3464642866
56,2469876.9134599282
57,2438823.5133071886
58,2438823.5133071886
59,2436809.5621178634
60,2399331.952994889
61,2375757.2683263025
62,2375757.2683263025
63,2375757.2683263025
64,2363007.424947838
65,2351653.3398600505
66,2333397.481252091
67,2333397.481252091
68,2333397.481252091
69,2317912.749834463
70,2282421.061767649
71,2282421.061767649
72,2261616.9964059633
73,2251912.324771578
74,2247704.6042551287
75,2224375.927393754
76,2208345.925867086
77,2208345.925867086
78,2208345.925867086
79,2208345.925867086
80,2197447.710291711
81,2197447.710291711
82,2190260.645531548
83,2190260.645531548
84,2183202.033450034
85,2182589.093585613
86,2181898.844507984
87,2174284.300175925
88,2174284.300175925
89,2163752.233836803
90,2163752.233836803
91,2160080.66854311
92,2157381.134202097
93,2157381.134202097
94,2155302.748404051
95,2154313.5982238166
96,2153552.8423080393
97,2148563.404504351
98,2148563.404504351
99,2146985.0493948455
100,2145641.4375610286
101,2144873.9547122396
102,2144873.9547122396
103,2144873.9547122396
104,2144873.9547122396
105,2144873.9547122396
106,2144211.5540377535
107,2144211.5540377535
108,2144211.5540377535
109,2144117.8561408464
110,2144117.8561408464
111,2144117.8561408464
112,2144117.8561408464
113,2144117.8561408464
