,0
0,4832595.1763519
1,4792450.272862031
2,4792450.272862031
3,4636258.927716841
4,4136121.711670619
5,4136121.711670619
6,4136121.711670619
7,4116205.7349564047
8,4095371.01953163
9,4074312.6679345504
10,3942938.825478312
11,3928625.276140245
12,3782708.2593188416
13,3782708.2593188416
14,3782708.2593188416
15,3698390.406849114
16,3620414.421910054
17,3497311.876295655
18,3453464.1665184726
19,3372952.9147286997
20,3372952.9147286997
21,3372952.9147286997
22,3290971.7832706473
23,3268227.518283854
24,3173272.2921157526
25,3160147.493945334
26,3160147.493945334
27,3092065.021559193
28,3052652.657771892
29,3010045.5562548162
30,3001884.2592109344
31,2997995.5999406325
32,2944240.531975105
33,2895775.01084564
34,2895775.01084564
35,2857812.2583022853
36,2857812.2583022853
37,2810826.8570690798
38,2796375.87084902
39,2796375.87084902
40,2750901.046157399
41,2750232.764701719
42,2712631.8522037915
43,2712631.8522037915
44,2712631.8522037915
45,2692715.180580676
46,2663295.934041401
47,2663295.934041401
48,2650867.0283507556
49,2638647.163749193
50,2628648.9609222617
51,2618683.3513300894
52,2618683.3513300894
53,2590322.816847521
54,2590322.816847521
55,2590322.816847521
56,2590322.816847521
57,2579515.311924305
58,2566544.6341847847
59,2566544.6341847847
60,2566336.0625247136
61,2550664.696604597
62,2548944.068746712
63,2543848.387969613
64,2543209.8861455456
65,2537149.763300538
66,2537149.763300538
67,2536927.2533753193
68,2533310.794020362
69,2531185.52305535
70,2523458.8858825713
71,2523458.8858825713
72,2523458.8858825713
73,2523458.8858825713
74,2519086.2382829385
75,2517237.8202492534
76,2517237.8202492534
77,2517237.8202492534
78,2517237.8202492534
79,2517237.8202492534
