,0
0,5533383.55547795
1,5448816.705095148
2,5198334.4973818865
3,5198334.4973818865
4,5167973.0446654875
5,5088215.833553609
6,4895069.966920786
7,4895069.966920786
8,4841177.095139916
9,4682894.417660121
10,4682894.417660121
11,4575469.0063808095
12,4477808.710246439
13,4477808.710246439
14,4167046.8824252267
15,4167046.8824252267
16,4089838.640574241
17,4056353.828215494
18,3908747.6288684676
19,3908747.6288684676
20,3787779.065721308
21,3787779.065721308
22,3787779.065721308
23,3688625.334142738
24,3677231.482404585
25,3588827.068296523
26,3527099.729273808
27,3475025.1288945423
28,3455325.2318001078
29,3388287.3090234036
30,3225591.329809805
31,3225591.329809805
32,3225591.329809805
33,3201176.637396631
34,3158008.923403623
35,3158008.923403623
36,3158008.923403623
37,3095842.325971758
38,3059437.7396635227
39,2969906.307832842
40,2969906.307832842
41,2969906.307832842
42,2965541.006599534
43,2910239.5190533344
44,2875356.9111388517
45,2800931.2896419456
46,2800931.2896419456
47,2800931.2896419456
48,2778061.4295000862
49,2778061.4295000862
50,2764435.637839313
51,2747731.19012975
52,2747731.19012975
53,2696903.6076902514
54,2696903.6076902514
55,2696903.6076902514
56,2689406.7487871037
57,2669816.564628633
58,2668405.353193432
59,2659574.397751873
60,2644488.6373732407
61,2644488.6373732407
62,2625795.0099541727
63,2608706.4508318002
64,2596676.662206711
65,2596676.662206711
66,2595054.919673917
67,2585587.9359630444
68,2572144.8801122406
69,2565454.0989192906
70,2548834.53132079
71,2548834.53132079
72,2542571.635138094
73,2542571.635138094
74,2532848.7232667007
75,2518250.0908674565
76,2514639.2535242937
77,2514639.2535242937
78,2507539.447167019
79,2507539.447167019
80,2505602.2691308483
81,2503423.4415140864
82,2500827.6386320614
83,2484726.3080334286
84,2482798.096790303
85,2482798.096790303
86,2481869.9616334876
87,2481869.9616334876
88,2477605.569550034
89,2474822.2691571875
90,2474099.464293554
91,2468795.174324912
92,2462718.178066177
93,2462718.178066177
94,2462718.178066177
95,2459410.5779668908
96,2459410.5779668908
97,2455223.5486302185
98,2450529.7805515057
99,2450529.7805515057
100,2450529.7805515057
101,2450529.7805515057
102,2450529.7805515057
