,0
0,4706646.020140124
1,4706646.020140124
2,4695198.510417037
3,4465476.563371089
4,4459272.04577951
5,4251020.72075669
6,4251020.72075669
7,4071886.6800003527
8,4039766.864266573
9,3984868.902464227
10,3809567.142530464
11,3809567.142530464
12,3780137.390231439
13,3726509.7695002644
14,3641057.8235816425
15,3540156.6035998994
16,3540156.6035998994
17,3456577.4573643976
18,3384740.4408748248
19,3384740.4408748248
20,3341510.6984163094
21,3326105.4054183452
22,3299200.071968473
23,3158081.9201083556
24,3158081.9201083556
25,3158081.9201083556
26,3072817.204221104
27,3060395.685268436
28,2962021.12569209
29,2962021.12569209
30,2914408.1112984866
31,2881521.8742248286
32,2854664.5798665835
33,2854664.5798665835
34,2829922.74662226
35,2829922.74662226
36,2788323.0894129393
37,2788323.0894129393
38,2756556.419392148
39,2675961.477774242
40,2675961.477774242
41,2675961.477774242
42,2658226.239078479
43,2637069.997704643
44,2591338.018229339
45,2591338.018229339
46,2562737.468712543
47,2562737.468712543
48,2561607.961173915
49,2536074.386714783
50,2519979.206693832
51,2500268.2944260677
52,2488840.6627816563
53,2458857.386898595
54,2453683.61138583
55,2445795.363609884
56,2410170.535896818
57,2410170.535896818
58,2396986.0141345686
59,2396986.0141345686
60,2389653.0296397656
61,2376273.6180135994
62,2359184.1656484096
63,2342760.6947823386
64,2342760.6947823386
65,2340607.3827423505
66,2327833.2055784226
67,2327833.2055784226
68,2317737.8107438656
69,2317737.8107438656
70,2317737.8107438656
71,2315715.9508517548
72,2302439.4805535697
73,2302439.4805535697
74,2297145.6982776346
75,2293106.019281969
76,2287237.1075317822
77,2283998.5934170955
78,2283998.5934170955
79,2281678.530657541
80,2272054.965915742
81,2272054.965915742
82,2272054.965915742
83,2266643.22133429
84,2264871.3086649384
85,2264871.3086649384
86,2263931.594615698
87,2263931.594615698
88,2263931.594615698
89,2262507.6171498355
90,2261922.9928035494
91,2261401.454020489
92,2260735.7044804837
93,2260735.7044804837
94,2260735.7044804837
95,2260735.7044804837
96,2260735.7044804837
