,0
0,6308201.748411715
1,6027031.716316178
2,6027031.716316178
3,6027031.716316178
4,5961705.614796677
5,5961705.614796677
6,5961705.614796677
7,5909157.307890854
8,5909157.307890854
9,5844493.795884368
10,5817858.56940142
11,5720593.244084568
12,5720593.244084568
13,5678601.525085646
14,5620797.146634121
15,5484789.544150112
16,5484789.544150112
17,5392962.9615732925
18,5383576.58735293
19,5383576.58735293
20,5209065.20656841
21,5209065.20656841
22,5209065.20656841
23,5209065.20656841
24,5192221.302378676
25,5151237.8929941505
26,5021527.06548827
27,5021527.06548827
28,5021527.06548827
29,5012600.963193779
30,4870173.592732382
31,4870173.592732382
32,4862393.475491637
33,4862393.475491637
34,4664141.845211019
35,4664141.845211019
36,4664141.845211019
37,4664141.845211019
38,4659852.320412411
39,4647036.527032137
40,4616678.127947481
41,4605193.102598069
42,4565483.040044528
43,4528242.886312751
44,4494108.250528666
45,4482748.992750529
46,4480887.270208496
47,4471104.604965304
48,4384615.094908673
49,4383334.944694468
50,4346390.443779024
51,4346390.443779024
52,4346390.443779024
53,4293154.088662469
54,4280947.614476574
55,4255979.85775382
56,4237813.5539288875
57,4219666.589314705
58,4219666.589314705
59,4178651.865695608
60,4178651.865695608
61,4127732.208432563
62,4127732.208432563
63,4062122.0207960545
64,4030661.0130963023
65,4030661.0130963023
66,4030661.0130963023
67,4012278.899721836
68,4012278.899721836
69,3999495.1309534498
70,3999495.1309534498
71,3961173.8384842128
72,3961173.8384842128
73,3961173.8384842128
74,3906635.8675634777
75,3906635.8675634777
76,3906635.8675634777
77,3906635.8675634777
78,3881645.5811151457
79,3875244.8434418826
80,3848072.4282358903
81,3820338.4215489943
82,3818841.8109590304
83,3818841.8109590304
84,3809390.5081178183
85,3742286.482274502
86,3742286.482274502
87,3742286.482274502
88,3742286.482274502
89,3726781.75968921
90,3719815.258332348
91,3693373.003697871
92,3693373.003697871
93,3693373.003697871
94,3677354.023408168
95,3673897.08796353
96,3671542.0163094536
97,3654638.0811362723
98,3654638.0811362723
99,3636550.2891923757
100,3621522.593792607
101,3621522.593792607
102,3621522.593792607
103,3598275.019314535
104,3598275.019314535
105,3596453.98056706
106,3590036.579760224
107,3584177.533119705
108,3578567.0339594427
109,3576238.246889228
110,3565174.6357122473
111,3560391.355166024
112,3554767.181931083
113,3554767.181931083
114,3541392.8557755034
115,3541392.8557755034
116,3539818.5479927044
117,3539818.5479927044
118,3539818.5479927044
119,3539818.5479927044
120,3534302.7204776723
121,3534302.7204776723
122,3530502.2612134917
123,3530502.2612134917
124,3526475.6926771034
125,3525871.4719085605
126,3520644.56398895
127,3520644.56398895
128,3518282.3458451787
129,3518282.3458451787
130,3516708.0380623797
131,3516708.0380623797
132,3516708.0380623797
133,3516708.0380623797
134,3516708.0380623797
