,0
0,6360783.58188626
1,6234959.505463402
2,6234959.505463402
3,6230869.9223613255
4,6230869.9223613255
5,6061355.755654265
6,5973333.525113029
7,5973333.525113029
8,5921498.029331237
9,5894949.148576671
10,5798243.998402887
11,5798243.998402887
12,5798243.998402887
13,5574884.252976102
14,5574884.252976102
15,5525753.075121065
16,5525753.075121065
17,5525753.075121065
18,5525753.075121065
19,5500545.839638254
20,5390473.3697607685
21,5390473.3697607685
22,5291713.48631544
23,5291713.48631544
24,5291713.48631544
25,5258227.149451594
26,5235722.602839345
27,5235722.602839345
28,5235722.602839345
29,5182023.430011662
30,5182023.430011662
31,5182023.430011662
32,5125062.397180628
33,5125062.397180628
34,5125062.397180628
35,5057843.078447918
36,5023698.992518705
37,5000410.650428261
38,4952705.995400619
39,4937015.565801533
40,4929294.392487883
41,4873789.24547502
42,4823902.942283285
43,4823902.942283285
44,4773704.663695396
45,4773704.663695396
46,4661533.614419945
47,4661533.614419945
48,4661533.614419945
49,4557931.290209363
50,4514461.557202232
51,4508192.691670637
52,4484775.401088007
53,4484775.401088007
54,4428301.479264567
55,4428301.479264567
56,4428301.479264567
57,4390893.1399527285
58,4390877.084759583
59,4390877.084759583
60,4340106.118534924
61,4330867.11893703
62,4298179.775093423
63,4262101.016566106
64,4262101.016566106
65,4213240.9177351305
66,4204569.768652884
67,4204569.768652884
68,4203877.665122506
69,4188095.769172108
70,4170678.5310292244
71,4167724.067936716
72,4167724.067936716
73,4114201.500523662
74,4114201.500523662
75,4114201.500523662
76,4096023.064024
77,4080274.2468759934
78,4074151.1238972885
79,4074151.1238972885
80,4064666.3106910028
81,4064666.3106910028
82,4064666.3106910028
83,4064666.3106910028
84,4064113.950006917
85,4054231.5066864686
86,4053963.0911435653
87,4053920.5276011517
88,4053920.5276011517
89,4049603.851809083
90,4049603.851809083
91,4048659.8865778768
92,4047672.5466844575
93,4046333.435647403
94,4046305.5552736074
95,4046305.5552736074
96,4046022.456562086
97,4046022.456562086
98,4046022.456562086
99,4046022.456562086
100,4046022.456562086
