,0
0,4458283.405461949
1,4199946.507053116
2,4199946.507053116
3,4199946.507053116
4,4199946.507053116
5,4142945.835636776
6,4059864.8184191403
7,3893809.2650241433
8,3893809.2650241433
9,3893809.2650241433
10,3713814.431051009
11,3713814.431051009
12,3713814.431051009
13,3628551.800995537
14,3602167.443005067
15,3545841.2457355317
16,3413316.818551532
17,3352703.2844014196
18,3260415.2752610142
19,3226496.916510433
20,3196947.911559095
21,3113111.7202328094
22,3044651.6409707996
23,3044651.6409707996
24,3030611.6873458745
25,2993215.660614855
26,2910263.2862143
27,2896866.0490861647
28,2842223.684861222
29,2829258.9930877252
30,2685203.521273021
31,2685203.521273021
32,2575186.93883675
33,2575186.93883675
34,2575186.93883675
35,2575186.93883675
36,2559615.1645822288
37,2501020.06542845
38,2501020.06542845
39,2446587.928772798
40,2446587.928772798
41,2417686.6066189366
42,2395836.97944179
43,2352086.562245261
44,2337397.909710659
45,2336817.163167248
46,2302148.0845643934
47,2243850.129291578
48,2243850.129291578
49,2227582.0517826555
50,2222787.4702308085
51,2178519.8412806187
52,2178519.8412806187
53,2143260.5766851017
54,2134045.7088740026
55,2097187.4638764984
56,2089295.2730757578
57,2089295.2730757578
58,2089295.2730757578
59,2084313.945748861
60,2067161.0785658392
61,2067161.0785658392
62,2062265.4281773746
63,2043570.5297754225
64,2035123.094514554
65,2035123.094514554
66,2000648.1059418584
67,1985763.7310562644
68,1985763.7310562644
69,1985763.7310562644
70,1983860.991073457
71,1983235.4104127537
72,1976794.2046964923
73,1961421.8275655732
74,1961421.8275655732
75,1953879.0481557283
76,1943601.0330405256
77,1937456.153441658
78,1937456.153441658
79,1933318.4267360806
80,1919675.3714589295
81,1919675.3714589295
82,1919675.3714589295
83,1905280.0135685178
84,1905280.0135685178
85,1902377.9229913251
86,1897922.989244477
87,1895736.5892203343
88,1895736.5892203343
89,1889282.0594088954
90,1881266.7416529206
91,1881266.7416529206
92,1881266.7416529206
93,1881216.5339982135
94,1877710.8326721212
95,1877710.8326721212
96,1877710.8326721212
97,1873517.34419243
98,1872933.7710760878
99,1872933.7710760878
100,1871669.7873809752
101,1870993.5427039047
102,1870993.5427039047
103,1870479.522991232
104,1870427.6382091446
105,1870427.6382091446
106,1870427.6382091446
107,1870427.6382091446
108,1870427.6382091446
