,0
0,7012848.195454196
1,6615058.786258166
2,6615058.786258166
3,6615058.786258166
4,6542528.793200954
5,6542528.793200954
6,6375639.973456121
7,6322134.218305835
8,6187842.982229039
9,6142483.8079062635
10,6097577.901594222
11,5873918.835511628
12,5847339.265284877
13,5832431.3790055225
14,5748316.491708397
15,5707918.629289451
16,5618269.1506216135
17,5587192.0339703
18,5500158.128758217
19,5486429.726749124
20,5296169.331102805
21,5257969.023201615
22,5209326.304811602
23,5091312.332720986
24,4985806.709061479
25,4913462.886906812
26,4828575.126502206
27,4783054.224776599
28,4783054.224776599
29,4729679.993938001
30,4656348.8156834785
31,4620924.762294365
32,4587261.73353841
33,4553294.817125111
34,4510990.2841514535
35,4500238.937649493
36,4426840.575815385
37,4426840.575815385
38,4372313.676629673
39,4366745.562056816
40,4314745.767520692
41,4285934.6344910385
42,4283044.190055842
43,4283044.190055842
44,4252831.990700163
45,4234675.784156083
46,4232514.0831642365
47,4214242.223839632
48,4191131.5600569695
49,4149040.193079547
50,4149040.193079547
51,4149040.193079547
52,4149040.193079547
53,4136030.476352119
54,4121450.156537584
55,4105414.1909503066
56,4105414.1909503066
57,4093968.16552552
58,4081951.3897636095
59,4077435.758817794
60,4061775.2103013555
61,4061775.2103013555
62,4054079.572212365
63,4046209.7518799636
64,4033241.636072373
65,4033241.636072373
66,4033241.636072373
67,4029476.10278682
68,4027027.287696216
69,4023158.4059117828
70,4020561.535756143
71,4016128.5703691216
72,4015446.3328635567
73,4011440.3587492052
74,4006326.5185836586
75,4006326.5185836586
76,4004136.458988299
77,3999714.617362927
78,3999032.3798573622
79,3998658.1116346037
80,3998658.1116346037
81,3997985.282379545
82,3997116.7387564993
83,3996758.3292002617
84,3996758.3292002617
85,3995968.193466482
86,3995968.193466482
87,3995968.193466482
88,3995968.193466482
89,3995968.193466482
