,0
0,5437230.773357756
1,5420196.817538622
2,5286071.680329688
3,5197603.280159386
4,5117478.950875939
5,5088146.808903202
6,4834026.151512369
7,4626924.201268922
8,4626924.201268922
9,4608108.869190828
10,4538691.342285457
11,4385644.982877188
12,4328827.660042216
13,4328827.660042216
14,4179126.738596232
15,4095617.5017478014
16,4095617.5017478014
17,4051151.235863665
18,3850695.553521929
19,3713107.446762146
20,3699460.7472937033
21,3699460.7472937033
22,3640336.572258881
23,3606838.254083026
24,3428261.328705184
25,3332905.309078669
26,3332905.309078669
27,3332905.309078669
28,3226931.796016211
29,3204022.4880841565
30,3204022.4880841565
31,3175237.1899395264
32,3086803.4531374234
33,3086803.4531374234
34,3044612.643031569
35,2994093.5191099704
36,2994093.5191099704
37,2974322.2629737067
38,2939704.9185150047
39,2925572.714219606
40,2860098.3629337926
41,2810958.7689156136
42,2810958.7689156136
43,2810958.7689156136
44,2779336.075587871
45,2767057.6534741297
46,2749991.6363375005
47,2731328.857982093
48,2684158.3471589396
49,2684158.3471589396
50,2653291.649537211
51,2649800.0070742164
52,2621360.134787563
53,2580720.0431178263
54,2580720.0431178263
55,2577557.6154539236
56,2577557.6154539236
57,2577557.6154539236
58,2575664.579495249
59,2560167.614078242
60,2526437.4374603094
61,2526437.4374603094
62,2526437.4374603094
63,2526322.14220331
64,2523144.793030848
65,2523144.793030848
66,2508026.925356665
67,2506261.039542409
68,2494249.603579145
69,2485634.200929427
70,2476422.534896597
71,2472459.3935391805
72,2464567.715208313
73,2448083.845193709
74,2448083.845193709
75,2438246.7455049898
76,2438246.7455049898
77,2437461.4057734325
78,2434313.0390209295
79,2431327.5132828397
80,2428911.04451351
81,2424025.5149350385
82,2412218.181953264
83,2412218.181953264
84,2403780.971818035
85,2402125.602236028
86,2402125.602236028
87,2401890.1825107415
88,2401890.1825107415
89,2400812.420979086
90,2395770.3412030837
91,2392608.2488089097
92,2392534.023819284
93,2387869.7221479225
94,2387633.078464148
95,2386789.32960761
96,2385189.0205393727
97,2380019.4667181536
98,2380019.4667181536
99,2380019.4667181536
100,2375920.376059181
101,2374483.5505114202
102,2374483.5505114202
103,2374483.5505114202
104,2373315.3283229577
105,2373312.6049129926
106,2372381.087355673
107,2371695.0481186495
108,2370707.5571767692
109,2370707.5571767692
110,2370614.655578337
111,2370614.655578337
112,2370614.655578337
113,2369976.026431533
114,2369976.026431533
115,2368617.325799256
116,2368617.325799256
117,2368617.325799256
118,2368617.325799256
119,2368617.325799256
