,0
0,6899145.9198914
1,6884816.582808979
2,6738867.0908380095
3,6654373.114976442
4,6443613.070994688
5,6443613.070994688
6,6443613.070994688
7,6090835.819166263
8,6090835.819166263
9,6089208.265893718
10,6089208.265893718
11,5991634.552785364
12,5962165.033208512
13,5852614.963896167
14,5800578.308928308
15,5665457.972258806
16,5541485.630024322
17,5541485.630024322
18,5521374.909134884
19,5309811.375263083
20,5289463.674334729
21,5117385.051581583
22,5117385.051581583
23,5117385.051581583
24,5117385.051581583
25,4975779.370283108
26,4975779.370283108
27,4911457.67090778
28,4815761.586564964
29,4801689.839390453
30,4753402.529303799
31,4612985.191619931
32,4612985.191619931
33,4563189.3392118
34,4563189.3392118
35,4533990.858595464
36,4486551.110118823
37,4484849.690501782
38,4428260.827199921
39,4406913.087941905
40,4395885.5691546025
41,4350330.927204408
42,4315801.959595443
43,4292856.739216633
44,4290790.152858305
45,4246393.802138612
46,4242875.124198219
47,4185099.8235290167
48,4185099.8235290167
49,4185099.8235290167
50,4133718.6080809264
51,4133718.6080809264
52,4119515.1724258773
53,4105254.25358454
54,4105254.25358454
55,4086558.2323760604
56,4083843.438889885
57,4053293.965087806
58,4025384.730275747
59,4025384.730275747
60,4022802.2108714483
61,4013804.0767510068
62,3999658.0540040876
63,3991761.830010664
64,3981751.3730599983
65,3971529.7899936456
66,3971529.7899936456
67,3964530.7100818176
68,3949129.2794967634
69,3935784.8018214596
70,3924146.733656691
71,3909959.0089096013
72,3909959.0089096013
73,3909959.0089096013
74,3908294.3320260714
75,3897333.8963384116
76,3897333.8963384116
77,3897333.8963384116
78,3897333.8963384116
79,3894139.838038617
80,3889277.843009186
81,3887337.9988387735
82,3886185.344888076
83,3881053.9668828836
84,3880749.297104599
85,3877642.1011927165
86,3876314.704904398
87,3875986.4695247663
88,3874976.243756592
89,3871345.142338345
90,3870479.51230892
91,3866619.510154659
92,3866619.510154659
93,3865520.9753105463
94,3863975.390098571
95,3862727.9741743663
96,3861440.1907256115
97,3860699.599536309
98,3859952.798304606
99,3859518.2905325806
100,3859081.697361456
101,3859081.697361456
102,3859081.697361456
103,3859081.697361456
104,3859081.697361456
