,0
0,6890974.016490895
1,6890974.016490895
2,6838970.493313923
3,6739069.359105929
4,6695633.159759564
5,6695633.159759564
6,6341675.083958461
7,6294178.791587582
8,6215848.795383372
9,6062119.912102357
10,6062119.912102357
11,6062119.912102357
12,5934094.631035976
13,5846736.514863183
14,5846736.514863183
15,5771849.23765222
16,5765488.366864834
17,5616581.7590339715
18,5616581.7590339715
19,5549549.909070064
20,5479190.267255285
21,5416170.815994284
22,5415980.525388519
23,5246168.891942057
24,5145543.489321749
25,5084646.268429064
26,5050636.745857053
27,5050636.745857053
28,4978477.903339625
29,4902735.066172343
30,4880011.421477805
31,4797381.13319212
32,4687725.357002512
33,4679009.3199322
34,4653227.688521485
35,4615902.133587062
36,4537196.901270401
37,4537196.901270401
38,4532434.039283983
39,4471746.934841852
40,4446227.758469685
41,4394540.625271972
42,4382060.365088826
43,4361293.093991727
44,4343711.265932879
45,4312662.452817572
46,4277236.637893749
47,4258158.103434923
48,4258158.103434923
49,4183441.363335473
50,4183441.363335473
51,4168977.648398298
52,4168977.648398298
53,4164781.8172716084
54,4148683.602946329
55,4139662.6179929636
56,4139662.6179929636
57,4115985.762899956
58,4112590.2652153415
59,4094848.3100429177
60,4094848.3100429177
61,4094848.3100429177
62,4088371.986694609
63,4087925.7438017707
64,4084393.7754406743
65,4070638.583706847
66,4062989.82718648
67,4062989.82718648
68,4062989.82718648
69,4052178.7495937306
70,4051156.040873359
71,4051156.040873359
72,4049652.7040660037
73,4045658.595676315
74,4036169.612822356
75,4028738.3739202265
76,4028738.3739202265
77,4025034.832444108
78,4025034.832444108
79,4024192.2021814683
80,4024169.9578518975
81,4021789.67873415
82,4020242.6118235346
83,4020242.6118235346
84,4020061.224436766
85,4016975.910998922
86,4016306.1621908885
87,4014446.867789607
88,4014446.867789607
89,4014446.867789607
90,4014446.867789607
91,4014446.867789607
