,0
0,4251104.106065608
1,4251104.106065608
2,4251104.106065608
3,4251104.106065608
4,4155693.0767013035
5,4145292.305463462
6,4028424.075265283
7,4013637.0250248373
8,4001114.829252772
9,3801894.7271031304
10,3713777.3324682396
11,3713777.3324682396
12,3631278.432616044
13,3631278.432616044
14,3561578.7401854154
15,3511925.5728815286
16,3511925.5728815286
17,3325858.7010592376
18,3305299.0938103227
19,3305299.0938103227
20,3289725.963702312
21,3202008.9912669407
22,3126111.1037894627
23,3124807.02192654
24,3111951.6090227077
25,3020941.0365679218
26,3020941.0365679218
27,2927194.885060951
28,2927194.885060951
29,2882408.378278002
30,2811761.3672519894
31,2795794.2827386633
32,2780301.0769147268
33,2666343.0582319456
34,2620454.185542968
35,2620454.185542968
36,2620210.7560776887
37,2605508.439605168
38,2587783.8130067172
39,2519300.872922118
40,2519300.872922118
41,2475518.865005929
42,2432417.172838029
43,2432417.172838029
44,2402918.0855485215
45,2400922.470955283
46,2325482.862683648
47,2325482.862683648
48,2293306.215147153
49,2284848.3934757165
50,2247819.545544042
51,2245773.193744864
52,2217232.671120864
53,2217232.671120864
54,2206704.1008043853
55,2190903.0755523564
56,2157619.3615299603
57,2157619.3615299603
58,2156717.6068817005
59,2132006.682130106
60,2104087.6403926895
61,2090192.5840627095
62,2090192.5840627095
63,2077896.2922542698
64,2075772.7479633281
65,2052472.2146448712
66,2037448.6003801052
67,2035925.51762522
68,2008698.3289687552
69,2004935.4649382546
70,1994775.3382359573
71,1994775.3382359573
72,1983277.560174105
73,1972168.1133706302
74,1969463.5670077489
75,1963897.7792792744
76,1948188.8895248787
77,1909472.50503848
78,1909472.50503848
79,1909472.50503848
80,1909472.50503848
81,1909472.50503848
