,0
0,4481356.017537138
1,4417134.6987384
2,4254722.367674113
3,4254722.367674113
4,4160305.939212446
5,4160305.939212446
6,4072376.5664440305
7,3946835.680907331
8,3946835.680907331
9,3925755.633708969
10,3925755.633708969
11,3779852.3522912036
12,3682552.4178489535
13,3562404.8788977335
14,3562404.8788977335
15,3495667.6083515096
16,3494468.7906002873
17,3494468.7906002873
18,3494468.7906002873
19,3409155.009610962
20,3363071.9011488645
21,3288173.983373687
22,3265717.486770479
23,3263500.633600573
24,3190246.4482299727
25,3102351.2832778073
26,3101027.0787136364
27,3000378.0299903885
28,2956196.636380092
29,2937660.050489842
30,2927741.2551236185
31,2821638.3810034646
32,2799773.51945783
33,2744765.6226512077
34,2744765.6226512077
35,2732148.4718230665
36,2717038.6333281286
37,2693015.2027383572
38,2693015.2027383572
39,2622524.2321130987
40,2576078.056965597
41,2567269.498176728
42,2542784.9190715393
43,2502057.479023726
44,2483023.0973132304
45,2483023.0973132304
46,2468447.785189997
47,2445824.878602757
48,2445824.878602757
49,2395259.0238393107
50,2360827.610440027
51,2345079.9249420124
52,2345079.9249420124
53,2337759.017553974
54,2323857.4862318714
55,2296173.300182554
56,2284106.1245496953
57,2245257.646580081
58,2245257.646580081
59,2226218.310606726
60,2218730.624804381
61,2202376.3283747514
62,2168664.789406987
63,2168664.789406987
64,2168664.789406987
65,2168664.789406987
66,2168664.789406987
67,2143127.3514133077
68,2143127.3514133077
69,2143127.3514133077
70,2128205.5136864334
71,2128205.5136864334
72,2110334.5051903706
73,2110334.5051903706
74,2110334.5051903706
75,2110334.5051903706
76,2097769.7190062297
77,2097769.7190062297
78,2085633.705167095
79,2082527.1357946836
80,2078796.7443593575
81,2077291.7565589799
82,2070123.5613380708
83,2068555.8817139245
84,2067050.8939135466
85,2065574.4435723615
86,2065574.4435723615
87,2065574.4435723615
88,2065574.4435723615
89,2065574.4435723615
