,0
0,5849777.328614456
1,5658386.876536047
2,5566917.796746189
3,5526371.189110174
4,5403629.453884835
5,5199115.685463474
6,5176764.77444228
7,5006826.59915507
8,4993798.276947729
9,4900712.484620161
10,4839997.416437477
11,4684206.652127201
12,4684206.652127201
13,4605072.037156112
14,4414920.424110136
15,4169786.6445160825
16,4169786.6445160825
17,4111900.2780981828
18,4094874.1228906107
19,4028118.6467279634
20,3882665.0371516906
21,3882665.0371516906
22,3844767.9241377674
23,3844767.9241377674
24,3691022.7588014216
25,3574380.1719564325
26,3513709.064686271
27,3448518.0755425314
28,3448518.0755425314
29,3443215.868569133
30,3422592.2039389363
31,3322923.9011203498
32,3322923.9011203498
33,3322923.9011203498
34,3194624.532222944
35,3194624.532222944
36,3178411.309639489
37,3147528.8639209634
38,3046458.9289476154
39,3033561.8256630865
40,3025229.9447011817
41,2984014.8653355837
42,2957728.5046726298
43,2918104.432791033
44,2906843.7680231873
45,2899797.6182444086
46,2864165.236867591
47,2822380.244736842
48,2816602.8554153056
49,2774115.528319935
50,2774115.528319935
51,2766276.4880490503
52,2738149.544365104
53,2728957.1415126
54,2710586.2951917956
55,2690478.3312255368
56,2663319.708336705
57,2644886.964524749
58,2629761.4752077046
59,2629761.4752077046
60,2629761.4752077046
61,2629761.4752077046
62,2619010.122115353
63,2615002.261214664
64,2603421.4169501793
65,2590540.636839228
66,2585489.8141419226
67,2569970.152794164
68,2564505.545342158
69,2564505.545342158
70,2564402.1504285866
71,2554719.786692994
72,2554719.786692994
73,2542176.235729704
74,2534846.870461131
75,2534846.870461131
76,2534846.870461131
77,2529745.0914277164
78,2520507.5776897054
79,2520507.5776897054
80,2518076.4019875037
81,2515611.227361162
82,2513199.000844878
83,2513199.000844878
84,2500048.176508499
85,2500048.176508499
86,2496484.309426706
87,2496484.309426706
88,2495170.775365874
89,2492410.442248298
90,2492410.442248298
91,2479385.1420310983
92,2473868.180878483
93,2469252.758750512
94,2466799.306386531
95,2466799.306386531
96,2466799.306386531
97,2466799.306386531
98,2466291.3996464047
99,2466291.3996464047
100,2463170.429163161
101,2463170.429163161
102,2462653.9225498014
103,2462653.9225498014
104,2462653.9225498014
105,2462653.9225498014
106,2462653.9225498014
