,0
0,4403542.522347784
1,4367168.663644144
2,4342985.59127203
3,4232130.1802302925
4,4116583.2941564484
5,4116583.2941564484
6,3992267.913277859
7,3989470.9443569956
8,3973959.0739763197
9,3914868.652706529
10,3871543.353727782
11,3703839.698706497
12,3703839.698706497
13,3613406.0221488783
14,3613406.0221488783
15,3602521.716964588
16,3541522.425460189
17,3522483.913879756
18,3457535.936502565
19,3439733.505346931
20,3306623.0702834707
21,3306623.0702834707
22,3259752.6094849366
23,3222910.2619081116
24,3138122.328725278
25,3138122.328725278
26,3138122.328725278
27,3048730.319094742
28,3048730.319094742
29,2950559.7493422343
30,2881960.8636449934
31,2881960.8636449934
32,2881960.8636449934
33,2792908.318068823
34,2790395.051092456
35,2789384.7775482466
36,2753226.590766779
37,2730291.6168424836
38,2630101.2443374624
39,2615757.1982679614
40,2615757.1982679614
41,2579962.2411639444
42,2579962.2411639444
43,2579962.2411639444
44,2555984.349187551
45,2519646.7414424806
46,2475308.147661106
47,2475308.147661106
48,2421238.478629829
49,2419858.5666201985
50,2371646.7501343084
51,2365035.673357581
52,2359072.3742002784
53,2359072.3742002784
54,2333085.581212962
55,2324659.531035203
56,2303579.5781141887
57,2284166.708267727
58,2245333.050551817
59,2239382.665157507
60,2227531.886154676
61,2219421.4695806513
62,2176021.749462849
63,2176021.749462849
64,2176021.749462849
65,2163051.972225599
66,2163051.972225599
67,2155805.2661578725
68,2149909.969523733
69,2142218.3819271633
70,2103048.577493666
71,2103048.577493666
72,2103048.577493666
73,2103048.577493666
74,2103048.577493666
75,2092002.9543551044
76,2092002.9543551044
77,2084042.0284893278
78,2084042.0284893278
79,2082855.081166646
80,2078837.8011661228
81,2078837.8011661228
82,2077155.8199869844
83,2077155.8199869844
84,2077155.8199869844
85,2077155.8199869844
86,2077155.8199869844
