,0
0,930778.1157251187
1,862353.9741196486
2,757304.3030277332
3,726257.0930454424
4,726257.0930454424
5,693963.726266567
6,678449.2021518112
7,649783.2961353458
8,628330.2360325848
9,587619.188323135
10,587619.188323135
11,575772.4025403779
12,560142.6782364743
13,560142.6782364743
14,560142.6782364743
15,550310.0005117278
16,543901.0814390457
17,533334.1103338226
18,532970.3919646568
19,526021.9967836611
20,523570.7189408688
21,520361.299029113
22,517949.92779685225
23,512489.0394182074
24,512489.0394182074
25,512489.0394182074
26,512489.0394182074
27,512489.0394182074
