,0
0,1052639.7766736846
1,1052639.7766736846
2,779882.421020487
3,779882.421020487
4,779882.421020487
5,779882.421020487
6,731759.4506348383
7,541018.4579948939
8,540618.6313234654
9,540618.6313234654
10,507710.10475543863
11,507710.10475543863
12,427516.9841688127
13,427516.9841688127
14,427516.9841688127
15,424547.6547850497
16,424547.6547850497
17,422496.51074648753
18,422496.51074648753
19,413609.1885320242
20,413609.1885320242
21,413609.1885320242
22,413609.1885320242
23,413577.34662924503
24,410564.69095091685
25,410564.69095091685
26,410564.69095091685
27,410564.69095091685
28,410564.69095091685
