,0
0,1238645.0156899143
1,1152936.2226416587
2,989018.8713795617
3,916416.1861460549
4,818280.6551772436
5,818280.6551772436
6,732639.3790135167
7,678483.8285034798
8,663868.1110235153
9,587884.4575609805
10,501901.6087418668
11,493446.97966012236
12,451032.5348094653
13,448622.41846931895
14,433167.2675452974
15,430432.60357601417
16,424125.7587052587
17,422537.05890157947
18,419284.2053498135
19,416797.8137313128
20,416277.75946324924
21,413006.34010591934
22,411491.8053131769
23,411491.8053131769
24,410712.9873661116
25,410712.9873661116
26,410712.9873661116
27,410712.9873661116
28,410564.69095091685
29,410564.69095091685
30,410564.69095091685
31,410564.69095091685
32,410564.69095091685
