,0
0,937126.6202392457
1,916821.9701383195
2,834189.7879194884
3,766672.2493582568
4,709774.4871939959
5,709774.4871939959
6,640455.0366211577
7,634880.0919695994
8,622511.8075223035
9,585167.6458074322
10,585167.6458074322
11,585167.6458074322
12,573187.9532241701
13,561373.2507329492
14,556578.7894865213
15,545247.6761995859
16,539917.9580392028
17,529801.9897533457
18,529801.9897533457
19,523846.21606058883
20,523846.21606058883
21,521783.17788342363
22,521783.17788342363
23,519483.66309534997
24,519483.66309534997
25,517735.4894872527
26,517735.4894872527
27,517004.2253498426
28,516724.8214038398
29,516724.8214038398
30,515858.8556090387
31,514653.8605237571
32,513625.2593808701
33,513394.64240495913
34,513140.2160452146
35,513140.2160452146
36,513140.2160452146
37,513095.6128397395
38,512911.47547087015
39,512911.47547087015
40,511590.98866083735
41,511590.98866083735
42,511590.98866083735
43,511590.98866083735
44,511590.98866083735
