,0
0,1102097.6871098673
1,1099140.9886461124
2,1068783.5916030523
3,912632.1895605624
4,912632.1895605624
5,742987.8041538482
6,677089.3978407357
7,632303.561646765
8,583685.9548287858
9,569171.5071373244
10,529592.05678125
11,490690.76530316775
12,443081.76874682656
13,429743.5813569771
14,429743.5813569771
15,428893.14704976714
16,427488.50299709116
17,427488.50299709116
18,423901.2399653646
19,419102.8077775664
20,418580.7874701996
21,416006.1207349213
22,410564.69095091685
23,410564.69095091685
24,410564.69095091685
25,410564.69095091685
26,410564.69095091685
