,0
0,757293.0980751021
1,731792.151268952
2,674610.8794055339
3,674610.8794055339
4,674610.8794055339
5,621708.8545127178
6,609134.1420326915
7,596964.5930300383
8,586926.6463636468
9,572713.3576117286
10,533777.381560102
11,533777.381560102
12,533777.381560102
13,524877.7840429788
14,514617.08456848137
15,509570.3776502221
16,509570.3776502221
17,502153.0468363803
18,502153.0468363803
19,499385.6542309969
20,498137.7439736848
21,493869.8325256169
22,489457.17027064605
23,489457.17027064605
24,489350.65713922173
25,488358.54143055814
26,486177.0171987635
27,485262.73553871276
28,485156.22240728844
29,483029.66645543854
30,483029.66645543854
31,483029.66645543854
32,483029.66645543854
33,483029.66645543854
