,0
0,725975.5628741087
1,714057.744716739
2,667439.6784045843
3,650415.0098470325
4,609238.278963545
5,604747.2992207387
6,571424.8348464592
7,565308.1680145554
8,565308.1680145554
9,543478.0601379547
10,541894.244264603
11,527115.4763715289
12,522407.3623506438
13,513506.3892089546
14,510303.83913483826
15,506939.65486608277
16,484297.49545716477
17,484297.49545716477
18,484297.49545716477
19,483490.3869263413
20,483490.3869263413
21,482115.97122537013
22,482115.97122537013
23,482115.97122537013
24,482115.97122537013
25,482115.97122537013
