,0
0,712146.192202553
1,712146.192202553
2,652552.1471960981
3,652552.1471960981
4,571136.4169743228
5,561964.289032774
6,544696.6027495501
7,544696.6027495501
8,544696.6027495501
9,544696.6027495501
10,542731.8070122928
11,531865.2933101966
12,531865.2933101966
13,515092.77058927406
14,512079.89056699193
15,506129.54707172856
16,502843.7313496309
17,499744.88797568757
18,499534.98564491974
19,498118.7183331631
20,496104.699040193
21,494190.73268533
22,494190.73268533
23,492489.51703554706
24,490916.9763593577
25,490916.9763593577
26,490916.9763593577
27,490580.31213595334
28,490156.3875667114
29,490156.3875667114
30,490156.3875667114
31,490156.3875667114
32,490156.3875667114
