,0
0,945360.859252175
1,930618.2999760611
2,789732.7277194086
3,789732.7277194086
4,760444.8583568105
5,760444.8583568105
6,632615.4458559088
7,632615.4458559088
8,613831.0111176446
9,602142.4533450413
10,598275.343635117
11,573506.0860364789
12,573506.0860364789
13,546820.5240115146
14,546820.5240115146
15,540114.4479801271
16,540114.4479801271
17,531714.2281984547
18,525729.4636333565
19,525729.4636333565
20,519996.6002063058
21,518985.2640632857
22,518188.7693283819
23,516573.3628686336
24,516573.3628686336
25,514002.8481290359
26,514002.8481290359
27,513502.43075848406
28,513502.43075848406
29,513207.8752245764
30,513207.8752245764
31,513023.7378557071
32,513023.7378557071
33,513023.7378557071
34,512573.8607613802
35,512573.8607613802
36,512573.8607613802
37,512573.8607613802
38,512573.8607613802
