,0
0,685168.377817812
1,678444.6891120505
2,678444.6891120505
3,631616.1793714784
4,631616.1793714784
5,596474.6273587088
6,596474.6273587088
7,583244.5899395945
8,562194.9518088566
9,545375.3808183825
10,528958.1302638483
11,528146.0619100576
12,522699.5864397392
13,520878.7536644579
14,511027.7371790746
15,502267.9996269577
16,502267.9996269577
17,502267.9996269577
18,499973.3888006371
19,494250.15857364365
20,494250.15857364365
21,494250.15857364365
22,494250.15857364365
23,494250.15857364365
24,493828.0393360184
25,493203.0745850353
26,492897.16793670016
27,492780.95534741017
28,492780.95534741017
29,491828.65888406406
30,491828.65888406406
31,491828.65888406406
32,491828.65888406406
33,491828.65888406406
