,0
0,817256.6875134103
1,817256.6875134103
2,817256.6875134103
3,817256.6875134103
4,761969.6481207212
5,664345.2113175677
6,664345.2113175677
7,660370.6310484776
8,656607.4340255666
9,610990.2079694713
10,608678.4059437911
11,606079.5692212834
12,584246.6522078138
13,582389.3972727538
14,560420.7514973975
15,556824.5229202788
16,551625.0023113703
17,537669.7311264848
18,537669.7311264848
19,536540.6402473623
20,525412.7818700472
21,525412.7818700472
22,525412.7818700472
23,518384.1865294475
24,518384.1865294475
25,518384.1865294475
26,518079.5502264431
27,515702.4791964211
28,513967.67107093905
29,513967.67107093905
30,513329.2104653695
31,513329.2104653695
32,513329.2104653695
33,513329.2104653695
34,513329.2104653695
