,0
0,1066380.5315659498
1,1066380.5315659498
2,1032299.9759833609
3,797157.6111043936
4,784212.2524158268
5,784212.2524158268
6,673658.8507727999
7,669080.5209739348
8,642435.6687532911
9,497866.8767815154
10,497866.8767815154
11,497866.8767815154
12,480663.8620525902
13,474918.67211088346
14,431154.70760669233
15,427963.00603519945
16,427963.00603519945
17,427963.00603519945
18,421275.8445380615
19,421275.8445380615
20,419917.8302863734
21,419606.80353836034
22,418827.98559129506
23,416797.8137313128
24,416649.51731611806
25,415870.6993690528
26,415870.6993690528
27,415157.60622229625
28,413636.8616377899
29,412858.0436907246
30,412858.0436907246
31,412858.0436907246
32,412858.0436907246
33,412858.0436907246
