,0
0,955905.7658277352
1,955905.7658277352
2,934031.9887475229
3,864145.4028900581
4,776097.6889380084
5,719797.0065010716
6,695786.3926992067
7,597615.1314795543
8,553422.1331934927
9,538209.5215262152
10,483827.98550429835
11,483827.98550429835
12,438453.41886722995
13,433574.97773611394
14,428976.23976941314
15,428976.23976941314
16,428976.23976941314
17,421025.32563889254
18,421025.32563889254
19,421025.32563889254
20,421025.32563889254
21,418963.3118761311
22,415950.6561978029
23,415802.35978260817
24,413791.36784474854
25,413012.54989768326
26,412864.2534824885
27,412864.2534824885
28,412864.2534824885
29,412864.2534824885
30,412864.2534824885
