,0
0,939921.9434477157
1,901200.017294443
2,832890.0897997175
3,754665.1525916549
4,728977.5338243584
5,728977.5338243584
6,668139.3489449107
7,668139.3489449107
8,647651.4436192736
9,640283.5231890362
10,601888.1647288398
11,592747.6438890911
12,592747.6438890911
13,576056.5709372043
14,576056.5709372043
15,565430.8630545657
16,555879.3193963468
17,541985.460974962
18,541985.460974962
19,536386.8224750276
20,536386.8224750276
21,533517.7310938808
22,533517.7310938808
23,532614.7925618386
24,532614.7925618386
25,531805.7169127843
26,530256.489528407
27,530256.489528407
28,530020.0183599035
29,530020.0183599035
30,530020.0183599035
31,530020.0183599035
32,530020.0183599035
