,0
0,861972.7176746202
1,831310.4581659363
2,741826.4927210596
3,671666.4844096132
4,671666.4844096132
5,671666.4844096132
6,602681.134528217
7,602681.134528217
8,602681.134528217
9,586846.2579757955
10,566366.6426272668
11,558822.5540081275
12,556636.0551707569
13,546266.5517759674
14,546038.7863305559
15,529636.5493388142
16,528671.2114566639
17,522143.8010392657
18,522143.8010392657
19,520924.1164975946
20,520115.8807521115
21,520115.8807521115
22,519065.77758844115
23,518379.1969102211
24,516571.1422085311
25,516287.1961408703
26,515999.7319476376
27,515295.3110703322
28,513774.72056187486
29,513774.72056187486
30,513774.72056187486
31,513774.72056187486
32,513774.72056187486
