,0
0,766523.8087228793
1,693368.1532616965
2,633034.9176854345
3,614990.3344649246
4,614990.3344649246
5,612829.7254896133
6,575577.8133935998
7,555333.1808005616
8,540903.9405309805
9,532004.7869863992
10,532004.7869863992
11,519277.2774659658
12,515355.7005149909
13,505195.23303534003
14,505046.3587438716
15,500991.38724983745
16,499104.8991124734
17,492245.24621379346
18,485592.9552575914
19,485592.9552575914
20,477141.75514925725
21,477141.75514925725
22,477141.75514925725
23,477141.75514925725
24,477141.75514925725
