,0
0,1033459.1876491599
1,1033459.1876491599
2,1021314.6412588076
3,784109.0509927315
4,745631.5761425581
5,665056.8142455593
6,665056.8142455593
7,655405.9061596617
8,554841.4925226998
9,514980.61033139663
10,514980.61033139663
11,470046.00803608535
12,453785.26174643094
13,435648.5912343846
14,435648.5912343846
15,435648.5912343846
16,429805.6957150533
17,429805.6957150533
18,428402.92289359536
19,423208.7876386338
20,423185.1279151684
21,417387.78710809146
22,416812.25780834194
23,414659.875935547
24,413651.09366623126
25,411491.8053131769
26,410712.9873661116
27,410564.69095091685
28,410564.69095091685
29,410564.69095091685
30,410564.69095091685
31,410564.69095091685
