,0
0,537207.0548953267
1,485615.63234835054
2,453147.3221656584
3,451413.20499710174
4,407997.38555761625
5,407997.38555761625
6,323267.07189070445
7,295078.4007719862
8,295078.4007719862
9,291356.06153705507
10,289373.057234265
11,261760.40325762978
12,261760.40325762978
13,243955.11887113686
14,237351.947608292
15,232916.60879570313
16,229238.56428326407
17,223901.63155405544
18,217315.92609126354
19,215463.5358787687
20,212360.50429830432
21,211962.7980743791
22,210262.8341897337
23,208758.30372020515
24,208758.30372020515
25,208758.30372020515
26,208758.30372020515
27,208758.30372020515
