,0
0,807600.9877547169
1,807600.9877547169
2,787571.0850357384
3,771166.2700999748
4,749867.2240355117
5,645884.8539629686
6,645884.8539629686
7,645884.8539629686
8,611757.1161868395
9,596941.970028359
10,589851.72799964
11,561700.2485787168
12,561700.2485787168
13,561700.2485787168
14,557001.3627413972
15,537425.3863317084
16,537425.3863317084
17,537425.3863317084
18,532101.3945832569
19,531269.4614122667
20,529458.5296682437
21,524473.1781846171
22,523004.90386093024
23,521935.5790495637
24,521935.5790495637
25,520992.48214098974
26,520992.48214098974
27,520992.48214098974
28,520992.48214098974
29,520992.48214098974
