,0
0,510642.306121545
1,510642.306121545
2,428832.64762646967
3,428832.64762646967
4,428832.64762646967
5,427984.39275890216
6,389186.76917687815
7,356109.14511609706
8,314348.37519032427
9,314348.37519032427
10,309733.40042313794
11,305273.68333992985
12,286422.94941661577
13,274998.12853732944
14,272008.70604129945
15,237474.23875921886
16,233844.81252021843
17,233844.81252021843
18,223277.34288085537
19,218237.7911806236
20,218237.7911806236
21,216984.94265916047
22,214806.7009450409
23,211204.50036694173
24,211204.50036694173
25,211204.50036694173
26,211204.50036694173
27,211204.50036694173
