,0
0,552208.3607071532
1,532419.6898599217
2,495797.6899686526
3,446346.0501025302
4,443148.56844096846
5,373090.62411552545
6,367174.8153502751
7,319777.8834755682
8,319777.8834755682
9,298343.1167943405
10,271809.5991186934
11,271809.5991186934
12,271809.5991186934
13,264147.292698807
14,264147.292698807
15,244387.6977013226
16,244387.6977013226
17,241040.84429910954
18,235574.67586378418
19,230217.3993212923
20,226521.22810178582
21,222919.02752368664
22,222919.02752368664
23,222485.9145226743
24,221414.4970541581
25,221414.4970541581
26,221414.4970541581
27,221414.4970541581
28,221414.4970541581
