,0
0,1234613.5069079997
1,992620.5062637082
2,992620.5062637082
3,909594.9708633433
4,818085.6225207023
5,785963.710248828
6,685719.2836446555
7,630523.9100235228
8,521269.0982527944
9,438885.64935797575
10,438885.64935797575
11,426469.10850303515
12,426469.10850303515
13,426469.10850303515
14,422556.49903897446
15,422556.49903897446
16,422556.49903897446
17,422253.6875923464
18,418330.2553045458
19,417508.0230341501
20,414653.6661437831
21,412360.31340397533
22,412360.31340397533
23,411491.8053131769
24,410564.69095091685
25,410564.69095091685
26,410564.69095091685
27,410564.69095091685
28,410564.69095091685
