,0
0,735530.8498651048
1,676109.3427800037
2,672730.2525429451
3,600909.384629316
4,582381.0939823872
5,582381.0939823872
6,582238.381830944
7,572615.0564447279
8,548932.7224152533
9,546408.2067227884
10,532535.7718120081
11,528348.9629714625
12,526888.1721738625
13,512731.26280645846
14,501231.02327696787
15,500771.95850962744
16,500771.95850962744
17,498227.69460509764
18,495460.41074317304
19,494336.01061771624
20,492598.0630271175
21,492598.0630271175
22,492576.63796308974
23,491263.05197609204
24,491263.05197609204
25,489888.6362751209
26,489888.6362751209
27,489888.6362751209
28,489888.6362751209
29,489888.6362751209
