,0
0,496004.2084748153
1,496004.2084748153
2,481675.5200151786
3,456116.88593732234
4,432736.7908203053
5,393958.2721963594
6,379316.3328803115
7,327295.0406257626
8,327295.0406257626
9,310143.5518703692
10,289883.06746843696
11,265656.28294887475
12,260099.80812710535
13,250842.85107253407
14,241811.36022671312
15,234505.66612279663
16,230174.89680711756
17,224128.13541803558
18,216309.13730431529
19,214936.45223634908
20,213034.2155428953
21,212360.50429830432
22,208758.30372020515
23,208758.30372020515
24,208758.30372020515
25,208758.30372020515
26,208758.30372020515
