,0
0,684300.6339823814
1,675259.2185757315
2,660545.6500095965
3,628654.0785945253
4,614224.8362415568
5,600144.866612967
6,565965.1690644656
7,565299.3233211974
8,543294.7056883685
9,542750.4793053468
10,534144.7178697407
11,524192.2745986657
12,524192.2745986657
13,519043.2041973202
14,507295.2149211665
15,507295.2149211665
16,505455.6971677049
17,500064.74875826685
18,498267.2807075915
19,497716.7050319475
20,495553.4309026885
21,495006.60166327126
22,492440.3385556107
23,490549.9651181256
24,489531.1317411343
25,489531.1317411343
26,489106.04108202545
27,489106.04108202545
28,489106.04108202545
29,489106.04108202545
30,489106.04108202545
