,0
0,953560.730736672
1,873898.9662795938
2,873898.9662795938
3,786770.3938247416
4,772647.5688391104
5,692258.348741343
6,643151.8005928261
7,643151.8005928261
8,643151.8005928261
9,643151.8005928261
10,607488.8080545145
11,570446.608244268
12,570446.608244268
13,570446.608244268
14,565486.9568739065
15,561849.8559274318
16,533406.253759681
17,533406.253759681
18,533406.253759681
19,533406.253759681
20,522396.5696677922
21,522396.5696677922
22,521919.22638139804
23,521637.6196080033
24,520601.97331674444
25,520444.31820317643
26,519842.7030463803
27,518342.72278838296
28,518342.72278838296
29,516412.238460259
30,516412.238460259
31,515946.9873310357
32,515946.9873310357
33,515946.9873310357
34,515492.4636409559
35,515492.4636409559
36,515196.2042699225
37,515196.2042699225
38,515196.2042699225
39,515196.2042699225
40,515196.2042699225
