,0
0,930660.3687326987
1,894626.7711119978
2,857987.7313638467
3,775845.3920416052
4,750444.9421423627
5,733201.1488524714
6,702562.5113772486
7,688311.1520856452
8,648303.8422219834
9,610949.5806249017
10,610949.5806249017
11,597913.7379479425
12,597559.1990161412
13,590885.1059539865
14,574664.8152748706
15,552388.6987695118
16,540676.4536653901
17,540676.4536653901
18,530450.1306659613
19,530450.1306659613
20,522316.48094579513
21,521609.86418536823
22,520585.0508588397
23,518806.1172806821
24,518806.1172806821
25,518806.1172806821
26,517650.5583003982
27,517099.105039625
28,516854.88149647234
29,516776.49411160825
30,516776.49411160825
31,516776.49411160825
32,516776.49411160825
33,516522.0677518638
34,516522.0677518638
35,516522.0677518638
36,516522.0677518638
37,516522.0677518638
