,0
0,883707.0410082823
1,846975.5593777284
2,825066.7974287708
3,761874.394791177
4,737209.5840416804
5,647726.4347517436
6,647726.4347517436
7,634117.8553629222
8,632787.2567640605
9,604901.2593197172
10,567763.6405592206
11,567763.6405592206
12,567763.6405592206
13,552339.164967227
14,552339.164967227
15,549747.0067749463
16,541236.962494752
17,540803.9614894281
18,533702.1384834468
19,531793.1840121496
20,528256.2543191242
21,524058.6950172719
22,522915.04421445186
23,520914.8793356299
24,520276.41873006034
25,518384.1865294475
26,518384.1865294475
27,518384.1865294475
28,518384.1865294475
29,518384.1865294475
