,0
0,469774.65317344473
1,469774.65317344473
2,434314.462475516
3,434314.462475516
4,422013.6424112136
5,396863.69634566037
6,345890.096938512
7,302715.6910839927
8,302715.6910839927
9,292710.8830726662
10,285437.67604534846
11,253073.2236294704
12,253073.2236294704
13,246085.58590049465
14,236648.95192356652
15,230769.57314135038
16,228766.57229252788
17,219686.776204628
18,219686.776204628
19,211962.7980743791
20,209829.72118872136
21,208758.30372020515
22,208758.30372020515
23,208758.30372020515
24,208758.30372020515
25,208758.30372020515
