,0
0,881105.4406031892
1,865871.9790620015
2,834911.9613030324
3,785609.0598888978
4,758988.6646135987
5,670210.0207709041
6,655785.7862796104
7,638161.966602135
8,603844.5107067514
9,592834.2862879861
10,580059.3726893329
11,573719.0567082352
12,565881.3862881724
13,553134.1207551995
14,544135.0822447222
15,540946.7340165596
16,539099.6973876902
17,537133.012352754
18,525612.2422675377
19,525612.2422675377
20,525612.2422675377
21,524949.836079195
22,523249.15779731475
23,523249.15779731475
24,520404.3422841369
25,520404.3422841369
26,519389.3903519861
27,519291.48486068693
28,519007.9894188687
29,517389.4433492794
30,516889.67870220577
31,514758.8476707846
32,514758.8476707846
33,514462.5882997512
34,514462.5882997512
35,514462.5882997512
36,514462.5882997512
37,514462.5882997512
38,513983.89539697435
39,513983.89539697435
40,513983.89539697435
41,513983.89539697435
42,513983.89539697435
