,0
0,982866.6507088637
1,894155.0492755818
2,792770.718366266
3,777580.2111226001
4,739372.7940286308
5,711687.2170448989
6,699455.91186897
7,623660.893586035
8,623660.893586035
9,614630.5539654015
10,590872.9033246848
11,559747.3339639079
12,559747.3339639079
13,559747.3339639079
14,546298.0843878919
15,546298.0843878919
16,540412.3139577262
17,535025.9991541005
18,534591.9584642424
19,533017.2314198776
20,525995.9279311777
21,525773.3867630791
22,524456.8293701358
23,521991.11047586746
24,521499.7406401625
25,519453.51134081406
26,519453.51134081406
27,518510.4144322401
28,518510.4144322401
29,518510.4144322401
30,518510.4144322401
31,518510.4144322401
