,0
0,900609.0825307618
1,876295.4448710702
2,790692.7471697029
3,790692.7471697029
4,790692.7471697029
5,748555.3867060137
6,720011.094897805
7,710753.9574182834
8,685823.8517290648
9,660328.4388432219
10,620210.2976213974
11,600732.3037306507
12,600732.3037306507
13,592924.7460383244
14,570769.982070024
15,567341.4616783306
16,553291.4652503439
17,553291.4652503439
18,553291.4652503439
19,553006.1893717106
20,543036.9813120079
21,540746.0387349931
22,539683.3695374465
23,539683.3695374465
24,539683.3695374465
25,539683.3695374465
26,539683.3695374465
