,0
0,925174.2229835006
1,870281.0680242333
2,849927.4792126429
3,784642.5518356991
4,723387.4140489671
5,718271.0401269172
6,685668.0550343284
7,657832.3336125758
8,639081.2333407949
9,621233.006323233
10,612382.6064099582
11,601876.8335123456
12,573378.3249394681
13,573378.3249394681
14,573378.3249394681
15,567215.644800836
16,542283.0812566611
17,542222.1579674319
18,535896.0899205414
19,535654.31021275
20,532747.7091946502
21,532747.7091946502
22,532747.7091946502
23,532747.7091946502
24,526657.9176921851
25,526657.9176921851
26,526657.9176921851
27,526657.9176921851
28,526657.9176921851
