,0
0,480577.37467186403
1,480577.37467186403
2,417866.5724610494
3,417866.5724610494
4,351945.42744125915
5,344169.1628017183
6,344169.1628017183
7,318410.4510172648
8,256411.2183102887
9,256411.2183102887
10,256411.2183102887
11,249209.56308114794
12,249209.56308114794
13,232558.52387885304
14,225380.20410105964
15,222203.05146364588
16,217561.20598733932
17,217118.22705820776
18,214806.7009450409
19,208758.30372020515
20,208758.30372020515
21,208758.30372020515
22,208758.30372020515
23,208758.30372020515
