,0
0,917682.752774968
1,815808.247636016
2,798286.8869108905
3,798286.8869108905
4,704939.8318940044
5,704384.9506489461
6,694127.4351590166
7,634629.7372362404
8,602255.7074056796
9,599937.7005000841
10,576831.2553246121
11,557582.0735578873
12,557582.0735578873
13,557582.0735578873
14,556732.63787571
15,550166.5908789973
16,542053.8899357583
17,540184.6227263418
18,540184.6227263418
19,537643.6774810029
20,536753.8162443532
21,536108.4239661124
22,533335.5924322188
23,531837.3510503268
24,528774.3714611157
25,527725.4718948228
26,525822.9872550534
27,525518.350952049
28,524879.8903464794
29,524879.8903464794
30,524879.8903464794
31,524453.2109266536
32,524453.2109266536
33,524453.2109266536
34,524453.2109266536
35,524453.2109266536
