,0
0,873129.6780105728
1,856448.0271627926
2,827451.9047171045
3,728108.6913394331
4,700512.8706531149
5,681298.1700131297
6,651343.6571695454
7,611186.9606482731
8,550558.4198932555
9,550558.4198932555
10,550558.4198932555
11,550558.4198932555
12,549240.075683018
13,548910.29494248
14,535156.7473103775
15,531096.9907290434
16,531096.9907290434
17,525585.5757119785
18,525050.9671183103
19,524129.7894024201
20,519374.3793492806
21,519374.3793492806
22,518711.5490776344
23,518711.5490776344
24,518594.7804797175
25,518594.7804797175
26,517562.33680276055
27,517338.0702597281
28,517083.64389998367
29,517083.64389998367
30,517083.64389998367
31,517083.64389998367
32,516033.54073631327
33,516033.54073631327
34,516033.54073631327
35,516033.54073631327
36,516033.54073631327
37,515849.40336744394
38,515267.38364030374
39,515083.2462714344
40,515083.2462714344
41,515083.2462714344
42,515083.2462714344
43,515083.2462714344
