,0
0,806015.3757790395
1,806015.3757790395
2,806015.3757790395
3,672336.388195974
4,672336.388195974
5,672336.388195974
6,646121.2275004911
7,640870.8108561963
8,627028.0264774476
9,593097.4108061481
10,573503.1016699737
11,573503.1016699737
12,573503.1016699737
13,573503.1016699737
14,560925.602227257
15,552451.6726589485
16,552451.6726589485
17,542884.4740832808
18,542264.91273404
19,527207.5160370559
20,527207.5160370559
21,527207.5160370559
22,523441.0965112779
23,521929.39964388945
24,518820.37917979516
25,514914.95276548417
26,514074.7817183221
27,512999.74600160046
28,512999.74600160046
29,512999.74600160046
30,512999.74600160046
31,512999.74600160046
