,0
0,555928.8773747669
1,524432.0393329187
2,491393.82813247386
3,476506.9059800099
4,390832.6803634393
5,390832.6803634393
6,367523.26840250334
7,330342.34668597527
8,314850.5057133367
9,289276.66054023686
10,283106.0733862773
11,258241.79256670346
12,241132.40490093981
13,230548.7709749318
14,230548.7709749318
15,227534.54538977882
16,217476.61952449297
17,216865.23400833952
18,215212.85969218155
19,208758.30372020515
20,208758.30372020515
21,208758.30372020515
22,208758.30372020515
23,208758.30372020515
