,0
0,720882.12002178
1,705201.9041428987
2,678697.1872740494
3,661365.1134689224
4,633679.0992642681
5,617573.9455872013
6,594650.7590852785
7,575821.0272290095
8,575821.0272290095
9,567088.2684087749
10,537877.9719635821
11,537877.9719635821
12,527747.7124728126
13,527747.7124728126
14,517182.964255156
15,517182.964255156
16,508115.99846260325
17,507456.9853470634
18,504660.12964833586
19,504660.12964833586
20,499306.20599946176
21,495201.6625737623
22,495201.6625737623
23,492873.1978996694
24,488423.85708937055
25,488360.1195866992
26,487272.4150264735
27,486030.60801140807
28,486030.60801140807
29,484287.16511481104
30,484287.16511481104
31,484287.16511481104
32,483551.99885628413
33,481941.1646455929
34,481941.1646455929
35,481481.22424732416
36,480434.14025871584
37,480434.14025871584
38,480434.14025871584
39,480434.14025871584
40,480434.14025871584
