,0
0,577484.925657528
1,519274.70764456614
2,519274.70764456614
3,469706.9952095406
4,386765.60701531783
5,352805.2906385858
6,316119.25657242746
7,316119.25657242746
8,311793.6393705326
9,287855.19670640177
10,239435.90074101413
11,239435.90074101413
12,239435.90074101413
13,239435.90074101413
14,230146.80593143788
15,227253.48659565666
16,217511.27643038557
17,211204.50036694173
18,211204.50036694173
19,208758.30372020515
20,208758.30372020515
21,208758.30372020515
22,208758.30372020515
23,208758.30372020515
