,0
0,809988.3370048297
1,809988.3370048297
2,805889.1151874033
3,755906.795828414
4,723808.2776399415
5,636494.684953232
6,636494.684953232
7,636494.684953232
8,612423.4072984237
9,587994.2014459509
10,587994.2014459509
11,557589.8562972503
12,557589.8562972503
13,551294.099702668
14,547362.1766512702
15,538972.2406557137
16,531011.84218361
17,531011.84218361
18,527768.5163417241
19,523491.9360877022
20,522162.87960387155
21,519285.98364883027
22,519285.98364883027
23,519285.98364883027
24,519285.98364883027
25,518082.3604841148
26,517925.88293880154
27,515833.88216945075
28,515833.88216945075
29,515830.2187331188
30,515351.52583034185
31,514345.81970183435
32,513117.9296021733
33,512654.30541921034
34,512654.30541921034
35,512253.81893248355
36,512253.81893248355
37,511775.1260297066
38,511775.1260297066
39,511626.1549021659
40,511325.24893537967
41,511325.24893537967
42,511325.24893537967
43,511325.24893537967
44,511325.24893537967
