,0
0,785057.3351638768
1,785057.3351638768
2,785057.3351638768
3,785057.3351638768
4,778241.6924879826
5,737954.945885957
6,737954.945885957
7,737635.8329677916
8,684743.8741019146
9,673514.5473228621
10,655683.543327916
11,637615.1691939475
12,622788.1303653021
13,600602.238616114
14,596192.3197948998
15,578331.7875398557
16,578331.7875398557
17,573916.7148266078
18,563676.1100787862
19,563676.1100787862
20,561986.133809467
21,555174.3313900162
22,546663.4271934049
23,545181.3727821711
24,543462.7087174427
25,538198.9485134484
26,531002.4656579292
27,531002.4656579292
28,529523.8340051975
29,529523.8340051975
30,529523.8340051975
31,529523.8340051975
32,529523.8340051975
