,0
0,1025451.8965458471
1,1025451.8965458471
2,944586.8180754201
3,807632.2210051646
4,807632.2210051646
5,733040.6077176584
6,655189.4653647331
7,598910.4714999627
8,598910.4714999627
9,523849.391827173
10,510206.84945636464
11,465551.830087538
12,457684.3357126076
13,430596.3334436279
14,430596.3334436279
15,426567.3697751436
16,426567.3697751436
17,426501.1484589978
18,423039.6383548256
19,422535.69827631244
20,420740.07582325395
21,420740.07582325395
22,420740.07582325395
23,420740.07582325395
24,420740.07582325395
