,0
0,732696.0663100553
1,687411.7786405262
2,676634.545876105
3,670103.0613287762
4,644718.5708948794
5,565489.0731521184
6,565483.5380862304
7,565483.5380862304
8,551857.3104871406
9,551857.3104871406
10,551857.3104871406
11,535425.6320972154
12,534553.2351811532
13,526029.7909868984
14,526029.7909868984
15,524291.7206081069
16,518384.4874529707
17,515224.56825864135
18,515035.95118762396
19,507156.09011815215
20,506045.3917832544
21,506045.3917832544
22,505039.5171275791
23,500132.865458926
24,498688.94142282585
25,498688.94142282585
26,498688.94142282585
27,497380.1488298558
28,497380.1488298558
29,497380.1488298558
30,497380.1488298558
31,497380.1488298558
