,0
0,1071637.556179888
1,1071637.556179888
2,902813.2582210209
3,902813.2582210209
4,822388.2259461012
5,738817.5353855852
6,665839.5217936424
7,665839.5217936424
8,581027.1242733123
9,558177.3291645626
10,554598.1253239266
11,478831.83822467347
12,436888.7823369993
13,436888.7823369993
14,436888.7823369993
15,431379.81006185286
16,431379.81006185286
17,426524.3729357214
18,426183.0376418337
19,424037.9813172207
20,423889.68490202597
21,421738.41878564906
22,421730.3965489716
23,419430.83401739993
24,416534.6328514873
25,416534.6328514873
26,416534.6328514873
27,416534.6328514873
28,416534.6328514873
