,0
0,464823.663849114
1,464823.663849114
2,450936.1546937197
3,425993.2467382946
4,377983.0681837146
5,360937.92931517866
6,311554.6023357059
7,293922.4305082966
8,293922.4305082966
9,273653.72675054095
10,259096.4407508459
11,256639.90497733527
12,245641.7891822448
13,225165.43102711329
14,225165.43102711329
15,223067.76091854268
16,219381.45562715543
17,217997.72759016595
18,213928.29215161593
19,212706.9367262161
20,209829.72118872136
21,208758.30372020515
22,208758.30372020515
23,208758.30372020515
24,208758.30372020515
25,208758.30372020515
