,0
0,505714.3046895945
1,505714.3046895945
2,503933.4365849231
3,390051.01868350606
4,390051.01868350606
5,326771.80716361816
6,326771.80716361816
7,326771.80716361816
8,309185.84206139704
9,303665.512955601
10,281645.911303177
11,276370.337663741
12,241233.72885912997
13,238470.86223559623
14,234245.04883901845
15,227744.8954437169
16,217132.7865057899
17,217132.7865057899
18,214538.74601242386
19,213928.29215161593
20,209829.72118872136
21,208758.30372020515
22,208758.30372020515
23,208758.30372020515
24,208758.30372020515
25,208758.30372020515
