,0
0,934901.7537628915
1,922123.5327801692
2,854126.6397815146
3,752179.8470102759
4,751810.4850235119
5,695871.9581901794
6,657260.7712998014
7,657260.7712998014
8,657260.7712998014
9,639132.7630013343
10,604443.4375424089
11,599928.3006910941
12,594051.1514310272
13,583234.5207986113
14,546803.8782439339
15,546803.8782439339
16,546803.8782439339
17,546803.8782439339
18,546803.8782439339
19,539944.900071911
20,529325.5791304907
21,525702.0924837796
22,525702.0924837796
23,525702.0924837796
24,520091.97194638365
25,520091.97194638365
26,520091.97194638365
27,519453.51134081406
28,519022.6471350171
29,519022.6471350171
30,518384.1865294475
31,518384.1865294475
32,518384.1865294475
33,518384.1865294475
34,518384.1865294475
