,0
0,1194882.8212116917
1,889135.5320635298
2,889135.5320635298
3,889135.5320635298
4,889135.5320635298
5,760327.1373688545
6,760327.1373688545
7,661620.6357707513
8,595686.062931574
9,558078.432724652
10,547019.3032833956
11,478236.2387851792
12,476468.6321469716
13,433268.88598698546
14,425895.4855206127
15,423310.78169021563
16,423310.78169021563
17,423310.78169021563
18,421096.4605948606
19,419623.0999960588
20,418673.12395533803
21,414808.17235074175
22,414388.0064790895
23,412360.31340397533
24,412360.31340397533
25,412360.31340397533
26,410712.9873661116
27,410564.69095091685
28,410564.69095091685
29,410564.69095091685
30,410564.69095091685
31,410564.69095091685
