,0
0,774191.669881209
1,774191.669881209
2,774191.669881209
3,770942.1208076238
4,763820.0830256387
5,728736.0912101029
6,659334.8036951002
7,648905.838205335
8,638257.0813986134
9,638257.0813986134
10,612875.2442264203
11,595021.0966342808
12,588127.8227761632
13,566954.037309799
14,564287.392737138
15,554913.6521631271
16,541147.0506862147
17,539602.6662113225
18,521909.01534096175
19,521909.01534096175
20,521909.01534096175
21,521909.01534096175
22,519862.5362646071
23,518510.7974122551
24,512489.0394182074
25,512489.0394182074
26,512489.0394182074
27,512489.0394182074
28,512489.0394182074
