,0
0,888946.862936665
1,848939.6688603086
2,842357.9636890121
3,796007.934821621
4,738553.3683982046
5,722502.0054151731
6,696385.6997172174
7,680552.1495047339
8,657265.8569452775
9,645706.8882831014
10,623048.1104938873
11,606958.5533395126
12,592600.87879993
13,587637.4576437979
14,575420.3639025573
15,558559.7072877439
16,536182.5002741475
17,536182.5002741475
18,536182.5002741475
19,536182.5002741475
20,534932.5963752836
21,526014.9582982049
22,522245.952603868
23,521239.28229624045
24,517670.24338507804
25,517670.24338507804
26,514501.4611381479
27,513558.364229574
28,513558.364229574
29,513558.364229574
30,513131.6848097481
31,513131.6848097481
32,513131.6848097481
33,513131.6848097481
34,513131.6848097481
