,0
0,707427.2383584449
1,707427.2383584449
2,702427.5030519243
3,677342.6403983461
4,655199.1041338961
5,642579.404439156
6,630615.4348687961
7,595155.6533603036
8,592119.0935851763
9,575615.6153934929
10,560551.750185319
11,552996.0046227132
12,551176.5033443804
13,540217.2950152027
14,524304.5667111077
15,523543.9779184614
16,523543.9779184614
17,514300.08885990543
18,511339.76407259976
19,511047.47633844794
20,507793.9440934314
21,504160.7182499866
22,504160.7182499866
23,501534.5086071961
24,499496.957190602
25,498697.4050433896
26,498697.4050433896
27,498697.4050433896
28,498697.4050433896
29,498273.48047414765
30,498273.48047414765
31,498273.48047414765
32,498273.48047414765
33,498273.48047414765
