,0
0,524335.8227622217
1,461596.70976298355
2,461596.70976298355
3,461596.70976298355
4,341162.10546970984
5,341162.10546970984
6,341162.10546970984
7,318833.30589535367
8,306933.1506199434
9,295494.85739846097
10,245531.5328019386
11,245531.5328019386
12,244078.24668131233
13,233793.29266855266
14,219976.68937645172
15,219976.68937645172
16,219976.68937645172
17,219564.42370494438
18,217530.4927297151
19,214806.7009450409
20,213431.92176682054
21,212360.50429830432
22,212360.50429830432
23,212360.50429830432
24,212360.50429830432
25,212360.50429830432
