,0
0,841630.7875583518
1,841630.7875583518
2,841630.7875583518
3,748779.1587451993
4,703372.1548063058
5,703372.1548063058
6,680438.0855028668
7,636740.5836745127
8,629450.2786863304
9,600427.3900826831
10,597366.1369784538
11,589702.9128852627
12,565093.9487410253
13,563170.997553366
14,563170.997553366
15,561313.3336180192
16,549201.6402109422
17,538433.3213012449
18,537725.9600698198
19,533425.9242506424
20,528248.1774360897
21,528248.1774360897
22,527995.5601189706
23,525666.7484919592
24,525193.7297787035
25,523727.5252750662
26,522460.0467976081
27,522198.1882490481
28,521465.69592963776
29,521432.0311530385
30,520792.75708105916
31,520491.85111427295
32,520390.13354735804
33,520089.22758057184
34,519657.6412279478
35,519356.7352611616
36,519356.7352611616
37,519356.7352611616
38,519356.7352611616
39,519356.7352611616
