,0
0,732521.9276255681
1,732521.9276255681
2,650684.4541682156
3,628199.3147001455
4,606028.8189749353
5,602815.1263947256
6,575128.0551216035
7,574294.8689848647
8,546984.8360699444
9,546984.8360699444
10,544140.2880768774
11,532535.4667886805
12,527213.6923307527
13,524826.5405624768
14,522942.2894474505
15,513776.065651032
16,510289.99456284946
17,508149.7168669033
18,499983.05209393805
19,499983.05209393805
20,498727.6224216709
21,494910.2212175824
22,494910.2212175824
23,491540.0143522647
24,491505.85646561155
25,491505.85646561155
26,489215.2028433072
27,488699.91559812456
28,487493.91447638534
29,486956.4727015275
30,486956.4727015275
31,486956.4727015275
32,486956.4727015275
33,486956.4727015275
