,0
0,1188015.8621729957
1,1001809.2911078412
2,864954.335004501
3,842115.551452052
4,831935.3988545865
5,674973.4525973591
6,674973.4525973591
7,548375.8991568713
8,520765.71943539527
9,496091.3520549762
10,456458.17187220743
11,441680.05444184033
12,441680.05444184033
13,436689.8181471918
14,430933.5877535773
15,425563.9402555166
16,425563.9402555166
17,425563.9402555166
18,423048.9146065246
19,422487.8992372575
20,418618.95807124453
21,418498.7221451859
22,416319.39553967287
23,413051.08256941754
24,413051.08256941754
25,413051.08256941754
26,413051.08256941754
27,410564.69095091685
28,410564.69095091685
29,410564.69095091685
30,410564.69095091685
31,410564.69095091685
