,0
0,463602.71573535417
1,463602.71573535417
2,463602.71573535417
3,462611.66865011974
4,427462.20326764963
5,427462.20326764963
6,376539.83322205057
7,360723.850526742
8,357309.59214682167
9,332274.1026159702
10,281823.15206823277
11,281823.15206823277
12,277124.84121546586
13,270845.2233442566
14,264712.23704132397
15,260166.06115308436
16,234397.56094076944
17,234397.56094076944
18,234397.56094076944
19,234397.56094076944
20,225830.1934129352
21,225830.1934129352
22,224758.77594441897
23,217614.59744300318
24,217614.59744300318
25,216543.17997448696
26,212444.60901159237
27,212444.60901159237
28,212444.60901159237
29,212444.60901159237
30,212444.60901159237
