,0
0,949456.6231903341
1,855867.1966428998
2,855867.1966428998
3,795617.6654164954
4,707923.3253675902
5,707923.3253675902
6,677764.9845730539
7,659753.8277208222
8,611167.1154783999
9,606968.4460061326
10,577173.6525690582
11,559992.2570492157
12,559992.2570492157
13,555870.7243257754
14,537826.8500249604
15,537826.8500249604
16,537826.8500249604
17,537194.6345171913
18,532971.3276858674
19,531941.4007558788
20,530297.9315465507
21,527808.1187014926
22,527808.1187014926
23,526842.7808193424
24,526003.6655615158
25,525724.261615513
26,525524.225631125
27,525345.6846359333
28,524167.08611130714
29,523866.18014452094
30,523866.18014452094
31,523682.0427756516
32,523400.9290152976
33,523129.58588457527
34,523129.58588457527
35,522466.00858531514
36,522466.00858531514
37,522466.00858531514
38,522466.00858531514
39,522466.00858531514
