,0
0,717737.114537666
1,717737.114537666
2,660831.8873137825
3,642625.2984440183
4,591596.1886328713
5,591596.1886328713
6,573938.3838906882
7,566752.9103607278
8,557980.9452607722
9,538947.4056979183
10,538947.4056979183
11,537646.1884244211
12,524691.5983093199
13,519922.3992873687
14,519922.3992873687
15,509370.9165001334
16,509370.9165001334
17,506490.4577046921
18,506422.05613272096
19,505551.2915884017
20,502770.90718603734
21,501898.3587260545
22,500138.9860714281
23,500138.9860714281
24,500138.9860714281
25,497358.6733983622
26,497358.6733983622
27,495581.072615112
28,495581.072615112
29,495581.072615112
30,495581.072615112
31,494552.7325308753
32,493178.31682990404
33,492775.1317476251
34,492775.1317476251
35,491400.716046654
36,491400.716046654
37,491400.716046654
38,491400.716046654
39,491400.716046654
