,0
0,891888.501402589
1,870926.7562082639
2,840348.2613182361
3,768375.1059315314
4,711061.1991834798
5,711061.1991834798
6,609704.3759133894
7,609704.3759133894
8,587445.8215290193
9,587445.8215290193
10,569594.2234978888
11,564279.1832831114
12,551475.334151423
13,541026.1902874206
14,541026.1902874206
15,535457.8168712743
16,532415.3250096336
17,526290.6427064957
18,526290.6427064957
19,524424.1722038061
20,524391.7534010771
21,524391.7534010771
22,523526.62630503945
23,523526.62630503945
24,523526.62630503945
25,522328.9586239659
26,521395.40720069746
27,521395.40720069746
28,521395.40720069746
29,520217.0843655722
30,520217.0843655722
31,520217.0843655722
32,520217.0843655722
33,520217.0843655722
