,0
0,1041982.5939397787
1,1041982.5939397787
2,1035267.2950005746
3,847315.5351455292
4,835563.6812684461
5,719575.7602712354
6,710351.0391338628
7,627291.5028080695
8,520858.9425496871
9,520858.9425496871
10,520858.9425496871
11,481314.94340115617
12,446005.6574140881
13,437580.84139130166
14,432106.89535388775
15,431539.1475503555
16,429761.6255459903
17,424117.4947035328
18,424117.4947035328
19,424117.4947035328
20,424117.4947035328
21,420674.8934344918
22,419387.3499876116
23,416281.76735017454
24,416281.76735017454
25,415502.94940310926
26,415502.94940310926
27,415502.94940310926
28,415502.94940310926
29,415502.94940310926
30,412723.9793039712
31,410564.69095091685
32,410564.69095091685
33,410564.69095091685
34,410564.69095091685
35,410564.69095091685
