,0
0,1131323.903477114
1,1131323.903477114
2,1039924.9617152687
3,952493.4491899274
4,911020.0658789136
5,786935.4006043988
6,761757.6026161471
7,692582.5947009213
8,688105.5196438233
9,579817.5105246961
10,579817.5105246961
11,560548.2993245468
12,517743.65988811204
13,482109.6484864189
14,440796.81369502534
15,430830.6812283052
16,427224.7313951249
17,427224.7313951249
18,427224.7313951249
19,418735.06734200375
20,415586.99029780703
21,415586.99029780703
22,415586.99029780703
23,415586.99029780703
24,413791.36784474854
25,413791.36784474854
26,413791.36784474854
27,413791.36784474854
28,413791.36784474854
29,411491.8053131769
30,410712.9873661116
31,410712.9873661116
32,410712.9873661116
33,410712.9873661116
34,410712.9873661116
