,0
0,903590.9314048073
1,850542.4667550916
2,806521.320502733
3,783109.8169816274
4,724194.1856883315
5,718431.5259134496
6,668512.6495034164
7,642974.5150615216
8,599147.4481234566
9,599147.4481234566
10,599147.4481234566
11,573041.8769468719
12,554601.6506341113
13,547953.9253684366
14,542240.8550120727
15,542240.8550120727
16,537610.8336813223
17,537336.8295901996
18,524173.78116596775
19,524173.78116596775
20,524173.78116596775
21,523672.86409154226
22,523490.6718814125
23,520471.47969327576
24,520471.47969327576
25,520026.1031429308
26,518049.5670291308
27,516757.9952776364
28,516757.9952776364
29,515795.52879582957
30,515208.7678932591
31,514954.3415335147
32,514954.3415335147
33,514954.3415335147
34,514954.3415335147
35,514954.3415335147
