,0
0,743522.4648874152
1,727996.541087768
2,683117.9433114636
3,683117.9433114636
4,654131.80341313
5,645905.996013057
6,614386.2143541357
7,586444.3191396176
8,586444.3191396176
9,566813.6851290029
10,566813.6851290029
11,563569.7733044834
12,549783.7791173686
13,536371.6227307509
14,528727.3699944987
15,524327.9517541197
16,523806.27596066194
17,521861.11057069455
18,516668.52646742336
19,512682.02861577045
20,508145.5015443173
21,503654.1311712135
22,494960.7389281742
23,494960.7389281742
24,494960.7389281742
25,494826.6612491188
26,493436.9101683464
27,491679.3105057937
28,490445.5846541343
29,487393.8826587293
30,487393.8826587293
31,487393.8826587293
32,485561.66331861616
33,484587.9417912424
34,484587.9417912424
35,484587.9417912424
36,484587.9417912424
37,484587.9417912424
