,0
0,872230.9017968958
1,872230.9017968958
2,860447.1649040869
3,765702.7188807322
4,760613.7528344468
5,721032.635019323
6,690785.6066204935
7,668368.8789283426
8,642175.5053308596
9,630876.2050816728
10,630550.8035036301
11,589364.5726860364
12,589364.5726860364
13,582951.8760473444
14,567152.0429488318
15,547972.9185103376
16,547972.9185103376
17,547972.9185103376
18,543606.1298350239
19,536516.3215483519
20,536516.3215483519
21,531239.5405031419
22,531009.5196664747
23,527258.869982886
24,526461.4478606229
25,524483.5355136619
26,521169.0784804209
27,520371.65635815787
28,520371.65635815787
29,520371.65635815787
30,519733.1957525883
31,519733.1957525883
32,519733.1957525883
33,519733.1957525883
34,519733.1957525883
35,519306.51633276243
36,519306.51633276243
37,519306.51633276243
38,519306.51633276243
39,519306.51633276243
