,0
0,578875.3471136553
1,563260.8404140482
2,532715.8824136289
3,484958.59796337504
4,477620.81797483494
5,383835.11404971336
6,383835.11404971336
7,356198.7522937441
8,356198.7522937441
9,329014.2171197367
10,306366.9757201665
11,306366.9757201665
12,287287.9623523932
13,284104.62806155666
14,247044.4398071513
15,247044.4398071513
16,247044.4398071513
17,247044.4398071513
18,236675.00288984634
19,231053.9934093245
20,229987.2864844553
21,224229.61796391197
22,221328.2844156822
23,217118.22705820776
24,217118.22705820776
25,217118.22705820776
26,213516.0264801086
27,213516.0264801086
28,213516.0264801086
29,213516.0264801086
30,213516.0264801086
31,212444.60901159237
32,212444.60901159237
33,212444.60901159237
34,212444.60901159237
35,212444.60901159237
