,0
0,1068596.3838624856
1,1013367.4193308714
2,943794.4427927847
3,839243.5872213383
4,797689.3807427366
5,734996.772898711
6,548296.3189273799
7,548296.3189273799
8,548296.3189273799
9,493076.0916716841
10,493076.0916716841
11,476130.83551854966
12,437094.0076238229
13,434331.7734566777
14,424921.63659902866
15,424921.63659902866
16,424149.7950655753
17,423562.6575684997
18,420828.84294333705
19,420149.3526544272
20,415876.9091608167
21,410564.69095091685
22,410564.69095091685
23,410564.69095091685
24,410564.69095091685
25,410564.69095091685
