,0
0,945875.9876433642
1,890196.1914621142
2,810804.7476988591
3,810804.7476988591
4,749448.7573737451
5,749448.7573737451
6,694041.2571833011
7,679262.049849124
8,625473.15908684
9,595250.8347078923
10,595250.8347078923
11,595250.8347078923
12,595250.8347078923
13,582353.1880150575
14,572770.8130859853
15,570660.1445368018
16,545794.9021316554
17,545794.9021316554
18,542353.4338860987
19,536196.7484565346
20,529335.482235354
21,527854.5459417503
22,524931.675292134
23,524736.2245575517
24,524481.7981978072
25,524175.5443162767
26,523874.6383494905
27,523169.8275005665
28,522505.3955852025
29,522505.3955852025
30,522505.3955852025
31,521950.0632586718
32,521950.0632586718
33,521950.0632586718
34,521950.0632586718
35,521950.0632586718
