,0
0,755326.3143745128
1,752205.4754362246
2,703046.7032847817
3,652287.1127474156
4,652287.1127474156
5,623204.5278852094
6,580875.717322135
7,580875.717322135
8,564226.0297958266
9,552931.4295039547
10,525444.4979205478
11,525444.4979205478
12,525444.4979205478
13,508523.0525057101
14,508523.0525057101
15,508523.0525057101
16,506122.15374249517
17,501270.9192773716
18,499932.63494033134
19,495204.58170779067
20,495204.58170779067
21,494216.5328243289
22,489348.49251108366
23,489348.49251108366
24,489348.49251108366
25,488329.65913409245
26,488314.95283418935
27,487781.4553337688
28,487425.87300978875
29,486407.03963279753
30,485981.9489736886
31,485981.9489736886
32,485981.9489736886
33,485981.9489736886
34,485981.9489736886
