,0
0,986840.9614205878
1,986840.9614205878
2,986840.9614205878
3,985628.0564682008
4,869994.6897221443
5,795842.8670671068
6,701619.9629982506
7,653448.045306309
8,627482.2351990779
9,543580.7353852688
10,543580.7353852688
11,526923.4494800468
12,518408.38353783684
13,492316.9865184156
14,438181.16882746504
15,434776.5747114171
16,427588.34561072156
17,427588.34561072156
18,425479.46618143684
19,425479.46618143684
20,423376.95929896116
21,416303.93612118345
22,416303.93612118345
23,412864.2534824885
24,412864.2534824885
25,410712.9873661116
26,410564.69095091685
27,410564.69095091685
28,410564.69095091685
29,410564.69095091685
30,410564.69095091685
