,0
0,558797.8825792302
1,494009.1373663583
2,422608.2449094367
3,422469.69235808036
4,417745.1303549474
5,363727.3859753343
6,363727.3859753343
7,351225.06341368327
8,305387.63634727127
9,296545.838198926
10,273144.2134629521
11,270758.96162045805
12,244048.92785135956
13,244048.92785135956
14,240305.42002493283
15,235874.97608170856
16,230360.84613530803
17,222072.5725939478
18,220535.53119790793
19,212360.50429830432
20,208758.30372020515
21,208758.30372020515
22,208758.30372020515
23,208758.30372020515
24,208758.30372020515
