,0
0,744019.6030907164
1,740193.6779591244
2,715842.4364330588
3,689718.3093853614
4,668297.6752254937
5,627648.1103522126
6,622947.2364048633
7,603198.0613482374
8,586794.5070887491
9,572352.9677291358
10,539381.7523018619
11,539381.7523018619
12,538068.4624556095
13,530398.0649077962
14,530398.0649077962
15,530398.0649077962
16,522936.4522373371
17,517441.82105362107
18,516113.6777662085
19,514207.862266132
20,511997.6070567142
21,509680.6557279039
22,509680.6557279039
23,508377.2469448819
24,508377.2469448819
25,506928.7122804621
26,506928.7122804621
27,506928.7122804621
28,506189.54855184356
29,506189.54855184356
30,506189.54855184356
31,506168.1234878158
32,506168.1234878158
33,506168.1234878158
34,506168.1234878158
35,506168.1234878158
