,0
0,737457.5034846071
1,677379.9306994413
2,670714.2232967428
3,642211.9680404789
4,598481.9389474856
5,583101.6188010594
6,579755.9272509929
7,566507.1404477018
8,541022.3488926592
9,520199.5355055943
10,520199.5355055943
11,520199.5355055943
12,513221.54920230125
13,513221.54920230125
14,513221.54920230125
15,494258.0327423709
16,494258.0327423709
17,494258.0327423709
18,494258.0327423709
19,493060.5788635028
20,488819.6074538658
21,488671.06900993054
22,487296.65330895927
23,487296.65330895927
24,485685.81909826805
25,485325.049433542
26,483128.18982194626
27,483128.18982194626
28,483128.18982194626
29,480142.9399102839
30,480142.9399102839
31,480142.9399102839
32,480142.9399102839
33,480142.9399102839
