,0
0,559944.065013972
1,548296.907697609
2,518357.68386532174
3,472199.19844279403
4,435690.2273849589
5,413797.4470816964
6,375194.9931149705
7,375194.9931149705
8,343784.1271511651
9,332623.491800703
10,320435.21572902834
11,304842.8440290558
12,289455.08360520325
13,266740.7636277882
14,239768.8830809915
15,239768.8830809915
16,239768.8830809915
17,239768.8830809915
18,223618.05573539052
19,223618.05573539052
20,217957.49880636073
21,214271.1935149735
22,214271.1935149735
23,212766.66304544496
24,208758.30372020515
25,208758.30372020515
26,208758.30372020515
27,208758.30372020515
28,208758.30372020515
