,0
0,709243.1654725766
1,709243.1654725766
2,678212.9857532913
3,606608.8211690834
4,606608.8211690834
5,591818.2559543683
6,580017.422114717
7,566887.2363934787
8,517515.8418080671
9,517515.8418080671
10,517515.8418080671
11,517515.8418080671
12,510919.254275398
13,510919.254275398
14,510525.0140486845
15,498925.7346603715
16,497911.31077142473
17,495512.5401168962
18,495483.122227104
19,491004.9639008374
20,488315.4246170981
21,485616.2818754792
22,485616.2818754792
23,485509.4837496111
24,482810.3410079922
25,482810.3410079922
26,479662.99026466726
27,479662.99026466726
28,479662.99026466726
29,479662.99026466726
30,478052.15605397604
31,478052.15605397604
32,478052.15605397604
33,478052.15605397604
34,477724.8243416131
35,476677.7403530048
36,476677.7403530048
37,476677.7403530048
38,476677.7403530048
39,476677.7403530048
