,0
0,700528.4890840007
1,698592.5775421596
2,679156.2425101358
3,634105.7033733174
4,626253.8005958011
5,623622.6203712414
6,599966.3472027482
7,582219.2220723268
8,569130.029483537
9,553919.8878494588
10,543793.6420597425
11,542545.2585027238
12,528416.7330686802
13,519517.09466907807
14,516849.677071994
15,505520.457338549
16,505520.457338549
17,502915.5169342972
18,499883.8655870074
19,494688.63025620027
20,491046.8155210764
21,491046.8155210764
22,488784.2254747976
23,486360.7709247891
24,485635.0257798506
25,483637.45065951307
26,481440.5910479173
27,480066.17534694617
28,480066.17534694617
29,480066.17534694617
30,480066.17534694617
31,480025.52792934055
32,479662.99026466726
33,478288.574563696
34,478288.574563696
35,477378.1736589772
36,477378.1736589772
37,477378.1736589772
38,475600.57287572714
39,475600.57287572714
40,475600.57287572714
41,475600.57287572714
42,475600.57287572714
