,0
0,1136672.6522032844
1,1101720.5245039123
2,1047798.591447849
3,1047798.591447849
4,826913.5586295988
5,799019.3801112152
6,693625.7502733251
7,680623.0566543649
8,583017.6506112305
9,583017.6506112305
10,548332.9372936251
11,548332.9372936251
12,482645.18718150153
13,453683.7668698988
14,448956.846239491
15,440349.48608340666
16,437094.1106310919
17,436333.218453832
18,433569.28058898536
19,433569.28058898536
20,432752.2674054266
21,427198.62393204105
22,426850.4174505345
23,421275.9700862543
24,421275.9700862543
25,416467.6919548676
26,415358.6673376667
27,415344.4353092253
28,415344.4353092253
29,413051.08256941754
30,413051.08256941754
31,413051.08256941754
32,413051.08256941754
33,413051.08256941754
