,0
0,487283.8330771258
1,487283.8330771258
2,436746.75847883156
3,431030.7636986725
4,377491.33475217246
5,359637.4774161115
6,344635.12891215616
7,327664.78373937163
8,287204.493067538
9,253444.21522463995
10,253444.21522463995
11,239509.4637753199
12,239509.4637753199
13,219879.56531210564
14,219879.56531210564
15,219321.31949128635
16,217069.52912200682
17,214408.9947211157
18,213516.0264801086
19,213516.0264801086
20,211204.50036694173
21,210262.8341897337
22,208758.30372020515
23,208758.30372020515
24,208758.30372020515
25,208758.30372020515
26,208758.30372020515
