,0
0,737041.1202287853
1,737041.1202287853
2,725176.8889444829
3,639910.1881799409
4,600861.910159121
5,593751.7987115713
6,591474.4634585631
7,573022.2355298762
8,560133.2325384353
9,549375.6346907519
10,525458.888293229
11,525458.888293229
12,525458.888293229
13,516140.3180625285
14,513873.7112213753
15,498611.19754921383
16,495398.1292447897
17,495398.1292447897
18,495398.1292447897
19,494441.76575535076
20,493422.93237835955
21,493414.285444383
22,491615.25959710503
23,491615.25959710503
24,491615.25959710503
25,491615.25959710503
26,491615.25959710503
