,0
0,939845.7018097333
1,939845.7018097333
2,817240.5727365024
3,815146.3899349493
4,768186.4067594868
5,747141.3307339009
6,719835.8987434369
7,688007.3948593299
8,674215.4775571368
9,654361.0360908197
10,613965.513688217
11,613965.513688217
12,591261.4440357643
13,591261.4440357643
14,591113.7135543607
15,571284.1205212822
16,571284.1205212822
17,567225.8148469514
18,538291.1123383209
19,538291.1123383209
20,538291.1123383209
21,538291.1123383209
22,538291.1123383209
23,532958.1914407067
24,532958.1914407067
25,532015.0945321327
26,532015.0945321327
27,532015.0945321327
28,532015.0945321327
29,532015.0945321327
