,0
0,923296.7294852841
1,822055.8630503003
2,806223.3697433181
3,738225.4231672792
4,703993.6296384342
5,664758.1724563664
6,661620.9186777351
7,607096.3165443114
8,607096.3165443114
9,578658.2364289484
10,578658.2364289484
11,571749.9924288616
12,560916.3413002548
13,550240.4438922968
14,545722.810332465
15,526012.0418523214
16,526012.0418523214
17,526012.0418523214
18,526012.0418523214
19,526012.0418523214
20,522591.61842759297
21,522591.61842759297
22,522591.61842759297
23,521343.2903835221
24,520054.96961012535
25,519605.24089077767
26,519605.24089077767
27,519013.07200444496
28,518273.4724906875
29,516794.243688776
30,516539.8173290315
31,516539.8173290315
32,515939.59067527833
33,515638.68470849213
34,515638.68470849213
35,515638.68470849213
36,515638.68470849213
37,515638.68470849213
