,0
0,488353.33124332834
1,443842.50818190875
2,443842.50818190875
3,425768.4851126155
4,385477.05841284385
5,366610.48324275296
6,343203.69057647354
7,337032.4424717992
8,322703.6347678485
9,291242.52337270725
10,263323.9564741582
11,253171.4181313077
12,253171.4181313077
13,246200.68805447832
14,233543.31813970834
15,227242.630346092
16,227242.630346092
17,223144.05938319743
18,222541.59434547316
19,214408.9947211157
20,214408.9947211157
21,211334.2516582499
22,209829.72118872136
23,209829.72118872136
24,208758.30372020515
25,208758.30372020515
26,208758.30372020515
27,208758.30372020515
28,208758.30372020515
