,0
0,1057330.361695349
1,1041005.2466872091
2,884359.9365275638
3,867792.3639721469
4,640831.1392563884
5,640831.1392563884
6,495169.8271789298
7,480619.9416529622
8,480619.9416529622
9,480619.9416529622
10,449770.73431905906
11,449770.73431905906
12,432909.28672406933
13,432909.28672406933
14,432909.28672406933
15,432909.28672406933
16,428802.2738924534
17,428766.6198291024
18,427288.48826684285
19,424691.42842264567
20,420056.8770748427
21,420056.8770748427
22,419902.37086788396
23,419902.37086788396
24,417609.0181280762
25,416978.49659620575
26,416978.49659620575
27,416830.20018101094
28,416830.20018101094
29,416830.20018101094
30,416830.20018101094
31,416830.20018101094
