,0
0,522027.0958970774
1,519602.89655196277
2,477076.70883281145
3,446262.8035883503
4,409135.31333961134
5,360330.7778497533
6,339105.4906334518
7,308250.4114964287
8,283531.0467712323
9,283531.0467712323
10,270146.78687770455
11,256090.16703946688
12,250075.7134989124
13,236222.48401947384
14,229670.39236662778
15,228414.81442675178
16,215212.85969218155
17,214271.1935149735
18,212706.9367262161
19,208758.30372020515
20,208758.30372020515
21,208758.30372020515
22,208758.30372020515
23,208758.30372020515
