,0
0,496780.39905920014
1,496780.39905920014
2,460653.2407382487
3,458926.2620018261
4,354266.1734545881
5,353982.59947645094
6,336612.33122616675
7,308423.71873534453
8,308423.71873534453
9,273296.3376066209
10,257961.51957951215
11,254369.52751816937
12,245887.515245906
13,245887.515245906
14,242981.09864539967
15,220170.76837234604
16,216368.86362354414
17,216368.86362354414
18,214936.45223634908
19,212726.4379519207
20,208758.30372020515
21,208758.30372020515
22,208758.30372020515
23,208758.30372020515
24,208758.30372020515
