,0
0,715139.2884159737
1,681525.5470709079
2,668632.2089079005
3,651417.4126330814
4,625508.8174773974
5,599867.0293296342
6,599867.0293296342
7,573510.2697626238
8,538459.6350736876
9,538459.6350736876
10,538459.6350736876
11,532414.8169702596
12,524177.8701271441
13,516021.374749595
14,509349.5923913465
15,509349.5923913465
16,503881.7113693341
17,503881.7113693341
18,497953.2065115574
19,497953.2065115574
20,493378.3021879516
21,489927.3717158201
22,489927.3717158201
23,489927.3717158201
24,489841.6540713114
25,488676.20535711996
26,484009.4045466901
27,484009.4045466901
28,484009.4045466901
29,481202.9479034554
30,481202.9479034554
31,481202.9479034554
32,481202.9479034554
33,481202.9479034554
34,480184.1145264641
35,480184.1145264641
36,480184.1145264641
37,480184.1145264641
38,480184.1145264641
