,0
0,923989.1019080181
1,881960.6327952206
2,855070.2935452953
3,844437.034000702
4,797692.4238924965
5,751087.4235052057
6,709651.4324682748
7,697769.8028524658
8,684094.0329077778
9,617740.4345051914
10,617740.4345051914
11,606460.0625057344
12,575152.4478422232
13,575152.4478422232
14,551666.9642959165
15,551666.9642959165
16,550676.8461247658
17,550676.8461247658
18,548887.3901523354
19,540962.7478605135
20,532118.9339640196
21,532118.9339640196
22,529880.6549401553
23,527714.8935623261
24,517544.0154822854
25,517544.0154822854
26,517544.0154822854
27,513432.13632678136
28,513432.13632678136
29,513432.13632678136
30,513432.13632678136
31,513432.13632678136
