,0
0,746673.0059432266
1,722820.5527025177
2,675970.8669944574
3,615281.0926525497
4,612226.0730155334
5,612226.0730155334
6,597350.6910554497
7,580661.7647485784
8,569815.3249369687
9,545460.0399186524
10,545460.0399186524
11,532796.991404062
12,516830.51881963137
13,515106.64431077015
14,514142.5171316624
15,509486.7420123325
16,505651.2395942609
17,503722.40134161856
18,502457.87483943213
19,500961.71929671004
20,499769.8731514633
21,498273.7176087411
22,496899.3019077699
23,496899.3019077699
24,496899.3019077699
25,496899.3019077699
26,494503.7734631106
27,494503.7734631106
28,494503.7734631106
29,494503.7734631106
30,494503.7734631106
