,0
0,1257174.6156419888
1,1162702.4971017828
2,1039857.6462257096
3,937215.5673088972
4,802777.0165912367
5,802777.0165912367
6,689343.2375395591
7,625493.6336271225
8,551593.495993769
9,541366.3953894108
10,483928.1021304778
11,451790.60932709853
12,448537.7557753326
13,431344.7496973482
14,422698.1573646266
15,422698.1573646266
16,422698.1573646266
17,421416.87006844796
18,419045.50408353144
19,415792.6505317655
20,414300.7951202244
21,411343.50889798213
22,411343.50889798213
23,411343.50889798213
24,411343.50889798213
25,411343.50889798213
