,0
0,910496.8841549144
1,906050.2658632016
2,839269.6636404122
3,797352.2262264461
4,722235.9034101898
5,722235.9034101898
6,632258.8076480725
7,632258.8076480725
8,630529.7859295645
9,611311.7931663649
10,578228.7758750779
11,569839.4992751677
12,569839.4992751677
13,557920.3972065365
14,557920.3972065365
15,545366.6520294863
16,543247.2460907763
17,542155.5417485305
18,541356.0762576283
19,529742.2685735751
20,525384.2756137532
21,523935.9093301855
22,523935.9093301855
23,521998.13871274877
24,521242.88995981053
25,520625.04844824725
26,519723.91582770785
27,517990.5510744613
28,517772.0649096295
29,517772.0649096295
30,517470.3849892592
31,517021.2818485163
32,516883.62408668874
33,516883.62408668874
34,516883.62408668874
35,516883.62408668874
36,516837.144479647
37,516766.8554887718
38,516582.7181199025
39,516582.7181199025
40,516582.7181199025
41,516582.7181199025
42,516582.7181199025
