,0
0,931774.617195384
1,931774.617195384
2,835667.1963637953
3,806231.2782115276
4,671260.9993888437
5,671260.9993888437
6,671260.9993888437
7,667478.723101632
8,620339.9496301257
9,618841.1274583237
10,609008.5316521911
11,591846.9970901592
12,579077.2866306712
13,566358.1942805987
14,560073.9889230762
15,557119.3859519656
16,550335.7901088145
17,549764.4283970628
18,537072.1146289284
19,537072.1146289284
20,532783.4473309681
21,531589.5663738124
22,531589.5663738124
23,531589.5663738124
24,531284.930070808
25,530646.4694652385
26,530646.4694652385
27,530646.4694652385
28,530646.4694652385
29,530646.4694652385
