,0
0,696627.6745392702
1,665134.9307331571
2,644945.1037220391
3,636087.6896023306
4,615330.7034611977
5,607316.1409866979
6,545830.4257051819
7,545830.4257051819
8,545830.4257051819
9,545830.4257051819
10,537625.6914130419
11,524402.6118743272
12,513637.27897279145
13,508894.36558954924
14,508894.36558954924
15,498699.5521322304
16,495012.3334512894
17,493197.53618087934
18,491751.58267767075
19,489992.28175234277
20,489992.28175234277
21,488572.4179732699
22,488381.44754165155
23,488381.44754165155
24,487980.4171395699
25,486961.58376257867
26,486961.58376257867
27,486961.58376257867
28,486603.84675840137
29,486202.8163563197
30,485183.9829793285
31,485183.9829793285
32,485183.9829793285
33,485183.9829793285
34,485183.9829793285
