,0
0,923959.55473837
1,842337.8261382066
2,778024.9153104464
3,778024.9153104464
4,737787.551454952
5,728884.5401808848
6,689358.8633156999
7,663062.0739855705
8,654231.1442854354
9,629600.4053878245
10,609437.3128380931
11,586221.3725993065
12,585965.5400772229
13,574600.813696605
14,571524.9634321207
15,549542.662940371
16,549542.662940371
17,549542.662940371
18,543822.1771326888
19,543822.1771326888
20,543822.1771326888
21,536063.4002885831
22,534140.8597162421
23,533760.9113133969
24,531440.9529542095
25,527329.0737987055
26,524982.8162078913
27,524982.8162078913
28,524982.8162078913
29,524982.8162078913
30,524982.8162078913
