,0
0,529887.1000333349
1,514097.8493765857
2,478171.1461874192
3,441635.9999752345
4,413967.0910812559
5,396460.05789266946
6,353906.94156660966
7,326934.87162172986
8,318849.1220041799
9,312158.94244921324
10,287371.7201323573
11,268155.99041366647
12,265973.57411392976
13,243176.16224617828
14,228947.02656250863
15,228947.02656250863
16,228947.02656250863
17,228947.02656250863
18,219663.56961537286
19,216459.0752611989
20,213838.08051396118
21,213034.2155428953
22,212856.8746830997
23,209829.72118872136
24,209829.72118872136
25,208758.30372020515
26,208758.30372020515
27,208758.30372020515
28,208758.30372020515
29,208758.30372020515
