,0
0,952505.2541472517
1,889314.322672239
2,812359.8369843952
3,812359.8369843952
4,725469.8189278456
5,660828.9482252875
6,660828.9482252875
7,660828.9482252875
8,605459.0985240941
9,601102.0774570516
10,587039.2193423263
11,577108.0423211906
12,568392.6040191322
13,561834.0659218583
14,542959.6781755865
15,542959.6781755865
16,536917.5637857369
17,531178.0366654954
18,530023.0921558196
19,526855.421803265
20,524721.8079419264
21,521981.2278080768
22,521981.2278080768
23,521981.2278080768
24,520851.3546131929
25,520227.0831224757
26,520227.0831224757
27,518764.7107071506
28,518764.7107071506
29,517714.6075434802
30,517714.6075434802
31,516488.57256893045
32,516385.5510596495
33,515343.6534539691
34,515343.6534539691
35,515343.6534539691
36,515159.5160850998
37,514864.96055119217
38,514864.96055119217
39,514680.82318232284
40,514680.82318232284
41,514680.82318232284
42,514680.82318232284
43,514680.82318232284
