,0
0,544706.9455103376
1,509724.78926153935
2,485284.84173841163
3,455860.29497866915
4,392717.798670556
5,380596.53223004076
6,347877.92384814576
7,329677.669268148
8,289862.8659614688
9,282751.86935839424
10,282751.86935839424
11,259632.27972667755
12,251939.48783679446
13,250500.70923060062
14,235687.97378340305
15,227405.50755509493
16,225877.63570628772
17,220501.5564458772
18,217997.72759016595
19,213516.0264801086
20,209829.72118872136
21,209829.72118872136
22,209829.72118872136
23,209829.72118872136
24,209829.72118872136
