,0
0,710317.0857650049
1,694141.5543368082
2,659727.8440917825
3,624158.6024917472
4,620630.8353099383
5,620376.2155744301
6,581406.383952444
7,581406.383952444
8,574524.0102269045
9,546727.0394590368
10,546727.0394590368
11,537195.824526726
12,527595.840673627
13,521376.0709241838
14,521376.0709241838
15,513124.1656551493
16,513124.1656551493
17,513124.1656551493
18,507361.4285928519
19,506757.9732051391
20,506543.3838751228
21,504228.735349816
22,503326.2148186522
23,501303.61815860454
24,500565.6306017448
25,499546.7972247535
26,498208.5128877132
27,498208.5128877132
28,496712.357344991
29,496712.357344991
30,496712.357344991
31,496712.357344991
32,496712.357344991
