,0
0,698075.5080895615
1,698075.5080895615
2,698075.5080895615
3,698075.5080895615
4,698075.5080895615
5,683425.521590784
6,670998.0887618376
7,658497.2267757468
8,596546.210249797
9,586160.036112809
10,586160.036112809
11,557951.536428432
12,557951.536428432
13,557951.536428432
14,554039.7672153219
15,551213.2817881906
16,546578.9627827385
17,539692.6263442972
18,537703.0518658347
19,532485.2863118924
20,532485.2863118924
21,524518.7785985135
22,522416.6394201663
23,522416.6394201663
24,522308.2932377543
25,522308.2932377543
26,521649.96199587215
27,521349.0560290859
28,521120.3154547414
29,521120.3154547414
30,521120.3154547414
31,521120.3154547414
32,521120.3154547414
