,0
0,930606.5720081792
1,887942.9461055148
2,781473.9381717121
3,781473.9381717121
4,701035.7429842708
5,701035.7429842708
6,677976.0328528956
7,633426.8934150484
8,620849.0561168116
9,614924.9624246375
10,594610.1218630361
11,572265.4259454515
12,558008.6354630733
13,549624.6421232615
14,549031.6309812845
15,548606.0173593535
16,541054.7784873156
17,533998.2670861202
18,530437.9910384074
19,526695.4381223513
20,525325.6617939514
21,524131.7808367957
22,523980.3951451298
23,523615.3633480476
24,523615.3633480476
25,523188.68392822176
26,523188.68392822176
27,523188.68392822176
28,523188.68392822176
29,523188.68392822176
