,0
0,520630.4240590277
1,476789.98526207206
2,466229.7125726293
3,416143.2141060172
4,362998.98578878114
5,362998.98578878114
6,330644.2743746872
7,299164.65928065055
8,299164.65928065055
9,293014.9931516423
10,293014.9931516423
11,262570.93911214254
12,241195.36025173968
13,241195.36025173968
14,240253.6940745316
15,240109.3809338519
16,232797.75328612246
17,230191.0920904535
18,224888.52723572715
19,221202.2219443399
20,221202.2219443399
21,221202.2219443399
22,218626.27400629513
23,218626.27400629513
24,218626.27400629513
25,218626.27400629513
26,218626.27400629513
