,0
0,1127621.6118576506
1,1011716.9766977495
2,970965.2237034616
3,935834.6298364148
4,854294.4021357672
5,832989.4570646135
6,798847.4456931942
7,630813.1692279527
8,549166.4627420336
9,549166.4627420336
10,521758.5800649959
11,493394.8841659253
12,457729.11718575045
13,431644.68255477026
14,429277.14959859423
15,426191.877418224
16,426191.877418224
17,426191.877418224
18,424079.6084318739
19,421253.2921534661
20,417918.87570934906
21,417918.87570934906
22,417918.87570934906
23,413051.08256941754
24,413051.08256941754
25,413051.08256941754
26,413051.08256941754
27,413051.08256941754
