,0
0,932971.7321224909
1,852449.4006808754
2,795535.8293171067
3,742415.4012358087
4,742415.4012358087
5,720159.2847762732
6,699237.2310793032
7,661186.0211296263
8,615764.9434489487
9,597757.4647545979
10,569526.3266140573
11,569526.3266140573
12,569526.3266140573
13,567886.0242221443
14,558336.8744399193
15,551719.6011605003
16,529918.8470354191
17,529918.8470354191
18,529918.8470354191
19,526991.4397044308
20,526596.1999315021
21,524097.1626370106
22,521446.09648512735
23,521446.09648512735
24,520518.0294217156
25,518476.7976918504
26,517311.3524600429
27,517172.29131202766
28,516271.15869148826
29,515208.74222444533
30,514170.8002851819
31,514170.8002851819
32,514170.8002851819
33,513578.7797738284
34,513578.7797738284
35,513578.7797738284
36,513394.64240495913
37,513128.90267950145
38,512944.7653106322
39,512944.7653106322
40,512944.7653106322
41,512944.7653106322
42,512944.7653106322
