,0
0,915340.2538454161
1,874922.4582773695
2,874922.4582773695
3,831917.331586864
4,750844.9939237023
5,740230.3480412873
6,674368.0724268144
7,619599.0591111751
8,618668.8434644802
9,612338.0137015252
10,579561.3324882907
11,562866.036894392
12,558755.5998985599
13,558755.5998985599
14,551441.8374588682
15,550262.421847838
16,546131.622664536
17,536463.1121865822
18,533430.2768162919
19,533430.2768162919
20,527623.8098136403
21,527623.8098136403
22,522542.28468413436
23,521599.1877755604
24,521599.1877755604
25,521599.1877755604
26,521599.1877755604
27,521599.1877755604
28,521391.16072390793
29,521391.16072390793
30,521391.16072390793
31,521391.16072390793
32,521391.16072390793
