,0
0,873180.0821777642
1,873180.0821777642
2,837532.9903986382
3,804843.5834593322
4,721703.7982497222
5,694385.6289305717
6,673537.4237936283
7,646795.3032048194
8,616125.8802243059
9,616125.8802243059
10,601134.4421664217
11,583508.474130922
12,568768.3665736165
13,561177.9524497238
14,551532.1223631832
15,538516.4808634841
16,529029.6593963885
17,529029.6593963885
18,528098.6808988862
19,528098.6808988862
20,527338.482843481
21,521889.5962206054
22,521889.5962206054
23,520940.97002879245
24,517770.61287220137
25,517770.61287220137
26,517103.448951916
27,517079.1457246352
28,517079.1457246352
29,516037.24811895477
30,515968.33309880464
31,515920.47952103784
32,515271.09102294524
33,515271.09102294524
34,515271.09102294524
35,514970.185056159
36,514970.185056159
37,514901.27003600885
38,514717.1326671395
39,514369.95840240584
40,514301.0433822557
41,513816.0000466002
42,513816.0000466002
43,513816.0000466002
44,513366.12295227323
45,513366.12295227323
46,513366.12295227323
47,513366.12295227323
48,513366.12295227323
