,0
0,921217.5235829747
1,826879.6628878427
2,826879.6628878427
3,774146.6977007287
4,758754.2479932103
5,711704.8144672767
6,701557.1079621217
7,642367.5426170595
8,622499.7064466549
9,594209.6791817857
10,594209.6791817857
11,591434.357170696
12,572852.2034067817
13,548191.8074535555
14,548191.8074535555
15,548191.8074535555
16,540255.6993868916
17,540255.6993868916
18,532520.8018280087
19,532520.8018280087
20,530980.2790937456
21,529972.9249099985
22,523235.78762802563
23,523235.78762802563
24,523235.78762802563
25,522292.69071945164
26,522166.46281665907
27,522166.46281665907
28,521223.3659080851
29,521223.3659080851
30,521223.3659080851
31,521223.3659080851
32,521223.3659080851
