,0
0,579821.0604871599
1,500307.45919449505
2,500307.45919449505
3,467236.75442822627
4,456146.0838242987
5,447613.24177430494
6,372007.9349945494
7,325151.44213402335
8,325151.44213402335
9,325151.44213402335
10,306111.41528111865
11,306111.41528111865
12,292118.85429053864
13,271904.85827222705
14,271904.85827222705
15,263358.8475911596
16,253487.63195005886
17,240230.47939433536
18,235762.01095357086
19,235762.01095357086
20,233759.77357164997
21,229255.03621200068
22,226015.10677677832
23,220060.79408973976
24,217963.60573072743
25,217963.60573072743
26,212856.8746830997
27,211204.50036694173
28,210262.8341897337
29,208758.30372020515
30,208758.30372020515
31,208758.30372020515
32,208758.30372020515
33,208758.30372020515
