,0
0,556768.4191061162
1,481893.75969471666
2,481893.75969471666
3,431838.2204195
4,431838.2204195
5,388225.38532842713
6,347161.32143036294
7,347161.32143036294
8,291471.1562112117
9,272480.54806971044
10,272480.54806971044
11,271035.9499920665
12,271035.9499920665
13,238453.07163486633
14,232846.21119869067
15,232846.21119869067
16,230533.99345381107
17,221072.47065303175
18,221072.47065303175
19,221072.47065303175
20,217867.97629885777
21,217867.97629885777
22,215421.7796521212
23,215421.7796521212
24,215421.7796521212
25,215421.7796521212
26,215421.7796521212
