,0
0,1252585.7088435057
1,1186543.8107255981
2,1036038.5300536331
3,919488.569621037
4,789011.8829228883
5,789011.8829228883
6,783845.1342338346
7,755178.5873796253
8,682435.3861296409
9,543069.5370295211
10,543069.5370295211
11,472916.0936806858
12,470452.31474767445
13,440180.92112893186
14,437542.2252083111
15,437542.2252083111
16,427673.5044878955
17,427673.5044878955
18,427673.5044878955
19,426805.9051341803
20,425038.8164542001
21,424523.1793869603
22,421703.56258732505
23,421703.56258732505
24,421555.2661721303
25,421510.5237086321
26,419068.8745536296
27,419068.8745536296
28,419068.8745536296
29,418371.5350645826
30,415885.1434460819
31,413896.7184736593
32,413896.7184736593
33,413896.7184736593
34,413896.7184736593
35,410564.69095091685
36,410564.69095091685
37,410564.69095091685
38,410564.69095091685
39,410564.69095091685
