,0
0,927750.8362616828
1,901255.1505507756
2,745369.0008342941
3,710973.4843336898
4,710973.4843336898
5,710973.4843336898
6,704302.5680440629
7,636775.6611665456
8,625301.0774525418
9,609772.1389631549
10,597008.9769925891
11,566151.0616063443
12,544117.8954621219
13,544117.8954621219
14,544117.8954621219
15,536015.5078050339
16,534103.0373443837
17,533742.8711470938
18,528639.7008548098
19,525842.5828417971
20,522237.2650212212
21,520375.08928051044
22,519252.9024056367
23,519252.9024056367
24,518457.22560171084
25,518202.79924196634
26,518202.79924196634
27,517703.6750212594
28,516653.57185758906
29,516653.57185758906
30,516653.57185758906
31,516653.57185758906
32,516653.57185758906
