,0
0,889690.1935100894
1,886869.2345129119
2,816108.121227411
3,772947.9226837354
4,753888.7181308898
5,706791.3698765105
6,706791.3698765105
7,654650.8157337405
8,640069.7414323769
9,598556.8157334807
10,598556.8157334807
11,598556.8157334807
12,568274.1557756044
13,559925.2326489221
14,551353.486260476
15,544471.5689093013
16,544471.5689093013
17,538462.9124325659
18,538462.9124325659
19,528753.745643667
20,528753.745643667
21,526216.1465086136
22,526216.1465086136
23,525439.5771345719
24,522104.2673531095
25,521824.5829413353
26,519733.1957525883
27,518510.1259080943
28,515341.63218531
29,515341.63218531
30,515341.63218531
31,514398.5352767361
32,514398.5352767361
33,514398.5352767361
34,514398.5352767361
35,514398.5352767361
