,0
0,1031569.2976483918
1,1031569.2976483918
2,1022378.1851603057
3,904036.0423432447
4,817868.21077817
5,733105.3374919385
6,569190.9215563954
7,498006.1000655651
8,498006.1000655651
9,498006.1000655651
10,498006.1000655651
11,436594.571548693
12,425858.59149992216
13,425176.0360193025
14,425176.0360193025
15,425176.0360193025
16,418949.57849646884
17,418949.57849646884
18,417569.10809047974
19,416771.11022129183
20,414760.1182834322
21,413833.0039211722
22,412723.9793039712
23,410564.69095091685
24,410564.69095091685
25,410564.69095091685
26,410564.69095091685
27,410564.69095091685
