,0
0,865615.1984322959
1,865615.1984322959
2,852312.9744481939
3,762772.9557154588
4,703579.5998659966
5,703579.5998659966
6,677477.0147604417
7,666940.2253731288
8,619827.8137008866
9,616937.9843927063
10,610251.0363452026
11,595274.4501210356
12,572160.4755346352
13,567966.5227434828
14,548928.691283624
15,548928.691283624
16,546291.4302230763
17,543486.5253406104
18,540498.9070881051
19,536955.7004306212
20,536955.7004306212
21,536955.7004306212
22,535845.4436389066
23,535543.6482017207
24,535543.6482017207
25,534509.1472517975
26,534214.59171789
27,533612.2963859063
28,533317.7408519987
29,533104.3349261753
30,532867.8637576717
31,532867.8637576717
32,532683.7263888024
33,532683.7263888024
34,532683.7263888024
35,532683.7263888024
36,532683.7263888024
