,0
0,539149.2889669577
1,514184.43874994246
2,419938.0330740263
3,419938.0330740263
4,388536.6102043657
5,362732.0908148723
6,362732.0908148723
7,280044.35407989024
8,280044.35407989024
9,267143.9459000961
10,267143.9459000961
11,248329.552348315
12,248329.552348315
13,239945.4673400658
14,227364.87087472665
15,227364.87087472665
16,224600.12740877178
17,218939.393767374
18,218939.393767374
19,218626.27400629513
20,215421.7796521212
21,215421.7796521212
22,215421.7796521212
23,215421.7796521212
24,215421.7796521212
