,0
0,1210153.472422081
1,1082562.480002722
2,1022628.2137195555
3,958189.6263203307
4,850185.7127172856
5,700807.2937553067
6,700807.2937553067
7,570702.9030917604
8,570702.9030917604
9,561109.4981911145
10,458273.8815088037
11,458273.8815088037
12,458273.8815088037
13,432511.00731623353
14,432511.00731623353
15,426356.017951303
16,418832.62533527415
17,418319.91529493436
18,415157.60622229625
19,415157.60622229625
20,413139.1313510406
21,413139.1313510406
22,412864.2534824885
23,411491.8053131769
24,410712.9873661116
25,410564.69095091685
26,410564.69095091685
27,410564.69095091685
28,410564.69095091685
29,410564.69095091685
