,0
0,497632.04587035713
1,497632.04587035713
2,475575.0169846117
3,465123.96571142727
4,407343.4976816428
5,396256.06884707557
6,358091.5032908458
7,332353.0086122697
8,332353.0086122697
9,329355.3865722407
10,301841.10811671894
11,290654.07292425254
12,267652.5970543175
13,257171.85523676715
14,254415.2060423364
15,242531.95569774706
16,242531.95569774706
17,235049.94600855012
18,232565.3537981495
19,227364.65210911445
20,225860.12163958594
21,224634.10216080252
22,224634.10216080252
23,220535.53119790793
24,220535.53119790793
25,220535.53119790793
26,220535.53119790793
27,220535.53119790793
