,0
0,740381.5695135876
1,717792.2997472702
2,670681.8016228216
3,670681.8016228216
4,641614.1504601545
5,603238.2370057107
6,585071.265632491
7,582452.172999276
8,541115.6668682402
9,541115.6668682402
10,539239.9025230004
11,534365.0181783696
12,534365.0181783696
13,523155.6849680048
14,523155.6849680048
15,510917.9803796297
16,507495.5526965012
17,507495.5526965012
18,501554.1172789542
19,498860.4865672163
20,498860.4865672163
21,498860.4865672163
22,497309.0934537333
23,497309.0934537333
24,495526.18909363094
25,494528.7807806675
26,494528.7807806675
27,494082.2650575308
28,494082.2650575308
29,494082.2650575308
30,494082.2650575308
31,494082.2650575308
