,0
0,878719.9554467732
1,811075.6483914412
2,766150.5326058395
3,739223.4656355209
4,717600.4629032104
5,656446.8031026024
6,596238.464311047
7,588388.1835616961
8,581125.2907822203
9,581125.2907822203
10,565296.3954828741
11,555103.9000621258
12,541719.7185477373
13,541719.7185477373
14,536877.0766394517
15,534490.6731163228
16,528043.7525490245
17,524444.0872007114
18,522492.8514165016
19,522492.8514165016
20,522485.1208223425
21,522440.5176168674
22,522001.9538882535
23,521828.4563847067
24,520901.6379787673
25,520901.6379787673
26,520161.1666681578
27,520161.1666681578
28,520161.1666681578
29,520161.1666681578
30,520090.8776772826
31,519612.1847745057
32,519428.04740563635
33,519428.04740563635
34,519428.04740563635
35,519428.04740563635
36,519428.04740563635
