,0
0,573750.7521884474
1,536213.5046038444
2,486879.42634414387
3,417898.45656968903
4,391376.98822007974
5,380116.8174683579
6,340221.4566152483
7,314455.3857398396
8,303146.9804277379
9,293702.83136494533
10,293702.83136494533
11,250474.3369549908
12,250474.3369549908
13,232864.11296082675
14,227469.70087932402
15,227096.1314594547
16,226349.21932089026
17,215303.07132983633
18,215303.07132983633
19,209829.72118872136
20,208758.30372020515
21,208758.30372020515
22,208758.30372020515
23,208758.30372020515
24,208758.30372020515
