,0
0,736307.0379242394
1,712191.4560588255
2,641850.5452180001
3,637835.906072319
4,620537.1372809096
5,596498.9281943886
6,545036.4933227359
7,542348.4916347669
8,530564.3725664614
9,523229.06673765596
10,523196.17126792955
11,507938.0370983605
12,507938.0370983605
13,504466.5645657505
14,499556.5531314969
15,490921.0171346148
16,490921.0171346148
17,490535.82093322877
18,487309.6616497038
19,485617.5692630274
20,483433.5441332014
21,481016.2050693801
22,476974.9885766983
23,476974.9885766983
24,476385.2671096951
25,475036.82265364414
26,473989.7386650359
27,473989.7386650359
28,473989.7386650359
29,473989.7386650359
30,473989.7386650359
