,0
0,993140.544627228
1,872067.7678528556
2,811845.700844752
3,753607.7312464733
4,727694.5899800232
5,626093.3950954616
6,613989.9077131863
7,613989.9077131863
8,608892.1336637416
9,608892.1336637416
10,576132.5861110276
11,576132.5861110276
12,564910.3466347368
13,564910.3466347368
14,558211.048572043
15,558211.048572043
16,543334.3088702053
17,536432.7878537956
18,534779.4201474504
19,528145.4721526806
20,524747.2203245504
21,522295.4539497756
22,521972.84302175883
23,519517.26247382327
24,517572.7825426885
25,517572.7825426885
26,517572.7825426885
27,517572.7825426885
28,517572.7825426885
29,516865.75796234753
30,516161.454508276
31,515782.7017043558
32,515248.87139860843
33,515248.87139860843
34,515248.87139860843
35,515053.420664026
36,514983.13167315075
37,514798.9943042814
38,514798.9943042814
39,514798.9943042814
40,514798.9943042814
41,514798.9943042814
