,0
0,497071.3198063797
1,497071.3198063797
2,497071.3198063797
3,482171.7773272619
4,419581.16296131414
5,404775.4283086103
6,358000.57525071956
7,317204.75974938646
8,315678.38860828866
9,288961.0788922311
10,268392.40522485535
11,268392.40522485535
12,244286.11592086244
13,239491.6291329409
14,237393.2762434964
15,223397.54413777762
16,215911.43108039006
17,215911.43108039006
18,212856.8746830997
19,210262.8341897337
20,208758.30372020515
21,208758.30372020515
22,208758.30372020515
23,208758.30372020515
24,208758.30372020515
