,0
0,1114332.299386018
1,1041805.8622507885
2,987985.866664484
3,887822.9153652111
4,887822.9153652111
5,702412.5814225972
6,702412.5814225972
7,653679.7204098862
8,599480.8369105634
9,545479.2900798459
10,501675.0619603542
11,501675.0619603542
12,482687.72218989645
13,461210.2249869591
14,457306.7035187378
15,426333.66980243474
16,423452.8120539664
17,422690.61553167924
18,422690.61553167924
19,418949.57849646884
20,415350.6451009892
21,413833.0039211722
22,413833.0039211722
23,413139.1313510406
24,411343.50889798213
25,410564.69095091685
26,410564.69095091685
27,410564.69095091685
28,410564.69095091685
29,410564.69095091685
