,0
0,706905.3522832264
1,684407.3684096453
2,684407.3684096453
3,665631.8182112627
4,629591.7294084114
5,611199.2942480386
6,579416.7015897728
7,562299.2218716353
8,562299.2218716353
9,550979.5280056568
10,523597.2582798194
11,522518.45905730414
12,519327.9258727214
13,519302.62511367153
14,511860.9381918467
15,506310.96672921436
16,499467.2265272255
17,496769.96263670624
18,496769.96263670624
19,495817.66617336014
20,495817.66617336014
21,494962.28985545173
22,493348.7752674665
23,491811.3035180097
24,491050.7147253634
25,491050.7147253634
26,489514.19819272956
27,489273.11394211336
28,489273.11394211336
29,488180.0583306188
30,486856.27999343
31,484810.92791858944
32,482272.7383426931
33,482272.7383426931
34,482272.7383426931
35,482272.7383426931
36,482272.7383426931
