,0
0,1092092.5223801264
1,997582.5152739485
2,958728.7800947772
3,889815.4324783713
4,742998.1515362053
5,731745.124703609
6,728297.7513075067
7,634251.41803237
8,616374.6919342054
9,475123.7138429227
10,475123.7138429227
11,472906.8561667483
12,467880.47848527785
13,438214.87158357445
14,427441.7156533446
15,426909.21643691615
16,426909.21643691615
17,419770.24071907974
18,419770.24071907974
19,418425.9191925516
20,418263.1888597333
21,416025.20557601145
22,415438.6938826123
23,411343.50889798213
24,410564.69095091685
25,410564.69095091685
26,410564.69095091685
27,410564.69095091685
28,410564.69095091685
