,0
0,1189778.0494433087
1,1069999.4943810801
2,940451.5201206396
3,915517.0273554766
4,844247.5339949334
5,711351.3074596153
6,632600.6584693396
7,624963.2078676
8,478724.14361094736
9,478724.14361094736
10,478724.14361094736
11,478724.14361094736
12,429662.6593125615
13,429662.6593125615
14,428649.5844739856
15,423355.9912958002
16,421238.54721829144
17,420172.26018825255
18,420172.26018825255
19,418976.3816393132
20,415944.446406039
21,412872.275719166
22,412872.275719166
23,411343.50889798213
24,410712.9873661116
25,410712.9873661116
26,410564.69095091685
27,410564.69095091685
28,410564.69095091685
29,410564.69095091685
30,410564.69095091685
