,0
0,900417.1268038976
1,900417.1268038976
2,809270.3108126322
3,709196.4105260064
4,709196.4105260064
5,698926.7030258011
6,698926.7030258011
7,687022.9126816439
8,676739.7547084144
9,632848.5988412275
10,632848.5988412275
11,601930.5507280906
12,596354.6440000131
13,576988.4601025495
14,576988.4601025495
15,566124.9777497693
16,564376.7683990245
17,558874.0450819224
18,549032.999365508
19,545997.0614033974
20,540616.184244415
21,538121.1450355112
22,538121.1450355112
23,533794.8162403958
24,523235.78762802563
25,518613.34029365197
26,518613.34029365197
27,518613.34029365197
28,518613.34029365197
29,518613.34029365197
