,0
0,1098836.3635021327
1,1098836.3635021327
2,1065186.1601868204
3,904190.5072201004
4,782395.4066770195
5,782395.4066770195
6,697079.5314539099
7,626965.7398099588
8,624447.568871945
9,495351.25160634215
10,495351.25160634215
11,465525.7528494135
12,465525.7528494135
13,434246.7730278172
14,434246.7730278172
15,427349.50471639895
16,424707.5477275233
17,424707.5477275233
18,424380.03070698836
19,423877.619269972
20,419948.13883224805
21,414639.8823573736
22,414639.8823573736
23,413199.3789846123
24,410712.9873661116
25,410712.9873661116
26,410564.69095091685
27,410564.69095091685
28,410564.69095091685
29,410564.69095091685
30,410564.69095091685
