,0
0,965476.2930125791
1,899877.0605199516
2,855464.307174498
3,842386.3903607767
4,734147.159827876
5,697895.8730715049
6,664327.4125730124
7,664327.4125730124
8,639462.375784499
9,639462.375784499
10,618609.0671157882
11,588169.3978182646
12,579469.8428051972
13,577515.0281016463
14,570624.3732490777
15,561405.7934468767
16,550927.7375266638
17,548555.2335600437
18,540598.5814588285
19,533821.5076442366
20,533821.5076442366
21,533821.5076442366
22,530243.3941333435
23,529298.5152541634
24,529298.5152541634
25,529298.5152541634
26,524548.5409852985
27,524548.5409852985
28,524548.5409852985
29,524548.5409852985
30,524548.5409852985
31,524395.1989515056
32,524098.6638909715
33,524098.6638909715
34,524098.6638909715
35,524098.6638909715
36,524098.6638909715
