,0
0,991831.8511987518
1,865577.7768604925
2,838535.7016913947
3,773645.0957671077
4,731927.6520358553
5,682305.1612250957
6,676492.6674420538
7,648719.3020184339
8,621118.1659396312
9,594124.1908620714
10,591500.4051250305
11,567832.7497946013
12,567832.7497946013
13,551673.106566397
14,550327.4917179734
15,544398.3232849817
16,535140.7244551996
17,531553.7835704996
18,531218.643079691
19,529371.2803594321
20,525516.4697664673
21,522760.13409360586
22,522592.94649632426
23,521397.67388961127
24,519580.2136619236
25,518596.44949283934
26,518025.0392319459
27,517998.10478907346
28,517035.12298775645
29,517035.12298775645
30,517035.12298775645
31,517005.82974691683
32,516843.41684582253
33,516342.9994752706
34,516208.0239507408
35,515441.8668547312
36,515429.17951829307
37,515429.17951829307
38,514991.9897604043
39,514991.9897604043
40,514991.9897604043
41,514737.5634006598
42,514737.5634006598
43,514737.5634006598
44,514737.5634006598
45,514737.5634006598
