,0
0,877978.4502965631
1,877978.4502965631
2,806826.4696104878
3,806826.4696104878
4,765952.9940377879
5,702727.2541662526
6,673573.341760206
7,648825.6986584761
8,611820.751165189
9,611820.751165189
10,608067.3156307972
11,584422.2464523562
12,575874.5245691179
13,575874.5245691179
14,568521.489128274
15,566562.4565972815
16,555710.9061037434
17,555710.9061037434
18,555477.0423682573
19,546047.0058306287
20,546047.0058306287
21,543050.3685629648
22,538302.5143649087
23,538302.5143649087
24,532212.7228624437
25,532212.7228624437
26,532212.7228624437
27,529675.1237273902
28,528605.7989160237
29,527662.7020074497
30,527662.7020074497
31,527662.7020074497
32,527662.7020074497
33,527662.7020074497
