,0
0,893134.2330292015
1,852559.1209859446
2,810460.6494216166
3,801290.8228946406
4,739823.0245276917
5,682756.449979028
6,649104.0635191087
7,618333.9349747379
8,618333.9349747379
9,588425.0672801734
10,567627.2421592413
11,567627.2421592413
12,560538.3390300808
13,548263.0959171806
14,548263.0959171806
15,533280.6556659829
16,533232.0996669853
17,533026.2293062384
18,531136.577523902
19,527762.2579950423
20,526145.8640553555
21,524665.7105675313
22,523242.0985554343
23,522601.94075309765
24,522073.73358947475
25,520739.2576175344
26,518868.1895658767
27,518613.7632061322
28,518508.01322212693
29,517918.4264336963
30,517205.0130358637
31,517205.0130358637
32,516729.4501561367
33,516199.803615006
34,515171.65309796156
35,515171.65309796156
36,514870.7471311753
37,514870.7471311753
38,514686.60976230603
39,514686.60976230603
40,514686.60976230603
41,514686.60976230603
42,514686.60976230603
