,0
0,945663.8592162624
1,890182.8281146692
2,860303.6565378297
3,812949.6326415028
4,745120.5767157234
5,693435.0454201996
6,678114.730672623
7,634350.9521324858
8,620236.1872691393
9,588626.1993498526
10,588626.1993498526
11,587975.5382312839
12,579904.1426671477
13,574647.4668575823
14,562821.8001224393
15,562124.5835563829
16,553983.4204354167
17,549087.571084423
18,535436.1427418645
19,534636.6743635231
20,533910.2290327111
21,528594.6560276565
22,525268.5474902492
23,524829.0509439461
24,524220.1551024858
25,522328.15994921926
26,522328.15994921926
27,522008.5845287207
28,520625.04844824725
29,520395.99332145695
30,517479.73170473665
31,516597.66824064474
32,516597.66824064474
33,516413.53087177547
34,516413.53087177547
35,516413.53087177547
36,516413.53087177547
37,514864.30348739814
38,514864.30348739814
39,514864.30348739814
40,514864.30348739814
41,514864.30348739814
