,0
0,955826.0699837862
1,953786.5752205288
2,811669.8615698718
3,811669.8615698718
4,737075.4383512045
5,737075.4383512045
6,716619.3299190749
7,692456.5814256818
8,658620.8085427213
9,621078.660124445
10,617246.5281637143
11,595760.7836431115
12,595760.7836431115
13,584399.6634860341
14,576580.7688137025
15,574649.5370083455
16,569316.7387809281
17,565830.2200777287
18,543218.9043176816
19,543218.9043176816
20,543218.9043176816
21,541478.8642205202
22,537608.7613218178
23,537307.1810782336
24,533826.4850346063
25,533826.4850346063
26,533826.4850346063
27,533826.4850346063
28,533826.4850346063
