,0
0,684742.5830064947
1,684742.5830064947
2,675830.9109939333
3,673846.6923877016
4,617352.3243013121
5,594098.0397934318
6,572892.2852185117
7,555765.7408825059
8,555765.7408825059
9,555765.7408825059
10,532530.8108502326
11,532530.8108502326
12,525001.1202732201
13,516976.3448159966
14,514268.5760195982
15,506989.1024452547
16,502968.17188565247
17,498446.83678491646
18,498446.83678491646
19,494657.31320590706
20,494329.5374470948
21,491138.6396259526
22,491138.6396259526
23,489764.2239249813
24,489764.2239249813
25,489764.2239249813
26,489764.2239249813
27,489764.2239249813
