,0
0,918621.4179743662
1,873177.8332772829
2,750699.8728125014
3,731684.9159673201
4,721455.8533912842
5,701808.7450206302
6,641611.811100606
7,610652.1771162187
8,601746.985260081
9,589934.4910269377
10,567162.7861695938
11,560840.132578117
12,552032.1382922899
13,547380.7960908413
14,544729.5843168889
15,539126.7475142339
16,529328.6076256258
17,529085.3017477839
18,525117.5415011214
19,523087.45039478596
20,521813.81455001247
21,520505.66982402187
22,520396.71820795775
23,519294.2601101842
24,519294.2601101842
25,517582.94305122225
26,517582.94305122225
27,517582.94305122225
28,517307.2025415514
29,517052.7761818069
30,515990.359714764
31,515990.359714764
32,515806.22234589467
33,515806.22234589467
34,515385.48646525794
35,513822.4058817177
36,513526.14651068434
37,513526.14651068434
38,513526.14651068434
39,513271.72015093983
40,512850.9842703031
41,512850.9842703031
42,512370.58753040043
43,512370.58753040043
44,512370.58753040043
45,512370.58753040043
46,512370.58753040043
