,0
0,943910.8777153349
1,821189.5165230094
2,821189.5165230094
3,779598.0033054933
4,745926.650217189
5,727504.247871404
6,676467.8952038366
7,660612.9954799877
8,637502.6301688578
9,607338.7296650911
10,607338.7296650911
11,600984.4461010832
12,589930.3503281239
13,566328.4575587651
14,559194.2940378702
15,559194.2940378702
16,546204.8492414559
17,540839.5265298522
18,539734.2524453094
19,528285.1477666288
20,528012.8663575269
21,528012.8663575269
22,523515.47203979985
23,520371.65635815787
24,518180.8115639476
25,518180.8115639476
26,515036.9958823056
27,515036.9958823056
28,514910.76797951304
29,514910.76797951304
30,513967.67107093905
31,513967.67107093905
32,513967.67107093905
33,513967.67107093905
34,513967.67107093905
