,0
0,848027.8863534223
1,827969.262088807
2,758223.6107377226
3,746738.3348199661
4,746738.3348199661
5,703590.1082158346
6,668429.5871034005
7,666964.1520441989
8,650564.4087852928
9,615342.6368795747
10,610165.4436819142
11,590694.2865889425
12,588565.3127126679
13,575106.7789830477
14,566528.0264563054
15,549110.661130927
16,549110.661130927
17,543315.9133652037
18,543315.9133652037
19,541618.1424020624
20,532447.6232618372
21,531504.5263532632
22,530497.172169516
23,530497.172169516
24,530435.2015418966
25,530368.5673473125
26,529147.85684428
27,529147.85684428
28,528356.145627372
29,528356.145627372
30,528356.145627372
31,528356.145627372
32,528356.145627372
