,0
0,952744.7507233681
1,854291.0088229367
2,806663.6387750648
3,806663.6387750648
4,767830.4800674221
5,649559.0696743635
6,649559.0696743635
7,622621.6344765115
8,622621.6344765115
9,620449.0492269576
10,601182.255572875
11,592860.7122433071
12,584652.2966386805
13,571065.4522542779
14,571065.4522542779
15,569733.7582482311
16,564854.4867052317
17,557074.1468987749
18,557074.1468987749
19,550274.1546472941
20,548492.7694778984
21,542493.446849186
22,542493.446849186
23,542493.446849186
24,541550.349940612
25,541550.349940612
26,538101.8832819078
27,538101.8832819078
28,538101.8832819078
29,537158.7863733338
30,537158.7863733338
31,537158.7863733338
32,537158.7863733338
33,537158.7863733338
