,0
0,672398.1278390886
1,672326.7742761837
2,666849.6012556547
3,639116.3418382334
4,623643.4467197101
5,606257.0411466553
6,580627.8386092356
7,561358.6030262393
8,561358.6030262393
9,545827.6873064318
10,545827.6873064318
11,531756.9082139818
12,531756.9082139818
13,524982.660384767
14,519643.0672038745
15,510242.9725465702
16,509512.23680527735
17,509112.06352177315
18,500522.7956258953
19,500522.7956258953
20,499570.4991625492
21,497189.60533416615
22,496237.30887082004
23,496237.30887082004
24,495476.72007817373
25,495476.72007817373
26,495476.72007817373
27,495476.72007817373
28,495476.72007817373
