,0
0,892329.0813742593
1,879527.4128142921
2,863361.8470042194
3,811971.5497962665
4,745405.0962867553
5,702201.1745020407
6,674141.0953231744
7,607423.9121665856
8,607423.9121665856
9,607423.9121665856
10,593409.4097540288
11,593409.4097540288
12,588475.9652718768
13,571821.0194120707
14,571174.7960783358
15,568264.0481825656
16,566657.8846691292
17,548287.3469581498
18,546624.5440858423
19,544089.8782920165
20,537218.1065659806
21,532559.9247430812
22,530263.8548563613
23,526829.1885578207
24,526829.1885578207
25,524391.0129556502
26,524190.0612559342
27,523459.8443548373
28,523422.5680989251
29,522132.696454793
30,520513.18007954047
31,520513.18007954047
32,520513.18007954047
33,519879.16561634425
34,519446.9792465793
35,518997.10215225234
36,518997.10215225234
37,518997.10215225234
38,518997.10215225234
39,518997.10215225234
