,0
0,941312.8713363011
1,877728.3893768282
2,856010.6648876724
3,838660.6411591978
4,780826.1242777702
5,774400.2971604189
6,745548.923888506
7,697662.0945877058
8,684699.4591036809
9,678666.4015428876
10,660927.0403963359
11,629900.3068290397
12,629900.3068290397
13,613687.4327985727
14,610773.8057593785
15,584233.2364006541
16,579359.8732734259
17,578188.1788453358
18,570592.2522665374
19,569793.3611190715
20,557885.7920942217
21,555780.5254863575
22,547165.4733459865
23,532175.5174759207
24,532175.5174759207
25,532175.5174759207
26,531998.3107697456
27,527240.7309311705
28,525711.6655653701
29,522944.91266611224
30,522944.91266611224
31,522944.91266611224
32,522059.52696429985
33,519521.92782924644
34,519521.92782924644
35,519521.92782924644
36,519521.92782924644
37,519521.92782924644
