,0
0,1095546.80044665
1,1095546.80044665
2,1006747.250970228
3,887538.1261660014
4,830110.2344179861
5,809118.0700147592
6,737903.7991744938
7,609915.5266514476
8,609915.5266514476
9,503392.9609312043
10,482910.29215326335
11,482910.29215326335
12,455195.55484608916
13,454395.1093980261
14,445251.7764015838
15,435524.9581340058
16,434122.0487391015
17,425563.81470732385
18,424240.06826996483
19,424240.06826996483
20,424240.06826996483
21,423535.8909040801
22,414639.8823573736
23,414639.8823573736
24,413521.97717315913
25,413521.97717315913
26,413287.42776623537
27,411491.8053131769
28,411491.8053131769
29,410712.9873661116
30,410564.69095091685
31,410564.69095091685
32,410564.69095091685
33,410564.69095091685
34,410564.69095091685
