,0
0,1183009.735735502
1,1182516.127020797
2,985608.2534468865
3,884741.430467176
4,855457.1774895932
5,673648.3877116179
6,673648.3877116179
7,593043.5381873014
8,544060.06738067
9,544060.06738067
10,544060.06738067
11,502280.08620117296
12,477793.6826006918
13,466167.5610192199
14,432888.6443294094
15,432888.6443294094
16,432888.6443294094
17,422481.68944549357
18,422125.0370596402
19,421537.0099345294
20,419228.8358937276
21,417698.16372489044
22,417465.1909905454
23,415157.60622229625
24,413006.34010591934
25,413006.34010591934
26,413006.34010591934
27,412858.0436907246
28,412858.0436907246
29,412858.0436907246
30,412858.0436907246
31,410712.9873661116
32,410712.9873661116
33,410712.9873661116
34,410712.9873661116
35,410712.9873661116
