,0
0,1228307.6393434806
1,1112695.1603200368
2,906175.62587414
3,803265.2205806813
4,803265.2205806813
5,745451.8445644416
6,720765.527797006
7,601578.7892045653
8,498950.70729642647
9,455034.7526782048
10,455034.7526782048
11,455034.7526782048
12,437268.1558644406
13,425417.5844311034
14,423124.23169129563
15,423124.23169129563
16,420999.1322026273
17,420302.3668349219
18,417625.18439446675
19,417154.28979072516
20,412508.6098191701
21,412508.6098191701
22,410564.69095091685
23,410564.69095091685
24,410564.69095091685
25,410564.69095091685
26,410564.69095091685
