,0
0,1213189.586821573
1,1131602.7116757205
2,1130790.0732526758
3,990277.4537732943
4,849205.6669243589
5,723986.0825308138
6,698535.2960520796
7,514206.059630622
8,514206.059630622
9,514206.059630622
10,482338.35159429105
11,482338.35159429105
12,482338.35159429105
13,480044.9988544833
14,450675.4353565333
15,436206.7604212124
16,423705.4857997233
17,423705.4857997233
18,423705.4857997233
19,421966.43226708676
20,417439.9765696292
21,415256.51456988795
22,415256.51456988795
23,413139.1313510406
24,412508.6098191701
25,412360.31340397533
26,412360.31340397533
27,412360.31340397533
28,411343.50889798213
29,411343.50889798213
30,410564.69095091685
31,410564.69095091685
32,410564.69095091685
33,410564.69095091685
34,410564.69095091685
