,0
0,1144846.8086780256
1,1093217.5487887
2,965109.5167344434
3,918825.791455976
4,771393.8793908394
5,771393.8793908394
6,763003.6079015753
7,727046.5044879069
8,601033.9433184667
9,601033.9433184667
10,555410.9657148004
11,530558.5757149389
12,505581.83173538087
13,458610.2332115101
14,441319.81610351603
15,429914.67176656483
16,429914.67176656483
17,429412.57096446276
18,424109.1162731888
19,424109.1162731888
20,423384.75520048407
21,417912.7294873129
22,417912.7294873129
23,416047.9845900362
24,413139.1313510406
25,412864.2534824885
26,412360.31340397533
27,411343.50889798213
28,410564.69095091685
29,410564.69095091685
30,410564.69095091685
31,410564.69095091685
32,410564.69095091685
