,0
0,704562.5351644265
1,682148.5079533781
2,604004.2074941541
3,604004.2074941541
4,586297.347399251
5,586297.347399251
6,563003.9248191493
7,563003.9248191493
8,545190.7711203065
9,538017.8083258427
10,537017.274463367
11,523124.30882136157
12,515799.80315284693
13,515799.80315284693
14,510974.0543006173
15,506399.85857843584
16,504476.6902124641
17,496326.88626547507
18,496326.88626547507
19,496326.88626547507
20,493404.17438106006
21,492459.3625418974
22,489058.8622152416
23,489058.8622152416
24,486400.94401594205
25,486400.94401594205
26,486400.94401594205
27,485394.7732946275
28,484514.455878578
29,482736.85509532795
30,482736.85509532795
31,480341.32665066863
32,480341.32665066863
33,480341.32665066863
34,480341.32665066863
35,480341.32665066863
