,0
0,874244.8920077133
1,865890.3562045512
2,799648.9746960097
3,799648.9746960097
4,730784.5506370629
5,705956.5395238549
6,685743.1852126335
7,673170.0689686049
8,635484.9563576368
9,625505.4328097622
10,618078.5516845065
11,606893.1226133103
12,559727.3391866497
13,559727.3391866497
14,559727.3391866497
15,549377.6183454257
16,547372.4356846513
17,538813.3023564526
18,532722.9474762015
19,531783.8827616529
20,526078.8311986106
21,524383.7656336994
22,523116.91516671143
23,522061.8069523563
24,521635.1275325304
25,521635.1275325304
26,521635.1275325304
27,521635.1275325304
28,521635.1275325304
