,0
0,527015.1619447201
1,519075.1386951097
2,453734.6591997635
3,378970.5676185603
4,378970.5676185603
5,378970.5676185603
6,343011.05651968776
7,303730.2250183765
8,300540.4635581833
9,283792.2524190967
10,262941.912187993
11,254850.99000167745
12,248065.27653608206
13,246428.9103217429
14,243016.51716538754
15,231530.95162203963
16,230727.08665097377
17,230727.08665097377
18,227522.59229679982
19,226018.0618272713
20,219431.67011048427
21,217927.13964095572
22,217927.13964095572
23,217927.13964095572
24,217927.13964095572
25,217927.13964095572
