,0
0,721769.174764978
1,693816.7452007484
2,693816.7452007484
3,608631.784796987
4,608631.784796987
5,592521.2319682144
6,580836.2757365535
7,564804.5766629516
8,552212.5645763115
9,542994.389901861
10,537702.8250209178
11,517672.37722298293
12,517672.37722298293
13,513374.71754264325
14,513374.71754264325
15,513238.5148374271
16,508220.4625416949
17,507747.21856834396
18,502614.9796802922
19,501689.96729464177
20,497442.26433113805
21,497442.26433113805
22,497442.26433113805
23,494341.76890805195
24,494341.76890805195
25,493781.85417134204
26,492779.66656480083
27,490893.1784274368
28,490893.1784274368
29,490329.4282053538
30,489282.3442167456
31,488497.6499827775
32,488497.6499827775
33,486886.8157720864
34,486886.8157720864
35,486886.8157720864
36,486886.8157720864
37,484106.50309902045
38,484106.50309902045
39,484106.50309902045
40,484106.50309902045
41,484106.50309902045
