,0
0,884940.9222499145
1,866970.5158305491
2,706795.5826678403
3,706795.5826678403
4,706795.5826678403
5,687365.5525061014
6,679650.8712273975
7,672023.8762049843
8,600873.7877095083
9,600873.7877095083
10,581891.0017099346
11,581891.0017099346
12,555887.3512586423
13,555887.3512586423
14,555089.9291363792
15,547807.4358714535
16,538142.823298845
17,538142.823298845
18,538142.823298845
19,535047.6514228327
20,533941.9571867103
21,526479.930133869
22,526479.930133869
23,522530.7881596811
24,519123.9084725216
25,519123.9084725216
26,515341.63218531
27,515341.63218531
28,515341.63218531
29,514272.30737394345
30,514272.30737394345
31,514272.30737394345
32,514272.30737394345
33,514272.30737394345
