,0
0,693716.9115358214
1,693716.9115358214
2,693716.9115358214
3,635166.4886334422
4,617133.3445868294
5,595783.1185806408
6,581239.339784428
7,573035.1778308725
8,547410.4928183843
9,544449.2365864848
10,528378.6320314191
11,528378.6320314191
12,528378.6320314191
13,517139.8448500597
14,505104.8970160944
15,502531.7187764684
16,499548.1099358287
17,499548.1099358287
18,497632.90745705186
19,493108.52216274705
20,486824.9006786891
21,486824.9006786891
22,486824.9006786891
23,485791.89485355606
24,484018.95981120225
25,483691.6280988393
26,482644.544110231
27,482644.544110231
28,482644.544110231
29,481218.2665163842
30,481218.2665163842
31,480458.22158158314
32,479083.805880612
33,479073.2687976641
34,479073.2687976641
35,476677.7403530048
36,476677.7403530048
37,476677.7403530048
38,476677.7403530048
39,476677.7403530048
