,0
0,549787.7237833455
1,522295.61352341395
2,513905.7187523203
3,455640.7680742053
4,436805.39288306644
5,402585.34911879286
6,376410.5529159949
7,357074.820227975
8,332475.3209825446
9,297950.75556109275
10,297057.3710452367
11,267178.72857624706
12,264120.896537715
13,243975.04471331876
14,237547.17217605075
15,234931.9385394937
16,228136.4947432754
17,228136.4947432754
18,215282.88466426087
19,215282.88466426087
20,215282.88466426087
21,213780.4483049865
22,213516.0264801086
23,209829.72118872136
24,209829.72118872136
25,209829.72118872136
26,208758.30372020515
27,208758.30372020515
28,208758.30372020515
29,208758.30372020515
30,208758.30372020515
