,0
0,1047972.6450067549
1,1047972.6450067549
2,1047972.6450067549
3,957072.1919169199
4,886753.3866001721
5,857589.9194893064
6,753767.8821778651
7,591027.7018916367
8,591027.7018916367
9,586502.4495998226
10,499684.49770578503
11,499684.49770578503
12,493167.9791409081
13,441449.75462129584
14,432500.1753513936
15,432252.08148099226
16,430787.4132004729
17,429099.0253844329
18,419708.45897425455
19,419708.45897425455
20,419708.45897425455
21,418781.3446119945
22,418781.3446119945
23,416687.56901066116
24,415404.8109850827
25,410712.9873661116
26,410712.9873661116
27,410712.9873661116
28,410564.69095091685
29,410564.69095091685
30,410564.69095091685
31,410564.69095091685
32,410564.69095091685
