,0
0,1151152.7673438666
1,1081681.8554054175
2,1021846.5765719479
3,986461.8766636223
4,869442.0088436852
5,656445.6442514237
6,656445.6442514237
7,656445.6442514237
8,600657.709572459
9,572048.8206995066
10,509993.850069512
11,482533.31268695294
12,451008.604196625
13,450749.821912523
14,447474.97940814716
15,435576.7877810397
16,433062.06332188303
17,428913.289543632
18,428913.289543632
19,427660.6393904403
20,424405.19006805215
21,420442.64101343916
22,417101.5250905495
23,416939.44488894526
24,415305.902637491
25,413012.54989768326
26,412864.2534824885
27,412864.2534824885
28,412864.2534824885
29,412864.2534824885
30,412864.2534824885
