,0
0,836046.071419617
1,805781.6429270578
2,702803.933710483
3,664259.6217974983
4,664259.6217974983
5,641188.8741652336
6,641188.8741652336
7,641188.8741652336
8,618918.7544397732
9,604125.8512742697
10,588123.7585342047
11,579893.6748806785
12,571266.4256442101
13,555116.6434714466
14,540775.2894639898
15,540775.2894639898
16,539670.4380769607
17,528349.8410316093
18,526165.6607250383
19,524050.67327745236
20,524050.67327745236
21,522052.79452846746
22,522052.79452846746
23,520405.74322665023
24,520405.74322665023
25,519187.59896715987
26,517179.632565546
27,517179.632565546
28,517179.632565546
29,517179.632565546
30,516195.3366143026
31,515894.4306475164
32,515894.4306475164
33,515666.35584475525
34,515386.9518987524
35,515386.9518987524
36,515386.9518987524
37,515202.8145298831
38,515202.8145298831
39,515202.8145298831
40,515202.8145298831
41,515202.8145298831
