,0
0,528429.3371025369
1,496329.6733389344
2,475931.33534164255
3,423780.76825508935
4,403722.7119708754
5,395204.2586445527
6,351981.9741737075
7,335202.16740205913
8,281129.05052125023
9,256862.92952102763
10,256862.92952102763
11,256862.92952102763
12,256862.92952102763
13,245635.52729059514
14,235031.19669274546
15,229866.8334361431
16,225822.13567847063
17,217748.58253670207
18,216244.05206717353
19,213797.8554204369
20,213797.8554204369
21,213797.8554204369
22,213797.8554204369
23,213797.8554204369
