,0
0,1123865.7649731233
1,1123865.7649731233
2,1024305.532044086
3,858080.2086694088
4,679245.4967316443
5,655695.2322148331
6,655695.2322148331
7,614184.0702945101
8,523272.6056058744
9,491240.4654395538
10,478438.68761524936
11,427983.54293643724
12,427983.54293643724
13,427983.54293643724
14,424708.8619191941
15,424193.2248519543
16,424193.2248519543
17,417732.04662242
18,417732.04662242
19,417732.04662242
20,415586.99029780703
21,413643.0714295538
22,412864.2534824885
23,412864.2534824885
24,412864.2534824885
25,412864.2534824885
26,410564.69095091685
27,410564.69095091685
28,410564.69095091685
29,410564.69095091685
30,410564.69095091685
