,0
0,906579.4359650598
1,833310.6558081862
2,833310.6558081862
3,723988.0447163986
4,704643.8929616334
5,704643.8929616334
6,639165.7903630624
7,623643.4297791461
8,623643.4297791461
9,610809.7996369314
10,568838.3633463345
11,568838.3633463345
12,566878.4276232695
13,549128.6230322329
14,544730.6444808851
15,544730.6444808851
16,542676.8639245947
17,539475.0975013034
18,532125.127138307
19,530503.2215643227
20,526473.7825152108
21,519711.4581578184
22,519265.738712142
23,519075.82106387
24,519075.82106387
25,517444.2422368984
26,517444.2422368984
27,516783.02834160684
28,515654.7638106885
29,514753.6311901491
30,514753.6311901491
31,514452.72522336285
32,514268.5878544936
33,513611.53796104796
34,513132.8450582711
35,513132.8450582711
36,513132.8450582711
37,512769.3114959626
38,512621.114322006
39,512366.6879622615
40,512366.6879622615
41,512366.6879622615
42,512366.6879622615
43,511916.8108679346
44,511916.8108679346
45,511916.8108679346
46,511916.8108679346
47,511916.8108679346
