,0
0,517824.38135557336
1,517824.38135557336
2,494054.50220539456
3,456719.2089101785
4,428956.08731501317
5,379571.8220981439
6,343913.1944557416
7,333230.421303084
8,333230.421303084
9,307325.183082442
10,288950.96834267874
11,274593.70877657697
12,259951.44431488562
13,247615.31149085934
14,246511.5859088772
15,239333.04617757013
16,223077.6268466619
17,223077.6268466619
18,219976.68937645172
19,215878.11841355712
20,212706.9367262161
21,212706.9367262161
22,212706.9367262161
23,208758.30372020515
24,208758.30372020515
25,208758.30372020515
26,208758.30372020515
27,208758.30372020515
