,0
0,838533.0437479916
1,838533.0437479916
2,820513.6365909162
3,772856.1419369273
4,690498.3159208038
5,689578.5593938895
6,639342.451648585
7,612521.4237062375
8,607770.0580324683
9,607154.3029016369
10,592478.9908403589
11,590959.4133795178
12,572188.9845619065
13,561443.5658271335
14,559055.7282698012
15,559055.7282698012
16,552082.1040422515
17,546839.9072456418
18,546839.9072456418
19,544347.5152078187
20,539498.6801438153
21,537637.4936145623
22,536886.9588232542
23,535342.2069241432
24,529952.9258640963
25,528525.8717709094
26,528525.8717709094
27,528068.2853183629
28,524087.41098217474
29,523186.27836163534
30,520807.1187141343
31,519902.4880589773
32,519902.4880589773
33,519601.5820921911
34,519601.5820921911
35,519261.3627485616
36,519188.7041489773
37,519188.7041489773
38,518938.7518205448
39,518938.7518205448
40,518710.01124620036
41,518710.01124620036
42,517573.6618050369
43,517389.52443616756
44,517389.52443616756
45,517389.52443616756
46,517389.52443616756
47,517389.52443616756
