,0
0,710186.603974512
1,710186.603974512
2,661164.9212780115
3,645281.507337803
4,634484.4932497534
5,584259.1469255169
6,584259.1469255169
7,548336.4686384783
8,548336.4686384783
9,548336.4686384783
10,544033.4822078554
11,528905.5754850341
12,517162.2738434328
13,513716.6853130484
14,507260.9451220794
15,506431.88795149635
16,498123.1799698192
17,498123.1799698192
18,492499.5856152771
19,484248.57465127134
20,484248.57465127134
21,484248.57465127134
22,484248.57465127134
23,484248.57465127134
24,483766.0408530141
25,482688.87337573647
26,481350.5890386962
27,479191.5510276812
28,479191.5510276812
29,479191.5510276812
30,479191.5510276812
31,478365.3391270337
32,477817.13532670995
33,477817.13532670995
34,477817.13532670995
35,477817.13532670995
36,477817.13532670995
