,0
0,918401.9247220124
1,852206.3189236787
2,825753.9403447226
3,741041.8573249512
4,708113.3389997213
5,705661.75262716
6,616260.7201218483
7,602987.323813191
8,602987.323813191
9,602987.323813191
10,596198.6677477199
11,589619.089258807
12,583536.7960117593
13,538726.1182353157
14,538726.1182353157
15,538726.1182353157
16,538726.1182353157
17,538726.1182353157
18,532224.0970828402
19,532224.0970828402
20,529474.3217185163
21,525881.3115111366
22,523794.38587834075
23,521396.2093686154
24,521050.91705386905
25,521050.91705386905
26,520630.0522726058
27,519579.9491089355
28,518804.2498075113
29,518804.2498075113
30,518804.2498075113
31,518804.2498075113
32,518804.2498075113
