,0
0,540992.3541382614
1,462531.6533539086
2,462531.6533539086
3,417001.5191767808
4,376323.21039826627
5,369793.0035734172
6,343059.95228371036
7,326439.59557080024
8,303463.362054641
9,301709.13241466816
10,261097.4619308169
11,261097.4619308169
12,245990.0751228103
13,232276.8219328175
14,232276.8219328175
15,232276.8219328175
16,228142.9209272683
17,221845.05938934247
18,217132.7865057899
19,216825.0089148153
20,213928.29215161593
21,212856.8746830997
22,212856.8746830997
23,212856.8746830997
24,209829.72118872136
25,209829.72118872136
26,209829.72118872136
27,208758.30372020515
28,208758.30372020515
29,208758.30372020515
30,208758.30372020515
31,208758.30372020515
