,0
0,937551.4521610528
1,937551.4521610528
2,829898.8930828949
3,827877.3836739152
4,772181.2418524473
5,729393.5233002857
6,676053.2011063963
7,660232.5590744296
8,645339.1208490382
9,645339.1208490382
10,597280.6746624716
11,593404.552320667
12,593404.552320667
13,570310.2097932097
14,565948.2736942199
15,563996.2745864848
16,544408.3935078656
17,532238.6573348317
18,532238.6573348317
19,531142.5270347411
20,528633.6824375539
21,526096.0833025005
22,523540.4386050879
23,523540.4386050879
24,523113.7591852621
25,522471.11379372136
26,522038.72346854047
27,522038.72346854047
28,522038.72346854047
29,522038.72346854047
30,522038.72346854047
