,0
0,1146333.7444947693
1,1146333.7444947693
2,982710.6535924565
3,887211.9003634024
4,863697.3114440601
5,742424.7288278381
6,668995.6956422144
7,594879.9801605729
8,576220.717872791
9,563899.7596563164
10,485962.5986193107
11,466203.77515478554
12,426018.95354717085
13,426018.95354717085
14,423454.0895863381
15,423454.0895863381
16,423454.0895863381
17,418630.44722683745
18,418630.44722683745
19,418061.02590250765
20,415404.8109850827
21,411491.8053131769
22,411491.8053131769
23,410564.69095091685
24,410564.69095091685
25,410564.69095091685
26,410564.69095091685
27,410564.69095091685
