,0
0,510864.4376405821
1,510864.4376405821
2,510864.4376405821
3,466351.00144123705
4,435856.1793704832
5,417144.92128405254
6,367750.50823211536
7,343186.9840654292
8,308930.73866430676
9,279123.98794809985
10,264858.36239971034
11,259541.82634996157
12,259541.82634996157
13,252223.03053001428
14,244793.4910235863
15,237182.93112024732
16,232709.00835026728
17,229915.8975260606
18,220413.56138121657
19,220413.56138121657
20,220413.56138121657
21,216405.20205597676
22,216405.20205597676
23,216405.20205597676
24,216405.20205597676
25,216405.20205597676
