,0
0,913299.9742056645
1,899530.194426309
2,812649.1087131078
3,680593.0728313716
4,680593.0728313716
5,678564.0174746441
6,648554.6603611028
7,603891.6125360973
8,595703.7254256026
9,575095.470464668
10,575095.470464668
11,575095.470464668
12,548862.3823592435
13,548862.3823592435
14,546402.4359759606
15,543306.380266034
16,538909.3352224714
17,534517.7716551932
18,530375.3190165327
19,530375.3190165327
20,530037.1821851718
21,524410.9562508329
22,523619.98887991306
23,523355.1447499604
24,520091.97194638365
25,519453.51134081406
26,518510.4144322401
27,518510.4144322401
28,517461.8804250606
29,516518.78351648664
30,516518.78351648664
31,515453.6434910912
32,513971.8558569102
33,513971.8558569102
34,513971.8558569102
35,513971.8558569102
36,513971.8558569102
