,0
0,1013444.4772741952
1,884753.0320081484
2,794949.5230791323
3,794949.5230791323
4,698194.1491396195
5,605434.2485990582
6,605434.2485990582
7,517140.1227431617
8,509847.8922999232
9,476688.15036914026
10,476688.15036914026
11,424239.6243554844
12,424239.6243554844
13,424239.6243554844
14,418165.8688973513
15,415761.463370936
16,415761.463370936
17,415761.463370936
18,415761.463370936
19,413965.84091787756
20,412858.0436907246
21,412508.6098191701
22,410712.9873661116
23,410564.69095091685
24,410564.69095091685
25,410564.69095091685
26,410564.69095091685
27,410564.69095091685
