,0
0,778978.1145453377
1,718451.5088799286
2,718451.5088799286
3,631400.8729204996
4,631400.8729204996
5,614010.9587079658
6,593656.2902379674
7,593656.2902379674
8,593656.2902379674
9,583377.1845593095
10,571337.3485003987
11,564390.6759476658
12,561228.4948405212
13,540780.3419081754
14,536013.173780552
15,532388.7316315959
16,531374.5882695701
17,524653.6414303519
18,520342.24804934475
19,513211.49921713216
20,512095.0729181142
21,501012.4718791631
22,500936.9019489766
23,500165.61843224114
24,499141.22026453045
25,497312.2435171747
26,496820.83123948233
27,494155.3025133656
28,494155.3025133656
29,494155.3025133656
30,494155.3025133656
31,491545.3935448983
32,491007.9517700406
33,491007.9517700406
34,491007.9517700406
35,491007.9517700406
36,491007.9517700406
