,0
0,709415.1427103817
1,674101.3066615498
2,674101.3066615498
3,638667.1454373985
4,638667.1454373985
5,620430.0519232018
6,600112.2329354045
7,590680.1537557497
8,576730.2474454106
9,552883.887701305
10,552883.887701305
11,543825.1472683554
12,527870.5041683081
13,527870.5041683081
14,515313.15946706716
15,515313.15946706716
16,507404.9508743493
17,507179.5410926968
18,504064.7677318102
19,504064.7677318102
20,504043.34266778245
21,501398.0206832099
22,499269.93373195094
23,498948.0922342516
24,497573.67653328035
25,495930.88017561345
26,495930.88017561345
27,495774.6506860025
28,494163.8164753113
29,494153.27939236327
30,494153.27939236327
31,494153.27939236327
32,494153.27939236327
33,494153.27939236327
