,0
0,574832.3640258306
1,561469.2673637359
2,509250.13182556664
3,449441.1927962978
4,405988.5424708436
5,405988.5424708436
6,382137.8945735781
7,340713.2234690334
8,319291.5985158007
9,319291.5985158007
10,288712.1126504723
11,266067.0848661378
12,259806.08657708773
13,242657.7166587463
14,242657.7166587463
15,220401.60134284315
16,219389.91388383674
17,219389.91388383674
18,215421.7796521212
19,212706.9367262161
20,212275.91783545795
21,208758.30372020515
22,208758.30372020515
23,208758.30372020515
24,208758.30372020515
25,208758.30372020515
