,0
0,952807.3278535559
1,943453.3325758084
2,900850.2365642576
3,778504.7717123613
4,767365.0494009267
5,767365.0494009267
6,652963.865554846
7,652963.865554846
8,643228.3337975988
9,622992.0207170281
10,610388.8123512653
11,603198.010721358
12,579973.2096518457
13,575409.7304158859
14,555754.7984857524
15,555754.7984857524
16,548798.5880453582
17,548798.5880453582
18,538429.7819408603
19,533759.6096714173
20,526058.374769216
21,526058.374769216
22,525564.310787725
23,525353.5639202921
24,522618.5794263537
25,518928.35350061953
26,518928.35350061953
27,518556.4864913624
28,516017.0972632133
29,516017.0972632133
30,516017.0972632133
31,515056.64641425735
32,515056.64641425735
33,515056.64641425735
34,515056.64641425735
35,515056.64641425735
