,0
0,1211425.5940265474
1,1017480.6132147673
2,975830.6766573994
3,888580.0907708713
4,802743.1371550706
5,647077.8121449227
6,630743.1097732496
7,625468.6532080846
8,506995.1692241636
9,465846.67994432594
10,434527.6829344654
11,430636.5800412878
12,426518.16780801676
13,426518.16780801676
14,417038.0116047506
15,417038.0116047506
16,416259.1936576853
17,416259.1936576853
18,415613.16695574124
19,413817.54450268275
20,413817.54450268275
21,413817.54450268275
22,413817.54450268275
23,413817.54450268275
