,0
0,1281709.0974256282
1,1116669.5521293227
2,1052786.0373286768
3,931255.1514493467
4,899557.9968341464
5,753060.709869607
6,753060.709869607
7,680722.0447454507
8,569315.4334097567
9,561968.3144605467
10,542859.066610054
11,484406.29694249574
12,468415.42872330523
13,440515.4796552095
14,440515.4796552095
15,431286.4885440472
16,430051.1991673436
17,424630.32821510494
18,424630.32821510494
19,423419.50478159916
20,423419.50478159916
21,420808.91550201445
22,419217.17096882436
23,416056.0068267137
24,415446.71611928975
25,415446.71611928975
26,413748.42205846455
27,411343.50889798213
28,411343.50889798213
29,410712.9873661116
30,410564.69095091685
31,410564.69095091685
32,410564.69095091685
33,410564.69095091685
34,410564.69095091685
