,0
0,961501.5715676697
1,885734.9521534885
2,863661.2280384905
3,728827.4111732531
4,710699.5762208168
5,681848.3993425639
6,653908.6467275448
7,653908.6467275448
8,627001.281535752
9,627001.281535752
10,613330.2575929774
11,579107.6636326684
12,576186.4509383077
13,561182.4968605388
14,558826.7364973427
15,544443.449986793
16,541170.414019262
17,536669.9943219721
18,536669.9943219721
19,531580.5292363922
20,526679.7394049631
21,521787.5005222012
22,521787.5005222012
23,519148.87503780966
24,519148.87503780966
25,517670.24338507804
26,517670.24338507804
27,517670.24338507804
28,517670.24338507804
29,517670.24338507804
