,0
0,700795.9248143678
1,667338.7389418415
2,667338.7389418415
3,611550.2993203165
4,611550.2993203165
5,606743.6406893262
6,602878.6112346199
7,580804.9602086879
8,562137.8511843956
9,562137.8511843956
10,547659.7646591937
11,547659.7646591937
12,541946.3582440553
13,528258.1770707775
14,519799.9788800699
15,510031.78382843966
16,510031.78382843966
17,510031.78382843966
18,506428.91901933646
19,504783.68161361525
20,499226.88259449595
21,495562.2963377747
22,495562.2963377747
23,494381.46221219515
24,490561.52380757045
25,490561.52380757045
26,488076.21784143255
27,487651.1271823236
28,487651.1271823236
29,486890.5383896773
30,486890.5383896773
31,486890.5383896773
32,486890.5383896773
33,486890.5383896773
