,0
0,656368.7211138528
1,656368.7211138528
2,652467.3335370992
3,646082.7112289652
4,626526.2756575729
5,596598.1069220172
6,582864.8717422178
7,561471.3520933646
8,561471.3520933646
9,561471.3520933646
10,541445.0766356259
11,541445.0766356259
12,537213.5854228901
13,537213.5854228901
14,524684.062350398
15,524684.062350398
16,516441.2457345032
17,516441.2457345032
18,506953.7432840464
19,504519.9042036505
20,503580.1545145966
21,502013.1759016269
22,497696.7037829984
23,493137.4151579304
24,492830.4347769027
25,492314.4180660728
26,490809.84063353663
27,490809.84063353663
28,490809.84063353663
29,490809.84063353663
30,490809.84063353663
