,0
0,925440.3160591602
1,854816.2686438932
2,829785.267629466
3,784022.6656119641
4,747739.0245348437
5,673124.312433384
6,613902.3580650494
7,593752.0075683637
8,579772.4125692722
9,579772.4125692722
10,579631.5085682406
11,558417.8783201174
12,558417.8783201174
13,555290.7438472868
14,546110.5871629878
15,531711.7658468535
16,531711.7658468535
17,527489.3807241714
18,526844.3100021979
19,525931.5836659962
20,525282.1951679036
21,524791.3715528453
22,524228.47216502426
23,523278.1777001454
24,523278.1777001454
25,523278.1777001454
26,523278.1777001454
27,523278.1777001454
