,0
0,913448.913882335
1,913448.913882335
2,801444.9773359463
3,755535.7788415881
4,726960.8100685665
5,707756.7310646976
6,681963.5491599126
7,652424.3797856795
8,629861.6259924348
9,595668.9760198313
10,595668.9760198313
11,594646.1330956396
12,572688.6184882728
13,572512.6809012254
14,572512.6809012254
15,565931.6161619447
16,556996.5938113899
17,546546.6789547665
18,542324.3078946314
19,542324.3078946314
20,537914.7068250696
21,532768.2726616688
22,532768.2726616688
23,529761.5734418072
24,529761.5734418072
25,528686.5377250856
26,528686.5377250856
27,528686.5377250856
28,528686.5377250856
29,528686.5377250856
