,0
0,718987.215263415
1,718987.215263415
2,718987.215263415
3,695724.6071264355
4,634432.5339468846
5,612592.612987358
6,606790.3978098147
7,585000.5744880284
8,575736.2327887367
9,561564.6174118135
10,559139.7764497861
11,550123.332144554
12,550123.332144554
13,527333.982027941
14,519520.3844878626
15,513075.7568512457
16,513075.7568512457
17,513075.7568512457
18,509969.4823167814
19,506182.6500450115
20,499685.00074750674
21,499685.00074750674
22,499685.00074750674
23,499685.00074750674
24,497783.9222957864
25,491942.67713334656
26,491942.67713334656
27,491942.67713334656
28,491942.67713334656
29,491942.67713334656
