,0
0,616570.2391206904
1,567538.379920474
2,476219.75816655444
3,472022.6182762993
4,417643.73692708765
5,411885.04186546383
6,355740.81709008134
7,331369.8603808569
8,331369.8603808569
9,304766.76020015276
10,251440.5970818305
11,238989.12696965013
12,238989.12696965013
13,231411.58899919587
14,231411.58899919587
15,217806.21474567673
16,217806.21474567673
17,217806.21474567673
18,217182.22078117504
19,213949.13948112092
20,208758.30372020515
21,208758.30372020515
22,208758.30372020515
23,208758.30372020515
24,208758.30372020515
