,0
0,1003449.8058870487
1,843679.7558215549
2,843679.7558215549
3,804627.6013192647
4,797630.3380121341
5,728851.9005636071
6,681325.7076081806
7,669513.1074791171
8,646617.7582830683
9,635241.0910025976
10,604622.0272681294
11,585364.1392127069
12,585364.1392127069
13,585364.1392127069
14,562913.4384674709
15,560228.8400062423
16,543194.5115252166
17,543194.5115252166
18,543161.6616206754
19,541345.6385418024
20,537485.9736303234
21,537485.9736303234
22,532970.5745346827
23,529464.051378499
24,528531.2117556791
25,524225.94560304045
26,523004.90386093024
27,523004.90386093024
28,523004.90386093024
29,523004.90386093024
30,523004.90386093024
