,0
0,944494.7520666015
1,874958.739333723
2,815284.624229403
3,785490.7531310546
4,785490.7531310546
5,679517.3616853348
6,667479.4132119941
7,634385.840969686
8,634119.0295057719
9,619012.4216179588
10,588245.1678478838
11,587819.4413431685
12,574616.6351444232
13,571450.1401133555
14,555808.1515890454
15,555808.1515890454
16,552799.4590160216
17,533010.7220356553
18,533010.7220356553
19,533010.7220356553
20,533010.7220356553
21,533010.7220356553
22,528668.0159435695
23,528668.0159435695
24,528668.0159435695
25,528668.0159435695
26,528668.0159435695
