,0
0,506533.5801203849
1,506533.5801203849
2,492380.6553335302
3,448568.4474487425
4,409771.0095754275
5,388307.6062104423
6,373496.9580469268
7,330611.8206537502
8,324200.9469299468
9,288652.93052536243
10,283579.40713705163
11,273082.45811136527
12,269504.9270811834
13,256360.65272008794
14,236344.17390227361
15,236344.17390227361
16,231678.2646640819
17,231678.2646640819
18,226729.6878158707
19,223671.92894061268
20,218547.10533766367
21,218547.10533766367
22,216865.23400833952
23,213838.08051396118
24,212766.66304544496
25,212766.66304544496
26,212766.66304544496
27,212766.66304544496
28,212766.66304544496
